Hour,P_PV_to_Load,P_PV_to_BESS,P_PV_curtailment,P_PV_to_Grid,P_BESS_to_Load,P_BESS_to_Grid,P_Grid_to_Load,P_Grid_to_BESS,SoC,sum_power_flows
0,0.0,0.0,0.0,0.0,0.0,0.0,1020.0,0.0,60000.0,1020.0
1,0.0,0.0,0.0,0.0,0.0,0.0,1008.0,0.0,60000.0,1008.0
2,0.0,0.0,0.0,0.0,0.0,0.0,1086.0,0.0,60000.0,1086.0
3,0.0,0.0,0.0,0.0,0.0,0.0,1128.0,0.0,60000.0,1128.0
4,0.0,0.0,0.0,0.0,0.0,0.0,1032.0,0.0,60000.0,1032.0
5,0.0,0.0,0.0,0.0,0.0,0.0,1014.0,0.0,60000.0,1014.0
6,0.0,0.0,0.0,0.0,1154.63917525773,0.0,1.02365035119649e-14,0.0,58677.3892608732,1154.63917525773
7,0.0,0.0,0.0,0.0,1195.87628865979,0.0,3.8958838446241e-14,0.0,57307.5424239204,1195.87628865979
8,0.0,0.0,0.0,0.0,1264.60481099656,0.0,-4.55020824379265e-14,0.0,55858.9687572576,1264.60481099656
9,0.0,0.0,0.0,0.0,1209.62199312715,0.0,-1.7632789462980802e-14,0.0,54473.3765543629,1209.62199312715
10,32.83077,0.0,0.0,0.0,1166.27050756014,0.0,-7.47798177592049e-15,0.0,53137.4424105368,1199.10127756014
11,0.0,0.0,0.0,0.0,1202.74914089347,0.0,-8.85855848393407e-14,0.0,51759.722890613,1202.74914089347
12,45.44043,0.0,0.0,0.0,1207.24259209622,0.0,-1.7208588472495401e-15,0.0,50376.8562329999,1252.6830220962202
13,76.89507,0.0,0.0,0.0,1186.03869656357,0.0,-4.92796226997364e-14,0.0,49018.2781155159,1262.93376656357
14,25.04922,0.0,0.0,0.0,2.60450945524894e-13,0.0,1073.7022566,0.0,49018.2781155159,1098.7514766000004
15,0.0,0.0,0.0,0.0,1292.09621993127,0.0,3.98118804055714e-14,0.0,47538.2137169692,1292.09621993127
16,0.0,0.0,0.0,0.0,1367.69759450172,0.0,2.6303754897763802e-14,0.0,45971.5498057416,1367.69759450172
17,0.0,0.0,0.0,0.0,1268.44987010311,0.0,50.6432633999832,0.0,44518.5717185673,1319.0931335030932
18,0.0,0.0,0.0,0.0,1567.01030927835,0.0,9.89626341927845e-14,0.0,42723.6000011809,1567.01030927835
19,0.0,0.0,0.0,0.0,1656.35738831615,0.0,2.8862880775755e-14,0.0,40826.2834051716,1656.35738831615
20,0.0,0.0,0.0,0.0,0.0,0.0,1446.0,0.0,40826.2834051716,1446.0
21,0.0,0.0,0.0,0.0,0.0,0.0,1464.0,0.0,40826.2834051716,1464.0
22,0.0,0.0,0.0,0.0,0.0,0.0,1524.0,0.0,40826.2834051716,1524.0
23,0.0,0.0,0.0,0.0,0.0,0.0,1488.0,0.0,40826.2834051716,1488.0
24,0.0,0.0,0.0,0.0,0.0,0.0,1536.0,0.0,40826.2834051716,1536.0
25,0.0,0.0,0.0,0.0,0.0,0.0,1548.0,0.0,40826.2834051716,1548.0
26,0.0,0.0,0.0,0.0,0.0,0.0,1518.0,0.0,40826.2834051716,1518.0
27,0.0,0.0,0.0,0.0,0.0,0.0,1584.0,0.0,40826.2834051716,1584.0
28,0.0,0.0,0.0,0.0,0.0,0.0,1578.0,0.0,40826.2834051716,1578.0
29,0.0,0.0,0.0,0.0,1800.68728522337,0.0,-6.910616561622021e-14,0.0,38763.6404667714,1800.68728522337
30,0.0,0.0,0.0,0.0,1938.14432989691,0.0,-3.9530788722613704e-14,0.0,36543.5438689513,1938.14432989691
31,0.0,0.0,0.0,0.0,2068.72852233677,0.0,-8.090820720536699e-14,0.0,34173.8662946824,2068.72852233677
32,0.0,0.0,0.0,0.0,2027.49140893471,0.0,8.88666765222984e-14,0.0,31851.4248182394,2027.49140893471
33,45.73233,0.0,0.0,0.0,1976.67770893471,0.0,4.4438546547338e-14,0.0,29587.1891837209,2022.41003893471
34,125.78433,0.0,0.0,0.0,1860.23963333333,0.0,-8.67355260799248e-14,0.0,27456.3304971993,1986.02396333333
35,456.1788,0.0,0.0,0.0,1465.64325773196,0.0,1.03342103900629e-14,0.0,25777.4722409198,1921.82205773196
36,331.4199,0.0,0.0,0.0,1618.00996219931,0.0,-4.69206718594973e-14,0.0,23924.0816771177,1949.4298621993096
37,70.71267,0.0,0.0,0.0,1852.7018443299,0.0,5.39953892163856e-14,0.0,21801.857342261,1923.4145143299
38,73.14048,0.0,0.0,0.0,1918.7328,0.0,-5.5026680456649e-14,0.0,19603.9961738761,1991.87328
39,0.0,0.0,0.0,0.0,1972.50859106529,0.0,-8.17612491646974e-14,0.0,17344.5361612011,1972.50859106529
40,0.0,0.0,0.0,0.0,2048.10996563574,0.0,1.0322784398943599e-13,0.0,14998.4766358451,2048.10996563574
41,0.0,0.0,0.0,0.0,2048.10996563574,0.0,1.0322784398943599e-13,0.0,12652.4171104892,2048.10996563574
42,0.0,0.0,0.0,0.0,1951.89003436426,0.0,-9.612241663183551e-14,0.0,10416.5751467271,1951.89003436426
43,0.0,0.0,0.0,0.0,1896.90721649485,0.0,-6.82531236568898e-14,0.0,8243.71464673303,1896.90721649485
44,0.0,0.0,0.0,0.0,1958.76288659794,0.0,-2.5169621255475602e-14,0.0,6000.0,1958.76288659794
45,0.0,0.0,0.0,0.0,0.0,0.0,1674.0,0.0,6000.0,1674.0
46,0.0,0.0,0.0,0.0,0.0,0.0,1626.0,0.0,6000.0,1626.0
47,0.0,0.0,0.0,0.0,0.0,0.0,1620.0,0.0,6000.0,1620.0
48,0.0,0.0,0.0,0.0,0.0,0.0,1590.0,0.0,12000.0,1590.0
49,0.0,0.0,0.0,0.0,0.0,0.0,1578.0,0.0,12000.0,1578.0
50,0.0,0.0,0.0,0.0,0.0,0.0,1578.0,0.0,12000.0,1578.0
51,0.0,0.0,0.0,0.0,0.0,0.0,1596.0,0.0,12000.0,1596.0
52,0.0,0.0,0.0,0.0,0.0,0.0,1578.0,0.0,12000.0,1578.0
53,0.0,0.0,0.0,0.0,0.0,0.0,1602.0,0.0,12000.0,1602.0
54,0.0,0.0,0.0,0.0,0.0,0.0,1542.0,0.0,12000.0,1542.0
55,0.0,0.0,0.0,0.0,0.0,0.0,1644.0,0.0,12000.0,1644.0
56,0.0,0.0,0.0,0.0,0.0,0.0,1842.0,0.0,12000.0,1842.0
57,6.968241,0.0,0.0,0.0,0.0,0.0,1787.24080623,0.0,12000.0,1794.20904723
58,159.29991,0.0,0.0,0.0,0.0,0.0,1639.4790873,0.0,12000.0,1798.7789973
59,497.4144,0.0,0.0,0.0,0.0,0.0,1377.508032,0.0,12000.0,1874.922432
60,412.9587,0.0,0.0,0.0,0.0,0.0,1429.430061,0.0,12000.0,1842.388761
61,92.71311,0.0,0.0,0.0,0.0,0.0,1740.0682833,0.0,12000.0,1832.7813933
62,41.56593,0.0,0.0,0.0,0.0,0.0,1849.6810479,0.0,12000.0,1891.2469779
63,0.0,0.0,0.0,0.0,0.0,0.0,1830.0,0.0,12000.0,1830.0
64,0.0,0.0,0.0,0.0,0.0,0.0,1878.0,0.0,12000.0,1878.0
65,0.0,0.0,0.0,0.0,0.0,0.0,1878.0,0.0,12000.0,1878.0
66,0.0,0.0,0.0,0.0,0.0,0.0,1944.0,0.0,12000.0,1944.0
67,0.0,0.0,0.0,0.0,0.0,0.0,1878.0,0.0,12000.0,1878.0
68,0.0,0.0,0.0,0.0,0.0,0.0,1992.0,0.0,12000.0,1992.0
69,0.0,0.0,0.0,0.0,0.0,0.0,2034.0,0.0,12000.0,2034.0
70,0.0,0.0,0.0,0.0,0.0,0.0,2016.0,0.0,12000.0,2016.0
71,0.0,0.0,0.0,0.0,0.0,0.0,2058.0,0.0,12000.0,2058.0
72,0.0,0.0,0.0,0.0,0.0,0.0,2040.0,0.0,12000.0,2040.0
73,0.0,0.0,0.0,0.0,0.0,0.0,2016.0,0.0,12000.0,2016.0
74,0.0,0.0,0.0,0.0,0.0,0.0,2064.0,0.0,12000.0,2064.0
75,0.0,0.0,0.0,0.0,0.0,0.0,2046.0,0.0,12000.0,2046.0
76,0.0,0.0,0.0,0.0,0.0,0.0,2112.0,0.0,12000.0,2112.0
77,0.0,0.0,0.0,0.0,0.0,0.0,1986.0,0.0,12000.0,1986.0
78,0.0,0.0,0.0,0.0,0.0,0.0,2166.0,0.0,12000.0,2166.0
79,0.0,0.0,0.0,0.0,0.0,0.0,2160.0,0.0,12000.0,2160.0
80,0.0,0.0,0.0,0.0,0.0,0.0,2136.0,0.0,12000.0,2136.0
81,15.130836,0.0,0.0,0.0,0.0,0.0,2283.32308908,0.0,12000.0,2298.45392508
82,94.80177,0.0,0.0,0.0,0.0,0.0,2080.0422831,0.0,12000.0,2174.8440531
83,40.74735,0.0,0.0,0.0,0.0,0.0,2018.4750705,0.0,12000.0,2059.2224205
84,74.59032,0.0,0.0,0.0,0.0,0.0,2087.6473896,0.0,12000.0,2162.2377096
85,62.14824,0.0,0.0,0.0,0.0,0.0,2159.7162072,0.0,12000.0,2221.8644472
86,263.0565,0.0,0.0,0.0,0.0,0.0,2012.835195,0.0,12000.0,2275.8916950000003
87,0.0,0.0,0.0,0.0,76.4879725085919,0.0,2285.226,0.0,11912.3849112158,2361.713972508592
88,0.0,0.0,0.0,0.0,0.0,0.0,2322.0,0.0,11912.3849112158,2322.0
89,0.0,0.0,0.0,0.0,2618.55670103093,0.0,3.73933003690591e-14,0.0,8912.89269926745,2618.55670103093
90,0.0,0.0,0.0,0.0,2542.95532646048,0.0,5.09014258768667e-14,0.0,6000.0,2542.95532646048
91,0.0,0.0,0.0,0.0,0.0,0.0,2394.0,0.0,6000.0,2394.0
92,0.0,0.0,0.0,0.0,0.0,0.0,2358.0,0.0,6000.0,2358.0
93,0.0,0.0,0.0,0.0,0.0,0.0,2274.0,0.0,6000.0,2274.0
94,0.0,0.0,0.0,0.0,0.0,0.0,2322.0,0.0,6000.0,2322.0
95,0.0,0.0,0.0,0.0,0.0,0.0,2436.0,0.0,6000.0,2436.0
96,0.0,0.0,0.0,0.0,0.0,0.0,2508.0,0.0,12000.0,2508.0
97,0.0,0.0,0.0,0.0,0.0,0.0,2400.0,0.0,12000.0,2400.0
98,0.0,0.0,0.0,0.0,0.0,0.0,2406.0,0.0,12000.0,2406.0
99,0.0,0.0,0.0,0.0,0.0,0.0,2364.0,0.0,12000.0,2364.0
100,0.0,0.0,0.0,0.0,0.0,0.0,2412.0,0.0,12000.0,2412.0
101,0.0,0.0,0.0,0.0,0.0,0.0,2268.0,0.0,12000.0,2268.0
102,0.0,0.0,0.0,0.0,0.0,0.0,2442.0,0.0,12000.0,2442.0
103,0.0,0.0,0.0,0.0,0.0,0.0,2586.0,0.0,12000.0,2586.0
104,0.0,0.0,0.0,0.0,0.0,0.0,2526.0,0.0,12000.0,2526.0
105,198.95631,0.0,0.0,0.0,2545.93030927835,0.0,128.4152193,0.0,9083.69953118173,2873.30183857835
106,366.828,0.0,0.0,0.0,2692.06969072165,0.0,-1.42556065279959e-13,0.0,6000.0,3058.89769072165
107,579.2892,0.0,0.0,0.0,0.0,0.0,2120.089476,0.0,6000.0,2699.3786760000003
108,827.6856,0.0,0.0,0.0,0.0,0.0,1879.144968,0.0,6000.0,2706.8305680000003
109,2100.336,0.0,0.0,0.0,0.0,0.0,578.67408,0.0,6000.0,2679.01008
110,223.8054,0.0,0.0,0.0,0.0,0.0,2434.908762,0.0,6000.0,2658.714162
111,0.0,0.0,0.0,0.0,0.0,0.0,2766.0,0.0,6000.0,2766.0
112,0.0,0.0,0.0,0.0,0.0,0.0,2502.0,0.0,6000.0,2502.0
113,0.0,0.0,0.0,0.0,0.0,0.0,2568.0,0.0,6000.0,2568.0
114,0.0,0.0,0.0,0.0,0.0,0.0,2562.0,0.0,6000.0,2562.0
115,0.0,0.0,0.0,0.0,0.0,0.0,2532.0,0.0,6000.0,2532.0
116,0.0,0.0,0.0,0.0,0.0,0.0,2598.0,0.0,6000.0,2598.0
117,0.0,0.0,0.0,0.0,0.0,0.0,2532.0,0.0,6000.0,2532.0
118,0.0,0.0,0.0,0.0,0.0,0.0,2442.0,0.0,6000.0,2442.0
119,0.0,0.0,0.0,0.0,0.0,0.0,2418.0,0.0,6000.0,2418.0
120,0.0,0.0,0.0,0.0,0.0,0.0,2388.0,0.0,6000.0,2388.0
121,0.0,0.0,0.0,0.0,0.0,0.0,2238.0,0.0,6000.0,2238.0
122,0.0,0.0,0.0,0.0,0.0,0.0,2346.0,0.0,6000.0,2346.0
123,0.0,0.0,0.0,0.0,0.0,0.0,2316.0,0.0,6000.0,2316.0
124,0.0,0.0,0.0,0.0,0.0,0.0,2262.0,0.0,6000.0,2262.0
125,0.0,0.0,0.0,0.0,0.0,0.0,2088.0,0.0,6000.0,2088.0
126,0.0,0.0,0.0,0.0,0.0,0.0,2094.0,0.0,6000.0,2094.0
127,0.0,0.0,0.0,0.0,0.0,0.0,1992.0,0.0,6000.0,1992.0
128,0.0,0.0,0.0,0.0,0.0,0.0,2076.0,0.0,6000.0,2076.0
129,119.52213,0.0,0.0,0.0,0.0,0.0,1846.0635339,0.0,6000.0,1965.5856639
130,931.1043,0.0,0.0,0.0,0.0,0.0,1076.828829,0.0,6000.0,2007.933129
131,877.9701,0.0,0.0,0.0,0.0,0.0,1194.369003,0.0,6000.0,2072.3391030000003
132,911.7969,0.0,0.0,0.0,0.0,0.0,1119.557007,0.0,6000.0,2031.353907
133,552.8502,0.0,0.0,0.0,0.0,0.0,1479.735306,0.0,6000.0,2032.585506
134,461.8257,0.0,0.0,0.0,0.0,0.0,1580.029071,0.0,6000.0,2041.854771
135,0.0,0.0,0.0,0.0,0.0,0.0,1944.0,0.0,6000.0,1944.0
136,0.0,0.0,0.0,0.0,0.0,0.0,1890.0,0.0,6000.0,1890.0
137,0.0,0.0,0.0,0.0,0.0,0.0,1884.0,0.0,6000.0,1884.0
138,0.0,0.0,0.0,0.0,0.0,0.0,1938.0,0.0,6000.0,1938.0
139,0.0,0.0,0.0,0.0,0.0,0.0,1920.0,0.0,6000.0,1920.0
140,0.0,0.0,0.0,0.0,0.0,0.0,1836.0,0.0,6000.0,1836.0
141,0.0,0.0,0.0,0.0,0.0,0.0,1980.0,0.0,6000.0,1980.0
142,0.0,0.0,0.0,0.0,0.0,0.0,2010.0,0.0,6000.0,2010.0
143,0.0,0.0,0.0,0.0,0.0,0.0,2310.0,0.0,6000.0,2310.0
144,0.0,0.0,0.0,0.0,0.0,0.0,2310.0,0.0,12000.0,2310.0
145,0.0,0.0,0.0,0.0,0.0,0.0,2238.0,0.0,12000.0,2238.0
146,0.0,0.0,0.0,0.0,0.0,0.0,2352.0,0.0,12000.0,2352.0
147,0.0,0.0,0.0,0.0,0.0,0.0,2382.0,0.0,12000.0,2382.0
148,0.0,0.0,0.0,0.0,0.0,0.0,2358.0,0.0,12000.0,2358.0
149,0.0,0.0,0.0,0.0,0.0,0.0,2364.0,0.0,12000.0,2364.0
150,0.0,0.0,0.0,0.0,0.0,0.0,2424.0,0.0,12000.0,2424.0
151,0.0,0.0,0.0,0.0,0.0,0.0,2622.0,0.0,12000.0,2622.0
152,0.0,0.0,0.0,0.0,0.0,0.0,2676.0,0.0,12000.0,2676.0
153,10.807692,0.0,0.0,0.0,0.0,0.0,2683.51653876,0.0,12000.0,2694.32423076
154,266.9352,0.0,0.0,0.0,0.0,0.0,2543.072856,0.0,12000.0,2810.008056
155,75.53406,0.0,0.0,0.0,0.0,0.0,2602.7319618,0.0,12000.0,2678.2660218
156,75.45489,0.0,0.0,0.0,0.0,0.0,2452.8087567,0.0,12000.0,2528.2636467
157,62.9538,0.0,0.0,0.0,0.0,0.0,2458.934814,0.0,12000.0,2521.8886140000004
158,57.77562,0.0,0.0,0.0,0.0,0.0,2553.9576486,0.0,12000.0,2611.7332686
159,0.0,0.0,0.0,0.0,0.0,0.0,2676.0,0.0,12000.0,2676.0
160,0.0,0.0,0.0,0.0,0.0,0.0,2574.0,0.0,12000.0,2574.0
161,0.0,0.0,0.0,0.0,0.0,0.0,2676.0,0.0,12000.0,2676.0
162,0.0,0.0,0.0,0.0,0.0,0.0,2532.0,0.0,12000.0,2532.0
163,0.0,0.0,0.0,0.0,0.0,0.0,2598.0,0.0,12000.0,2598.0
164,0.0,0.0,0.0,0.0,0.0,0.0,2544.0,0.0,12000.0,2544.0
165,0.0,0.0,0.0,0.0,0.0,0.0,2562.0,0.0,12000.0,2562.0
166,0.0,0.0,0.0,0.0,0.0,0.0,2502.0,0.0,12000.0,2502.0
167,0.0,0.0,0.0,0.0,2893.47079037801,0.0,9.654405415627211e-14,0.0,8685.60046921191,2893.47079037801
168,0.0,0.0,0.0,0.0,2344.52920962199,0.0,473.225999999999,0.0,6000.0,2817.755209621989
169,0.0,0.0,0.0,0.0,0.0,0.0,2436.0,0.0,6000.0,2436.0
170,0.0,0.0,0.0,0.0,0.0,0.0,2550.0,0.0,6000.0,2550.0
171,0.0,0.0,0.0,0.0,0.0,0.0,2454.0,0.0,6000.0,2454.0
172,0.0,0.0,0.0,0.0,0.0,0.0,2466.0,0.0,6000.0,2466.0
173,0.0,0.0,0.0,0.0,0.0,0.0,2328.0,0.0,6000.0,2328.0
174,0.0,0.0,0.0,0.0,0.0,0.0,2478.0,0.0,6000.0,2478.0
175,0.0,0.0,0.0,0.0,0.0,0.0,2550.0,0.0,6000.0,2550.0
176,0.0,0.0,0.0,0.0,0.0,0.0,2580.0,0.0,6000.0,2580.0
177,11.17599,0.0,0.0,0.0,0.0,0.0,2515.1592897,0.0,6000.0,2526.3352797
178,29.30739,0.0,0.0,0.0,0.0,0.0,2497.5718317,0.0,6000.0,2526.8792217
179,41.12661,0.0,0.0,0.0,0.0,0.0,2498.1071883,0.0,6000.0,2539.2337983
180,29.72067,0.0,0.0,0.0,0.0,0.0,2587.1709501,0.0,6000.0,2616.8916201
181,28.86891,0.0,0.0,0.0,0.0,0.0,2629.9971573,0.0,6000.0,2658.8660673
182,21.03885,0.0,0.0,0.0,0.0,0.0,2541.5923155,0.0,6000.0,2562.6311655
183,0.0,0.0,0.0,0.0,0.0,0.0,2586.0,0.0,6000.0,2586.0
184,0.0,0.0,0.0,0.0,0.0,0.0,2616.0,0.0,6000.0,2616.0
185,0.0,0.0,0.0,0.0,0.0,0.0,2460.0,0.0,6000.0,2460.0
186,0.0,0.0,0.0,0.0,0.0,0.0,2346.0,0.0,6000.0,2346.0
187,0.0,0.0,0.0,0.0,0.0,0.0,2328.0,0.0,6000.0,2328.0
188,0.0,0.0,0.0,0.0,0.0,0.0,2316.0,0.0,6000.0,2316.0
189,0.0,0.0,0.0,0.0,0.0,0.0,2346.0,0.0,6000.0,2346.0
190,0.0,0.0,0.0,0.0,0.0,0.0,2316.0,0.0,6000.0,2316.0
191,0.0,0.0,0.0,0.0,0.0,0.0,2124.0,0.0,6000.0,2124.0
192,0.0,0.0,0.0,0.0,0.0,0.0,2238.0,0.0,12000.0,2238.0
193,0.0,0.0,0.0,0.0,0.0,0.0,2232.0,0.0,12000.0,2232.0
194,0.0,0.0,0.0,0.0,0.0,0.0,2286.0,0.0,12000.0,2286.0
195,0.0,0.0,0.0,0.0,0.0,0.0,2196.0,0.0,12000.0,2196.0
196,0.0,0.0,0.0,0.0,0.0,0.0,2064.0,0.0,12000.0,2064.0
197,0.0,0.0,0.0,0.0,0.0,0.0,1944.0,0.0,12000.0,1944.0
198,0.0,0.0,0.0,0.0,0.0,0.0,2196.0,0.0,12000.0,2196.0
199,0.0,0.0,0.0,0.0,0.0,0.0,2274.0,0.0,12000.0,2274.0
200,0.0,0.0,0.0,0.0,0.0,0.0,2328.0,0.0,12000.0,2328.0
201,19.403097,0.0,0.0,0.0,0.0,0.0,2309.17899591,0.0,12000.0,2328.58209291
202,127.68945,0.0,0.0,0.0,2524.7895,0.0,1.23628733028625e-13,0.0,9107.91580756014,2652.47895
203,62.21502,0.0,0.0,0.0,0.0,0.0,2285.6514306,0.0,9107.91580756014,2347.8664506
204,62.16735,0.0,0.0,0.0,40.0845298969077,0.0,2262.7038759,0.0,9061.99996575383,2364.955755796908
205,49.85673,0.0,0.0,0.0,2673.12597010309,0.0,1.7026604073505602e-14,0.0,6000.0,2722.98270010309
206,69.70194,0.0,0.0,0.0,0.0,0.0,2386.3891182,0.0,6000.0,2456.0910582
207,0.0,0.0,0.0,0.0,0.0,0.0,2496.0,0.0,6000.0,2496.0
208,0.0,0.0,0.0,0.0,0.0,0.0,2454.0,0.0,6000.0,2454.0
209,0.0,0.0,0.0,0.0,0.0,0.0,2364.0,0.0,6000.0,2364.0
210,0.0,0.0,0.0,0.0,0.0,0.0,2250.0,0.0,6000.0,2250.0
211,0.0,0.0,0.0,0.0,0.0,0.0,2304.0,0.0,6000.0,2304.0
212,0.0,0.0,0.0,0.0,0.0,0.0,2274.0,0.0,6000.0,2274.0
213,0.0,0.0,0.0,0.0,0.0,0.0,2274.0,0.0,6000.0,2274.0
214,0.0,0.0,0.0,0.0,0.0,0.0,2220.0,0.0,6000.0,2220.0
215,0.0,0.0,0.0,0.0,0.0,0.0,2178.0,0.0,6000.0,2178.0
216,0.0,0.0,0.0,0.0,0.0,0.0,2268.0,0.0,6000.0,2268.0
217,0.0,0.0,0.0,0.0,0.0,0.0,2208.0,0.0,6000.0,2208.0
218,0.0,0.0,0.0,0.0,0.0,0.0,2136.0,0.0,6000.0,2136.0
219,0.0,0.0,0.0,0.0,0.0,0.0,2166.0,0.0,6000.0,2166.0
220,0.0,0.0,0.0,0.0,0.0,0.0,2118.0,0.0,6000.0,2118.0
221,0.0,0.0,0.0,0.0,0.0,0.0,2052.0,0.0,6000.0,2052.0
222,0.0,0.0,0.0,0.0,0.0,0.0,2022.0,0.0,6000.0,2022.0
223,0.0,0.0,0.0,0.0,0.0,0.0,2052.0,0.0,6000.0,2052.0
224,0.0,0.0,0.0,0.0,0.0,0.0,2244.0,0.0,6000.0,2244.0
225,11.165175,0.0,0.0,0.0,0.0,0.0,2269.16978025,0.0,6000.0,2280.33495525
226,39.43002,0.0,0.0,0.0,0.0,0.0,2253.7528806,0.0,6000.0,2293.1829006
227,62.71146,0.0,0.0,0.0,0.0,0.0,2297.1698838,0.0,6000.0,2359.8813438
228,62.67429,0.0,0.0,0.0,0.0,0.0,2363.2059387,0.0,6000.0,2425.8802287
229,50.54133,0.0,0.0,0.0,0.0,0.0,2386.9749099,0.0,6000.0,2437.5162399
230,22.45992,0.0,0.0,0.0,0.0,0.0,2450.2138776,0.0,6000.0,2472.6737976
231,0.0,0.0,0.0,0.0,0.0,0.0,2412.0,0.0,6000.0,2412.0
232,0.0,0.0,0.0,0.0,0.0,0.0,2478.0,0.0,6000.0,2478.0
233,0.0,0.0,0.0,0.0,0.0,0.0,2448.0,0.0,6000.0,2448.0
234,0.0,0.0,0.0,0.0,0.0,0.0,2514.0,0.0,6000.0,2514.0
235,0.0,0.0,0.0,0.0,0.0,0.0,2448.0,0.0,6000.0,2448.0
236,0.0,0.0,0.0,0.0,0.0,0.0,2466.0,0.0,6000.0,2466.0
237,0.0,0.0,0.0,0.0,0.0,0.0,2472.0,0.0,6000.0,2472.0
238,0.0,0.0,0.0,0.0,0.0,0.0,2394.0,0.0,6000.0,2394.0
239,0.0,0.0,0.0,0.0,0.0,0.0,2454.0,0.0,6000.0,2454.0
240,0.0,0.0,0.0,0.0,0.0,0.0,2472.0,0.0,12000.0,2472.0
241,0.0,0.0,0.0,0.0,0.0,0.0,2496.0,0.0,12000.0,2496.0
242,0.0,0.0,0.0,0.0,0.0,0.0,2496.0,0.0,12000.0,2496.0
243,0.0,0.0,0.0,0.0,0.0,0.0,2442.0,0.0,12000.0,2442.0
244,0.0,0.0,0.0,0.0,0.0,0.0,2508.0,0.0,12000.0,2508.0
245,0.0,0.0,0.0,0.0,0.0,0.0,2442.0,0.0,12000.0,2442.0
246,0.0,0.0,0.0,0.0,0.0,0.0,2568.0,0.0,12000.0,2568.0
247,0.0,0.0,0.0,0.0,0.0,0.0,2664.0,0.0,12000.0,2664.0
248,0.0,0.0,0.0,0.0,0.0,0.0,2670.0,0.0,12000.0,2670.0
249,109.29723,0.0,0.0,0.0,0.0,0.0,2545.9816869,0.0,12000.0,2655.2789169
250,28.455,0.0,0.0,0.0,0.0,0.0,2624.39865,0.0,12000.0,2652.85365
251,40.24776,0.0,0.0,0.0,0.0,0.0,2432.9596728,0.0,12000.0,2473.2074328000003
252,40.27464,0.0,0.0,0.0,0.0,0.0,2390.9335992,0.0,12000.0,2431.2082392
253,28.3647,0.0,0.0,0.0,0.0,0.0,2402.486241,0.0,12000.0,2430.850941
254,23.3226,0.0,0.0,0.0,0.0,0.0,2437.377078,0.0,12000.0,2460.699678
255,0.0,0.0,0.0,0.0,0.0,0.0,2610.0,0.0,12000.0,2610.0
256,0.0,0.0,0.0,0.0,0.0,0.0,2460.0,0.0,12000.0,2460.0
257,0.0,0.0,0.0,0.0,0.0,0.0,2502.0,0.0,12000.0,2502.0
258,0.0,0.0,0.0,0.0,0.0,0.0,2550.0,0.0,12000.0,2550.0
259,0.0,0.0,0.0,0.0,0.0,0.0,2574.0,0.0,12000.0,2574.0
260,0.0,0.0,0.0,0.0,0.0,0.0,2508.0,0.0,12000.0,2508.0
261,0.0,0.0,0.0,0.0,0.0,0.0,2550.0,0.0,12000.0,2550.0
262,0.0,0.0,0.0,0.0,0.0,0.0,2418.0,0.0,12000.0,2418.0
263,0.0,0.0,0.0,0.0,0.0,0.0,2478.0,0.0,12000.0,2478.0
264,0.0,0.0,0.0,0.0,0.0,0.0,2604.0,0.0,12000.0,2604.0
265,0.0,0.0,0.0,0.0,0.0,0.0,2448.0,0.0,12000.0,2448.0
266,0.0,0.0,0.0,0.0,0.0,0.0,2538.0,0.0,12000.0,2538.0
267,0.0,0.0,0.0,0.0,0.0,0.0,2532.0,0.0,12000.0,2532.0
268,0.0,0.0,0.0,0.0,0.0,0.0,2526.0,0.0,12000.0,2526.0
269,0.0,0.0,0.0,0.0,0.0,0.0,2412.0,0.0,12000.0,2412.0
270,0.0,0.0,0.0,0.0,0.0,0.0,2244.0,0.0,12000.0,2244.0
271,0.0,0.0,0.0,0.0,0.0,0.0,2274.0,0.0,12000.0,2274.0
272,0.0,0.0,0.0,0.0,0.0,0.0,2244.0,0.0,12000.0,2244.0
273,120.4875,0.0,0.0,0.0,0.0,0.0,2127.127125,0.0,12000.0,2247.614625
274,366.7272,0.0,0.0,0.0,0.0,0.0,1906.274616,0.0,12000.0,2273.001816
275,747.9822,0.0,0.0,0.0,0.0,0.0,1548.457266,0.0,12000.0,2296.439466
276,453.1611,0.0,0.0,0.0,0.0,0.0,1864.433733,0.0,12000.0,2317.594833
277,60.83511,0.0,0.0,0.0,0.0,0.0,2202.9899433,0.0,12000.0,2263.8250533
278,231.1533,0.0,0.0,0.0,0.0,0.0,2181.781299,0.0,12000.0,2412.934599
279,0.0,0.0,0.0,0.0,0.0,0.0,2616.0,0.0,12000.0,2616.0
280,0.0,0.0,0.0,0.0,0.0,0.0,2496.0,0.0,12000.0,2496.0
281,0.0,0.0,0.0,0.0,0.0,0.0,2508.0,0.0,12000.0,2508.0
282,0.0,0.0,0.0,0.0,2934.70790378007,0.0,1.25266389090548e-13,0.0,8638.36437138595,2934.70790378007
283,0.0,0.0,0.0,0.0,2303.29209621993,0.0,485.225999999999,0.0,6000.0,2788.518096219929
284,0.0,0.0,0.0,0.0,0.0,0.0,2556.0,0.0,6000.0,2556.0
285,0.0,0.0,0.0,0.0,0.0,0.0,2544.0,0.0,6000.0,2544.0
286,0.0,0.0,0.0,0.0,0.0,0.0,2460.0,0.0,6000.0,2460.0
287,0.0,0.0,0.0,0.0,0.0,0.0,2496.0,0.0,6000.0,2496.0
288,0.0,0.0,0.0,0.0,0.0,0.0,2442.0,0.0,12000.0,2442.0
289,0.0,0.0,0.0,0.0,0.0,0.0,2400.0,0.0,12000.0,2400.0
290,0.0,0.0,0.0,0.0,0.0,0.0,2508.0,0.0,12000.0,2508.0
291,0.0,0.0,0.0,0.0,0.0,0.0,2466.0,0.0,12000.0,2466.0
292,0.0,0.0,0.0,0.0,0.0,0.0,2508.0,0.0,12000.0,2508.0
293,0.0,0.0,0.0,0.0,0.0,0.0,2472.0,0.0,12000.0,2472.0
294,0.0,0.0,0.0,0.0,0.0,0.0,2568.0,0.0,12000.0,2568.0
295,0.0,0.0,0.0,0.0,0.0,0.0,2562.0,0.0,12000.0,2562.0
296,0.0,0.0,0.0,0.0,0.0,0.0,2676.0,0.0,12000.0,2676.0
297,13.074789,0.0,0.0,0.0,0.0,0.0,2675.31745467,0.0,12000.0,2688.39224367
298,28.55706,0.0,0.0,0.0,0.0,0.0,2606.2996518,0.0,12000.0,2634.8567118
299,792.5631,0.0,0.0,0.0,0.0,0.0,1859.213793,0.0,12000.0,2651.776893
300,1233.4413,0.0,0.0,0.0,0.0,0.0,1455.561939,0.0,12000.0,2689.003239
301,1036.6713,0.0,0.0,0.0,0.0,0.0,1502.428839,0.0,12000.0,2539.100139
302,97.73694,0.0,0.0,0.0,0.0,0.0,2329.1951682,0.0,12000.0,2426.9321082
303,0.0,0.0,0.0,0.0,0.0,0.0,2574.0,0.0,12000.0,2574.0
304,0.0,0.0,0.0,0.0,0.0,0.0,2496.0,0.0,12000.0,2496.0
305,0.0,0.0,0.0,0.0,0.0,0.0,2490.0,0.0,12000.0,2490.0
306,0.0,0.0,0.0,0.0,0.0,0.0,2472.0,0.0,12000.0,2472.0
307,0.0,0.0,0.0,0.0,0.0,0.0,2436.0,0.0,12000.0,2436.0
308,0.0,0.0,0.0,0.0,0.0,0.0,2574.0,0.0,12000.0,2574.0
309,0.0,0.0,0.0,0.0,0.0,0.0,2556.0,0.0,12000.0,2556.0
310,0.0,0.0,0.0,0.0,0.0,0.0,2526.0,0.0,12000.0,2526.0
311,0.0,0.0,0.0,0.0,0.0,0.0,2622.0,0.0,12000.0,2622.0
312,0.0,0.0,0.0,0.0,0.0,0.0,2628.0,0.0,12000.0,2628.0
313,0.0,0.0,0.0,0.0,0.0,0.0,2436.0,0.0,12000.0,2436.0
314,0.0,0.0,0.0,0.0,0.0,0.0,2304.0,0.0,12000.0,2304.0
315,0.0,0.0,0.0,0.0,0.0,0.0,2250.0,0.0,12000.0,2250.0
316,0.0,0.0,0.0,0.0,0.0,0.0,2346.0,0.0,12000.0,2346.0
317,0.0,0.0,0.0,0.0,0.0,0.0,2412.0,0.0,12000.0,2412.0
318,0.0,0.0,0.0,0.0,0.0,0.0,2562.0,0.0,12000.0,2562.0
319,0.0,0.0,0.0,0.0,0.0,0.0,2628.0,0.0,12000.0,2628.0
320,0.0,0.0,0.0,0.0,0.0,0.0,2550.0,0.0,12000.0,2550.0
321,34.57461,0.0,0.0,0.0,0.0,0.0,2474.4626283,0.0,12000.0,2509.0372383
322,51.4437,0.0,0.0,0.0,2925.65820274914,0.0,1.3389051325907e-13,0.0,8648.73058104337,2977.10190274914
323,639.849,0.0,0.0,0.0,2312.34179725086,0.0,12.6720809999999,0.0,6000.0,2964.86287825086
324,338.4129,0.0,0.0,0.0,0.0,0.0,2251.739487,0.0,6000.0,2590.152387
325,643.2489,0.0,0.0,0.0,0.0,0.0,1944.048567,0.0,6000.0,2587.2974670000003
326,790.6584,0.0,0.0,0.0,0.0,0.0,1783.061352,0.0,6000.0,2573.719752
327,0.0,0.0,0.0,0.0,0.0,0.0,2640.0,0.0,6000.0,2640.0
328,0.0,0.0,0.0,0.0,0.0,0.0,2574.0,0.0,6000.0,2574.0
329,0.0,0.0,0.0,0.0,0.0,0.0,2580.0,0.0,6000.0,2580.0
330,0.0,0.0,0.0,0.0,0.0,0.0,2532.0,0.0,6000.0,2532.0
331,0.0,0.0,0.0,0.0,0.0,0.0,2586.0,0.0,6000.0,2586.0
332,0.0,0.0,0.0,0.0,0.0,0.0,2634.0,0.0,6000.0,2634.0
333,0.0,0.0,0.0,0.0,0.0,0.0,2598.0,0.0,6000.0,2598.0
334,0.0,0.0,0.0,0.0,0.0,0.0,2448.0,0.0,6000.0,2448.0
335,0.0,0.0,0.0,0.0,0.0,0.0,2538.0,0.0,6000.0,2538.0
336,0.0,0.0,0.0,0.0,0.0,0.0,2616.0,0.0,12000.0,2616.0
337,0.0,0.0,0.0,0.0,0.0,0.0,2580.0,0.0,12000.0,2580.0
338,0.0,0.0,0.0,0.0,0.0,0.0,2664.0,0.0,12000.0,2664.0
339,0.0,0.0,0.0,0.0,0.0,0.0,2616.0,0.0,12000.0,2616.0
340,0.0,0.0,0.0,0.0,0.0,0.0,2568.0,0.0,12000.0,2568.0
341,0.0,0.0,0.0,0.0,0.0,0.0,2436.0,0.0,12000.0,2436.0
342,0.0,0.0,0.0,0.0,0.0,0.0,2346.0,0.0,12000.0,2346.0
343,0.0,0.0,0.0,0.0,0.0,0.0,2376.0,0.0,12000.0,2376.0
344,0.0,0.0,0.0,0.0,0.0,0.0,2400.0,0.0,12000.0,2400.0
345,36.34743,0.0,0.0,0.0,0.0,0.0,2310.7429929,0.0,12000.0,2347.0904229
346,30.35634,0.0,0.0,0.0,0.0,0.0,2382.5543502,0.0,12000.0,2412.9106902
347,1600.2903,0.0,0.0,0.0,0.0,0.0,793.718409,0.0,12000.0,2394.008709
348,1306.8342,0.0,0.0,0.0,0.0,0.0,994.370826,0.0,12000.0,2301.205026
349,848.5701,0.0,0.0,0.0,0.0,0.0,1414.887003,0.0,12000.0,2263.457103
350,742.4508,0.0,0.0,0.0,0.0,0.0,1457.822724,0.0,12000.0,2200.273524
351,0.0,0.0,0.0,0.0,0.0,0.0,2250.0,0.0,12000.0,2250.0
352,0.0,0.0,0.0,0.0,0.0,0.0,2226.0,0.0,12000.0,2226.0
353,0.0,0.0,0.0,0.0,0.0,0.0,2172.0,0.0,12000.0,2172.0
354,0.0,0.0,0.0,0.0,0.0,0.0,2274.0,0.0,12000.0,2274.0
355,0.0,0.0,0.0,0.0,0.0,0.0,2286.0,0.0,12000.0,2286.0
356,0.0,0.0,0.0,0.0,0.0,0.0,2238.0,0.0,12000.0,2238.0
357,0.0,0.0,0.0,0.0,0.0,0.0,2154.0,0.0,12000.0,2154.0
358,0.0,0.0,0.0,0.0,0.0,0.0,2268.0,0.0,12000.0,2268.0
359,0.0,0.0,0.0,0.0,0.0,0.0,2232.0,0.0,12000.0,2232.0
360,0.0,0.0,0.0,0.0,0.0,0.0,2202.0,0.0,12000.0,2202.0
361,0.0,0.0,0.0,0.0,0.0,0.0,2202.0,0.0,12000.0,2202.0
362,0.0,0.0,0.0,0.0,0.0,0.0,2262.0,0.0,12000.0,2262.0
363,0.0,0.0,0.0,0.0,0.0,0.0,2244.0,0.0,12000.0,2244.0
364,0.0,0.0,0.0,0.0,0.0,0.0,2190.0,0.0,12000.0,2190.0
365,0.0,0.0,0.0,0.0,0.0,0.0,2160.0,0.0,12000.0,2160.0
366,0.0,0.0,0.0,0.0,0.0,0.0,2358.0,0.0,12000.0,2358.0
367,0.0,0.0,0.0,0.0,0.0,0.0,2364.0,0.0,12000.0,2364.0
368,0.0,0.0,0.0,0.0,0.0,0.0,2250.0,0.0,12000.0,2250.0
369,163.31175,0.0,0.0,0.0,0.0,0.0,2169.5876025,0.0,12000.0,2332.8993525
370,166.12197,0.0,0.0,0.0,0.0,0.0,2118.8616891,0.0,12000.0,2284.9836591000003
371,1401.9558,0.0,0.0,0.0,0.0,0.0,932.102874,0.0,12000.0,2334.058674
372,796.824,0.0,0.0,0.0,0.0,0.0,1525.08072,0.0,12000.0,2321.90472
373,86.40135,0.0,0.0,0.0,0.0,0.0,2172.1906905,0.0,12000.0,2258.5920405
374,522.7131,0.0,0.0,0.0,0.0,0.0,1574.968293,0.0,12000.0,2097.681393
375,0.0,0.0,0.0,0.0,0.0,0.0,2148.0,0.0,12000.0,2148.0
376,0.0,0.0,0.0,0.0,0.0,0.0,2250.0,0.0,12000.0,2250.0
377,0.0,0.0,0.0,0.0,0.0,0.0,2430.0,0.0,12000.0,2430.0
378,0.0,0.0,0.0,0.0,2632.30240549828,0.0,1.79298891121779e-13,0.0,8984.76242210964,2632.30240549828
379,0.0,0.0,0.0,0.0,2605.69759450172,0.0,23.2259999999994,0.0,6000.0,2628.923594501719
380,0.0,0.0,0.0,0.0,0.0,0.0,2262.0,0.0,6000.0,2262.0
381,0.0,0.0,0.0,0.0,0.0,0.0,2388.0,0.0,6000.0,2388.0
382,0.0,0.0,0.0,0.0,0.0,0.0,2388.0,0.0,6000.0,2388.0
383,0.0,0.0,0.0,0.0,0.0,0.0,2334.0,0.0,6000.0,2334.0
384,0.0,0.0,0.0,0.0,0.0,0.0,2436.0,0.0,12000.0,2436.0
385,0.0,0.0,0.0,0.0,0.0,0.0,2436.0,0.0,12000.0,2436.0
386,0.0,0.0,0.0,0.0,0.0,0.0,2310.0,0.0,12000.0,2310.0
387,0.0,0.0,0.0,0.0,0.0,0.0,2352.0,0.0,12000.0,2352.0
388,0.0,0.0,0.0,0.0,0.0,0.0,2304.0,0.0,12000.0,2304.0
389,0.0,0.0,0.0,0.0,0.0,0.0,2292.0,0.0,12000.0,2292.0
390,0.0,0.0,0.0,0.0,0.0,0.0,2280.0,0.0,12000.0,2280.0
391,0.0,0.0,0.0,0.0,0.0,0.0,2340.0,0.0,12000.0,2340.0
392,0.0,0.0,0.0,0.0,0.0,0.0,2358.0,0.0,12000.0,2358.0
393,174.99174,0.0,0.0,0.0,0.0,0.0,2224.2580122,0.0,12000.0,2399.2497522
394,481.6602,0.0,0.0,0.0,0.0,0.0,1926.789606,0.0,12000.0,2408.449806
395,42.19656,0.0,0.0,0.0,0.0,0.0,2281.0693368,0.0,12000.0,2323.2658968
396,213.6162,0.0,0.0,0.0,0.0,0.0,2090.792286,0.0,12000.0,2304.408486
397,422.9631,0.0,0.0,0.0,0.0,0.0,1953.725793,0.0,12000.0,2376.688893
398,223.8285,0.0,0.0,0.0,0.0,0.0,2140.886355,0.0,12000.0,2364.714855
399,0.0,0.0,0.0,0.0,0.0,0.0,2310.0,0.0,12000.0,2310.0
400,0.0,0.0,0.0,0.0,0.0,0.0,2400.0,0.0,12000.0,2400.0
401,0.0,0.0,0.0,0.0,0.0,0.0,2448.0,0.0,12000.0,2448.0
402,0.0,0.0,0.0,0.0,0.0,0.0,2490.0,0.0,12000.0,2490.0
403,0.0,0.0,0.0,0.0,0.0,0.0,2496.0,0.0,12000.0,2496.0
404,0.0,0.0,0.0,0.0,0.0,0.0,2544.0,0.0,12000.0,2544.0
405,0.0,0.0,0.0,0.0,0.0,0.0,2622.0,0.0,12000.0,2622.0
406,0.0,0.0,0.0,0.0,0.0,0.0,2496.0,0.0,12000.0,2496.0
407,0.0,0.0,0.0,0.0,0.0,0.0,2562.0,0.0,12000.0,2562.0
408,0.0,0.0,0.0,0.0,0.0,0.0,2442.0,0.0,12000.0,2442.0
409,0.0,0.0,0.0,0.0,0.0,0.0,2538.0,0.0,12000.0,2538.0
410,0.0,0.0,0.0,0.0,0.0,0.0,2520.0,0.0,12000.0,2520.0
411,0.0,0.0,0.0,0.0,0.0,0.0,2466.0,0.0,12000.0,2466.0
412,0.0,0.0,0.0,0.0,0.0,0.0,2412.0,0.0,12000.0,2412.0
413,0.0,0.0,0.0,0.0,0.0,0.0,2340.0,0.0,12000.0,2340.0
414,0.0,0.0,0.0,0.0,0.0,0.0,2448.0,0.0,12000.0,2448.0
415,0.0,0.0,0.0,0.0,0.0,0.0,2496.0,0.0,12000.0,2496.0
416,0.0,0.0,0.0,0.0,0.0,0.0,2544.0,0.0,12000.0,2544.0
417,46.25502,0.0,0.0,0.0,0.0,0.0,2559.1326306,0.0,12000.0,2605.3876506
418,129.24135,0.0,0.0,0.0,0.0,0.0,2520.6358905,0.0,12000.0,2649.8772405
419,74.05335,0.0,0.0,0.0,0.0,0.0,2610.1682505,0.0,12000.0,2684.2216005
420,85.37991,0.0,0.0,0.0,2963.55267731959,0.0,-1.51993037226113e-14,0.0,8605.32339367745,3048.9325873195903
421,61.93446,0.0,0.0,0.0,2274.44732268041,0.0,642.3310611,0.0,6000.0,2978.71284378041
422,210.5334,0.0,0.0,0.0,0.0,0.0,2447.782602,0.0,6000.0,2658.316002
423,0.0,0.0,0.0,0.0,0.0,0.0,2676.0,0.0,6000.0,2676.0
424,0.0,0.0,0.0,0.0,0.0,0.0,2664.0,0.0,6000.0,2664.0
425,0.0,0.0,0.0,0.0,0.0,0.0,2670.0,0.0,6000.0,2670.0
426,0.0,0.0,0.0,0.0,0.0,0.0,2628.0,0.0,6000.0,2628.0
427,0.0,0.0,0.0,0.0,0.0,0.0,2658.0,0.0,6000.0,2658.0
428,0.0,0.0,0.0,0.0,0.0,0.0,2622.0,0.0,6000.0,2622.0
429,0.0,0.0,0.0,0.0,0.0,0.0,2622.0,0.0,6000.0,2622.0
430,0.0,0.0,0.0,0.0,0.0,0.0,2658.0,0.0,6000.0,2658.0
431,0.0,0.0,0.0,0.0,0.0,0.0,2676.0,0.0,6000.0,2676.0
432,0.0,0.0,0.0,0.0,0.0,0.0,2610.0,0.0,12000.0,2610.0
433,0.0,0.0,0.0,0.0,0.0,0.0,2574.0,0.0,12000.0,2574.0
434,0.0,0.0,0.0,0.0,0.0,0.0,2730.0,0.0,12000.0,2730.0
435,0.0,0.0,0.0,0.0,2213.94501718213,0.0,737.226,0.0,9463.98050723696,2951.17101718213
436,0.0,0.0,0.0,0.0,3024.05498281787,0.0,-1.43330582988423e-13,0.0,6000.0,3024.05498281787
437,0.0,0.0,0.0,0.0,0.0,0.0,2646.0,0.0,6000.0,2646.0
438,0.0,0.0,0.0,0.0,0.0,0.0,2562.0,0.0,6000.0,2562.0
439,0.0,0.0,0.0,0.0,0.0,0.0,2562.0,0.0,6000.0,2562.0
440,0.0,0.0,0.0,0.0,0.0,0.0,2370.0,0.0,6000.0,2370.0
441,76.083,0.0,0.0,0.0,0.0,0.0,2302.19949,0.0,6000.0,2378.28249
442,148.53195,0.0,0.0,0.0,0.0,0.0,2309.9240085,0.0,6000.0,2458.4559585
443,833.1204,0.0,0.0,0.0,0.0,0.0,1603.873212,0.0,6000.0,2436.993612
444,983.1906,0.0,0.0,0.0,0.0,0.0,1374.305118,0.0,6000.0,2357.495718
445,970.4457,0.0,0.0,0.0,0.0,0.0,1422.667671,0.0,6000.0,2393.113371
446,185.45793,0.0,0.0,0.0,0.0,0.0,2262.1058079,0.0,6000.0,2447.5637379
447,0.0,0.0,0.0,0.0,0.0,0.0,2562.0,0.0,6000.0,2562.0
448,0.0,0.0,0.0,0.0,0.0,0.0,2460.0,0.0,6000.0,2460.0
449,0.0,0.0,0.0,0.0,0.0,0.0,2550.0,0.0,6000.0,2550.0
450,0.0,0.0,0.0,0.0,0.0,0.0,2586.0,0.0,6000.0,2586.0
451,0.0,0.0,0.0,0.0,0.0,0.0,2664.0,0.0,6000.0,2664.0
452,0.0,0.0,0.0,0.0,0.0,0.0,2652.0,0.0,6000.0,2652.0
453,0.0,0.0,0.0,0.0,0.0,0.0,2634.0,0.0,6000.0,2634.0
454,0.0,0.0,0.0,0.0,0.0,0.0,2520.0,0.0,6000.0,2520.0
455,0.0,0.0,0.0,0.0,0.0,0.0,2730.0,0.0,6000.0,2730.0
456,0.0,0.0,0.0,0.0,0.0,0.0,2736.0,0.0,6000.0,2736.0
457,0.0,0.0,0.0,0.0,0.0,0.0,2574.0,0.0,6000.0,2574.0
458,0.0,0.0,0.0,0.0,0.0,0.0,2736.0,0.0,6000.0,2736.0
459,0.0,0.0,0.0,0.0,0.0,0.0,2664.0,0.0,6000.0,2664.0
460,0.0,0.0,0.0,0.0,0.0,0.0,2736.0,0.0,6000.0,2736.0
461,0.0,0.0,0.0,0.0,0.0,0.0,2646.0,0.0,6000.0,2646.0
462,0.0,0.0,0.0,0.0,0.0,0.0,2856.0,0.0,6000.0,2856.0
463,0.0,0.0,0.0,0.0,0.0,0.0,2826.0,0.0,6000.0,2826.0
464,0.0,0.0,0.0,0.0,0.0,0.0,2826.0,0.0,6000.0,2826.0
465,98.42973,0.0,0.0,0.0,0.0,0.0,2664.5231619,0.0,6000.0,2762.9528919
466,216.1194,0.0,0.0,0.0,0.0,0.0,2640.364182,0.0,6000.0,2856.483582
467,1375.668,0.0,0.0,0.0,0.0,0.0,1419.60204,0.0,6000.0,2795.27004
468,1134.8358,0.0,0.0,0.0,0.0,0.0,1557.209274,0.0,6000.0,2692.045074
469,1094.7153,0.0,0.0,0.0,0.0,0.0,1656.126159,0.0,6000.0,2750.841459
470,67.70526,0.0,0.0,0.0,0.0,0.0,2682.3258978,0.0,6000.0,2750.0311578
471,35.91189,0.0,0.0,0.0,0.0,0.0,2773.1654667,0.0,6000.0,2809.0773567
472,0.0,0.0,0.0,0.0,0.0,0.0,2694.0,0.0,6000.0,2694.0
473,0.0,0.0,0.0,0.0,0.0,0.0,2640.0,0.0,6000.0,2640.0
474,0.0,0.0,0.0,0.0,0.0,0.0,2724.0,0.0,6000.0,2724.0
475,0.0,0.0,0.0,0.0,0.0,0.0,2700.0,0.0,6000.0,2700.0
476,0.0,0.0,0.0,0.0,0.0,0.0,2802.0,0.0,6000.0,2802.0
477,0.0,0.0,0.0,0.0,0.0,0.0,2796.0,0.0,6000.0,2796.0
478,0.0,0.0,0.0,0.0,0.0,0.0,2724.0,0.0,6000.0,2724.0
479,0.0,0.0,0.0,0.0,0.0,0.0,2844.0,0.0,6000.0,2844.0
480,0.0,0.0,0.0,0.0,0.0,0.0,2814.0,0.0,12000.0,2814.0
481,0.0,0.0,0.0,0.0,0.0,0.0,2622.0,0.0,12000.0,2622.0
482,0.0,0.0,0.0,0.0,0.0,0.0,2502.0,0.0,12000.0,2502.0
483,0.0,0.0,0.0,0.0,0.0,0.0,2484.0,0.0,12000.0,2484.0
484,0.0,0.0,0.0,0.0,0.0,0.0,2472.0,0.0,12000.0,2472.0
485,0.0,0.0,0.0,0.0,0.0,0.0,2382.0,0.0,12000.0,2382.0
486,0.0,0.0,0.0,0.0,0.0,0.0,2574.0,0.0,12000.0,2574.0
487,0.0,0.0,0.0,0.0,0.0,0.0,2634.0,0.0,12000.0,2634.0
488,0.0,0.0,0.0,0.0,0.0,0.0,2646.0,0.0,12000.0,2646.0
489,67.69266,0.0,0.0,0.0,0.0,0.0,2448.3381198,0.0,12000.0,2516.0307798000003
490,352.8,0.0,0.0,0.0,0.0,0.0,2147.784,0.0,12000.0,2500.5840000000003
491,1606.5777,0.0,0.0,0.0,0.0,0.0,1135.619631,0.0,12000.0,2742.1973310000003
492,1360.5354,0.0,0.0,0.0,0.0,0.0,1350.280662,0.0,12000.0,2710.816062
493,1137.8829,0.0,0.0,0.0,0.0,0.0,1692.253587,0.0,12000.0,2830.136487
494,57.44382,0.0,0.0,0.0,0.0,0.0,2698.2794946,0.0,12000.0,2755.7233146
495,22.45236,0.0,0.0,0.0,0.0,0.0,2648.2212108,0.0,12000.0,2670.6735708
496,0.0,0.0,0.0,0.0,0.0,0.0,2622.0,0.0,12000.0,2622.0
497,0.0,0.0,0.0,0.0,0.0,0.0,2664.0,0.0,12000.0,2664.0
498,0.0,0.0,0.0,0.0,0.0,0.0,2598.0,0.0,12000.0,2598.0
499,0.0,0.0,0.0,0.0,0.0,0.0,2508.0,0.0,12000.0,2508.0
500,0.0,0.0,0.0,0.0,0.0,0.0,2568.0,0.0,12000.0,2568.0
501,0.0,0.0,0.0,0.0,0.0,0.0,2580.0,0.0,12000.0,2580.0
502,0.0,0.0,0.0,0.0,0.0,0.0,2514.0,0.0,12000.0,2514.0
503,0.0,0.0,0.0,0.0,0.0,0.0,2652.0,0.0,12000.0,2652.0
504,0.0,0.0,0.0,0.0,0.0,0.0,2640.0,0.0,12000.0,2640.0
505,0.0,0.0,0.0,0.0,0.0,0.0,2592.0,0.0,12000.0,2592.0
506,0.0,0.0,0.0,0.0,0.0,0.0,2598.0,0.0,12000.0,2598.0
507,0.0,0.0,0.0,0.0,0.0,0.0,2532.0,0.0,12000.0,2532.0
508,0.0,0.0,0.0,0.0,0.0,0.0,2544.0,0.0,12000.0,2544.0
509,0.0,0.0,0.0,0.0,0.0,0.0,2376.0,0.0,12000.0,2376.0
510,0.0,0.0,0.0,0.0,0.0,0.0,2562.0,0.0,12000.0,2562.0
511,0.0,0.0,0.0,0.0,0.0,0.0,2544.0,0.0,12000.0,2544.0
512,0.0,0.0,0.0,0.0,0.0,0.0,2538.0,0.0,12000.0,2538.0
513,122.1549,0.0,0.0,0.0,0.0,0.0,2449.509747,0.0,12000.0,2571.664647
514,172.57527,0.0,0.0,0.0,0.0,0.0,2358.6019881,0.0,12000.0,2531.1772581
515,219.0573,0.0,0.0,0.0,0.0,0.0,2361.514419,0.0,12000.0,2580.571719
516,50.03859,0.0,0.0,0.0,0.0,0.0,2453.4625677,0.0,12000.0,2503.5011577
517,38.23617,0.0,0.0,0.0,2947.20608831615,0.0,-1.92125060592623e-13,0.0,8624.04800880166,2985.44225831615
518,14.722953,0.0,0.0,0.0,2290.79391168385,0.0,577.85565069,0.0,6000.0,2883.37251537385
519,20.87484,0.0,0.0,0.0,0.0,0.0,2571.7514052,0.0,6000.0,2592.6262452
520,0.0,0.0,0.0,0.0,0.0,0.0,2538.0,0.0,6000.0,2538.0
521,0.0,0.0,0.0,0.0,0.0,0.0,2418.0,0.0,6000.0,2418.0
522,0.0,0.0,0.0,0.0,0.0,0.0,2322.0,0.0,6000.0,2322.0
523,0.0,0.0,0.0,0.0,0.0,0.0,2358.0,0.0,6000.0,2358.0
524,0.0,0.0,0.0,0.0,0.0,0.0,2226.0,0.0,6000.0,2226.0
525,0.0,0.0,0.0,0.0,0.0,0.0,2214.0,0.0,6000.0,2214.0
526,0.0,0.0,0.0,0.0,0.0,0.0,2274.0,0.0,6000.0,2274.0
527,0.0,0.0,0.0,0.0,0.0,0.0,2256.0,0.0,6000.0,2256.0
528,0.0,0.0,0.0,0.0,0.0,0.0,2280.0,0.0,12000.0,2280.0
529,0.0,0.0,0.0,0.0,0.0,0.0,2238.0,0.0,12000.0,2238.0
530,0.0,0.0,0.0,0.0,0.0,0.0,2232.0,0.0,12000.0,2232.0
531,0.0,0.0,0.0,0.0,0.0,0.0,2178.0,0.0,12000.0,2178.0
532,0.0,0.0,0.0,0.0,0.0,0.0,2100.0,0.0,12000.0,2100.0
533,0.0,0.0,0.0,0.0,0.0,0.0,2154.0,0.0,12000.0,2154.0
534,0.0,0.0,0.0,0.0,0.0,0.0,2298.0,0.0,12000.0,2298.0
535,0.0,0.0,0.0,0.0,0.0,0.0,2382.0,0.0,12000.0,2382.0
536,0.0,0.0,0.0,0.0,0.0,0.0,2280.0,0.0,12000.0,2280.0
537,58.03854,0.0,0.0,0.0,0.0,0.0,2223.7026162,0.0,12000.0,2281.7411562
538,27.69081,0.0,0.0,0.0,0.0,0.0,2259.1399143,0.0,12000.0,2286.8307243
539,39.05895,0.0,0.0,0.0,0.0,0.0,2278.1128185,0.0,12000.0,2317.1717685
540,50.17761,0.0,0.0,0.0,0.0,0.0,2339.3277183,0.0,12000.0,2389.5053283
541,38.4783,0.0,0.0,0.0,0.0,0.0,2332.676049,0.0,12000.0,2371.1543490000004
542,15.107589,0.0,0.0,0.0,0.0,0.0,2373.34563867,0.0,12000.0,2388.45322767
543,49.45605,0.0,0.0,0.0,0.0,0.0,2226.0276315,0.0,12000.0,2275.4836815
544,0.0,0.0,0.0,0.0,0.0,0.0,2340.0,0.0,12000.0,2340.0
545,0.0,0.0,0.0,0.0,0.0,0.0,2322.0,0.0,12000.0,2322.0
546,0.0,0.0,0.0,0.0,0.0,0.0,2256.0,0.0,12000.0,2256.0
547,0.0,0.0,0.0,0.0,0.0,0.0,2256.0,0.0,12000.0,2256.0
548,0.0,0.0,0.0,0.0,0.0,0.0,2220.0,0.0,12000.0,2220.0
549,0.0,0.0,0.0,0.0,0.0,0.0,2202.0,0.0,12000.0,2202.0
550,0.0,0.0,0.0,0.0,0.0,0.0,2250.0,0.0,12000.0,2250.0
551,0.0,0.0,0.0,0.0,0.0,0.0,2226.0,0.0,12000.0,2226.0
552,0.0,0.0,0.0,0.0,0.0,0.0,2184.0,0.0,12000.0,2184.0
553,0.0,0.0,0.0,0.0,0.0,0.0,2154.0,0.0,12000.0,2154.0
554,0.0,0.0,0.0,0.0,0.0,0.0,2082.0,0.0,12000.0,2082.0
555,0.0,0.0,0.0,0.0,0.0,0.0,2100.0,0.0,12000.0,2100.0
556,0.0,0.0,0.0,0.0,0.0,0.0,2040.0,0.0,12000.0,2040.0
557,0.0,0.0,0.0,0.0,0.0,0.0,2076.0,0.0,12000.0,2076.0
558,0.0,0.0,0.0,0.0,0.0,0.0,2004.0,0.0,12000.0,2004.0
559,0.0,0.0,0.0,0.0,0.0,0.0,1992.0,0.0,12000.0,1992.0
560,0.0,0.0,0.0,0.0,0.0,0.0,2100.0,0.0,12000.0,2100.0
561,80.84097,0.0,0.0,0.0,0.0,0.0,2099.5842591,0.0,12000.0,2180.4252291000003
562,804.3357,0.0,0.0,0.0,0.0,0.0,1541.794371,0.0,12000.0,2346.130071
563,1440.3417,0.0,0.0,0.0,0.0,0.0,804.868551,0.0,12000.0,2245.210251
564,2288.65979381443,409.252206185567,0.0,0.0,0.0,0.0,-1.57296581258463e-13,0.0,12337.428444,2288.65979381443
565,1289.2866,0.0,0.0,0.0,0.0,0.0,1041.391998,0.0,12337.428444,2330.678598
566,1504.3728,0.0,0.0,0.0,0.0,0.0,886.758384,0.0,12337.428444,2391.131184
567,58.06962,0.0,0.0,0.0,0.0,0.0,2289.6724686,0.0,12337.428444,2347.7420886
568,0.0,0.0,0.0,0.0,2707.90378006873,0.0,1.65790765613971e-13,0.0,9235.59135342872,2707.90378006873
569,0.0,0.0,0.0,0.0,2707.90378006873,0.0,1.65790765613971e-13,0.0,6133.75426285744,2707.90378006873
570,0.0,0.0,0.0,0.0,0.0,0.0,2358.0,0.0,6133.75426285744,2358.0
571,0.0,0.0,0.0,0.0,116.767471474544,0.0,2178.06199740272,0.0,6000.0,2294.829468877264
572,0.0,0.0,0.0,0.0,0.0,0.0,2358.0,0.0,6000.0,2358.0
573,0.0,0.0,0.0,0.0,0.0,0.0,2466.0,0.0,6000.0,2466.0
574,0.0,0.0,0.0,0.0,0.0,0.0,2472.0,0.0,6000.0,2472.0
575,0.0,0.0,0.0,0.0,0.0,0.0,2436.0,0.0,6000.0,2436.0
576,0.0,0.0,0.0,0.0,0.0,0.0,2556.0,0.0,12000.0,2556.0
577,0.0,0.0,0.0,0.0,0.0,0.0,2502.0,0.0,12000.0,2502.0
578,0.0,0.0,0.0,0.0,0.0,0.0,2526.0,0.0,12000.0,2526.0
579,0.0,0.0,0.0,0.0,0.0,0.0,2472.0,0.0,12000.0,2472.0
580,0.0,0.0,0.0,0.0,0.0,0.0,2370.0,0.0,12000.0,2370.0
581,0.0,0.0,0.0,0.0,0.0,0.0,2280.0,0.0,12000.0,2280.0
582,0.0,0.0,0.0,0.0,0.0,0.0,2436.0,0.0,12000.0,2436.0
583,0.0,0.0,0.0,0.0,0.0,0.0,2328.0,0.0,12000.0,2328.0
584,0.0,0.0,0.0,0.0,0.0,0.0,2184.0,0.0,12000.0,2184.0
585,113.1396,0.0,0.0,0.0,0.0,0.0,2176.254588,0.0,12000.0,2289.394188
586,252.4704,0.0,0.0,0.0,0.0,0.0,2137.103712,0.0,12000.0,2389.574112
587,50.43045,0.0,0.0,0.0,0.0,0.0,2357.0824635,0.0,12000.0,2407.5129135
588,50.15787,0.0,0.0,0.0,0.0,0.0,2321.3468661,0.0,12000.0,2371.5047361
589,116.81502,0.0,0.0,0.0,0.0,0.0,2346.6894306,0.0,12000.0,2463.5044506
590,113.91177,0.0,0.0,0.0,0.0,0.0,2391.5055831,0.0,12000.0,2505.4173531
591,6.965049,0.0,0.0,0.0,0.0,0.0,2579.24390247,0.0,12000.0,2586.20895147
592,0.0,0.0,0.0,0.0,0.0,0.0,2490.0,0.0,12000.0,2490.0
593,0.0,0.0,0.0,0.0,0.0,0.0,2508.0,0.0,12000.0,2508.0
594,0.0,0.0,0.0,0.0,0.0,0.0,2532.0,0.0,12000.0,2532.0
595,0.0,0.0,0.0,0.0,0.0,0.0,2568.0,0.0,12000.0,2568.0
596,0.0,0.0,0.0,0.0,0.0,0.0,2544.0,0.0,12000.0,2544.0
597,0.0,0.0,0.0,0.0,0.0,0.0,2598.0,0.0,12000.0,2598.0
598,0.0,0.0,0.0,0.0,0.0,0.0,2466.0,0.0,12000.0,2466.0
599,0.0,0.0,0.0,0.0,0.0,0.0,2574.0,0.0,12000.0,2574.0
600,0.0,0.0,0.0,0.0,0.0,0.0,2484.0,0.0,12000.0,2484.0
601,0.0,0.0,0.0,0.0,0.0,0.0,2490.0,0.0,12000.0,2490.0
602,0.0,0.0,0.0,0.0,0.0,0.0,2610.0,0.0,12000.0,2610.0
603,0.0,0.0,0.0,0.0,0.0,0.0,2592.0,0.0,12000.0,2592.0
604,0.0,0.0,0.0,0.0,0.0,0.0,2580.0,0.0,12000.0,2580.0
605,0.0,0.0,0.0,0.0,0.0,0.0,2412.0,0.0,12000.0,2412.0
606,0.0,0.0,0.0,0.0,0.0,0.0,2406.0,0.0,12000.0,2406.0
607,0.0,0.0,0.0,0.0,0.0,0.0,2622.0,0.0,12000.0,2622.0
608,0.0,0.0,0.0,0.0,2962.19931271478,0.0,1.20831332721046e-14,0.0,8606.87363950197,2962.19931271478
609,16.0041,0.0,0.0,0.0,0.0,0.0,2582.476023,0.0,8606.87363950197,2598.4801230000003
610,420.9744,0.0,0.0,0.0,0.0,0.0,2117.654832,0.0,8606.87363950197,2538.629232
611,962.535,0.0,0.0,0.0,736.199013745705,0.0,775.639311,0.0,7763.57580015982,2474.373324745705
612,1125.6987,0.0,0.0,0.0,1539.60167353952,0.0,-3.20532903800705e-14,0.0,6000.0,2665.30037353952
613,161.8176,0.0,0.0,0.0,0.0,0.0,2417.036928,0.0,6000.0,2578.854528
614,1079.0787,0.0,0.0,0.0,0.0,0.0,1563.293661,0.0,6000.0,2642.372361
615,28.98315,0.0,0.0,0.0,0.0,0.0,2533.8863445,0.0,6000.0,2562.8694945
616,0.0,0.0,0.0,0.0,0.0,0.0,2484.0,0.0,6000.0,2484.0
617,0.0,0.0,0.0,0.0,0.0,0.0,2538.0,0.0,6000.0,2538.0
618,0.0,0.0,0.0,0.0,0.0,0.0,2592.0,0.0,6000.0,2592.0
619,0.0,0.0,0.0,0.0,0.0,0.0,2628.0,0.0,6000.0,2628.0
620,0.0,0.0,0.0,0.0,0.0,0.0,2574.0,0.0,6000.0,2574.0
621,0.0,0.0,0.0,0.0,0.0,0.0,2556.0,0.0,6000.0,2556.0
622,0.0,0.0,0.0,0.0,0.0,0.0,2478.0,0.0,6000.0,2478.0
623,0.0,0.0,0.0,0.0,0.0,0.0,2574.0,0.0,6000.0,2574.0
624,0.0,0.0,0.0,0.0,0.0,0.0,2532.0,0.0,12000.0,2532.0
625,0.0,0.0,0.0,0.0,0.0,0.0,2430.0,0.0,12000.0,2430.0
626,0.0,0.0,0.0,0.0,0.0,0.0,2622.0,0.0,12000.0,2622.0
627,0.0,0.0,0.0,0.0,0.0,0.0,2328.0,0.0,12000.0,2328.0
628,0.0,0.0,0.0,0.0,0.0,0.0,2106.0,0.0,12000.0,2106.0
629,0.0,0.0,0.0,0.0,0.0,0.0,2112.0,0.0,12000.0,2112.0
630,0.0,0.0,0.0,0.0,0.0,0.0,2220.0,0.0,12000.0,2220.0
631,0.0,0.0,0.0,0.0,0.0,0.0,2274.0,0.0,12000.0,2274.0
632,0.0,0.0,0.0,0.0,0.0,0.0,2328.0,0.0,12000.0,2328.0
633,49.6944,0.0,0.0,0.0,2605.69759450172,0.0,5.02243199999953,0.0,9015.23757789036,2660.4144265017194
634,29.01486,0.0,0.0,0.0,0.0,0.0,2407.8555858,0.0,9015.23757789036,2436.8704458
635,441.4935,0.0,0.0,0.0,0.0,0.0,1917.751305,0.0,9015.23757789036,2359.244805
636,546.8547,0.0,0.0,0.0,0.0,0.0,1677.550941,0.0,9015.23757789036,2224.405641
637,427.224,0.0,0.0,0.0,0.0,0.0,1763.59272,0.0,9015.23757789036,2190.8167200000003
638,27.40836,0.0,0.0,0.0,0.0,0.0,2115.4138908,0.0,9015.23757789036,2142.8222508
639,71.89035,0.0,0.0,0.0,0.0,0.0,2168.2663605,0.0,9015.23757789036,2240.1567105
640,0.0,0.0,0.0,0.0,0.0,0.0,2172.0,0.0,9015.23757789036,2172.0
641,0.0,0.0,0.0,0.0,0.0,0.0,2268.0,0.0,9015.23757789036,2268.0
642,0.0,0.0,0.0,0.0,2632.30240549828,0.0,1.79298891121779e-13,0.0,6000.0,2632.30240549828
643,0.0,0.0,0.0,0.0,0.0,0.0,2346.0,0.0,6000.0,2346.0
644,0.0,0.0,0.0,0.0,0.0,0.0,2526.0,0.0,6000.0,2526.0
645,0.0,0.0,0.0,0.0,0.0,0.0,2622.0,0.0,6000.0,2622.0
646,0.0,0.0,0.0,0.0,0.0,0.0,2532.0,0.0,6000.0,2532.0
647,0.0,0.0,0.0,0.0,0.0,0.0,2574.0,0.0,6000.0,2574.0
648,0.0,0.0,0.0,0.0,0.0,0.0,2508.0,0.0,6000.0,2508.0
649,0.0,0.0,0.0,0.0,0.0,0.0,2412.0,0.0,6000.0,2412.0
650,0.0,0.0,0.0,0.0,0.0,0.0,2532.0,0.0,6000.0,2532.0
651,0.0,0.0,0.0,0.0,0.0,0.0,2436.0,0.0,6000.0,2436.0
652,0.0,0.0,0.0,0.0,0.0,0.0,2388.0,0.0,6000.0,2388.0
653,0.0,0.0,0.0,0.0,0.0,0.0,2316.0,0.0,6000.0,2316.0
654,0.0,0.0,0.0,0.0,0.0,0.0,2556.0,0.0,6000.0,2556.0
655,0.0,0.0,0.0,0.0,0.0,0.0,2724.0,0.0,6000.0,2724.0
656,0.0,0.0,0.0,0.0,0.0,0.0,2760.0,0.0,6000.0,2760.0
657,71.62659,0.0,0.0,0.0,0.0,0.0,2576.5222077,0.0,6000.0,2648.1487977
658,40.14297,0.0,0.0,0.0,0.0,0.0,2571.0613191,0.0,6000.0,2611.2042891
659,51.19884,0.0,0.0,0.0,0.0,0.0,2554.3371252,0.0,6000.0,2605.5359652
660,61.99536,0.0,0.0,0.0,0.0,0.0,2405.8645008,0.0,6000.0,2467.8598608
661,50.35254,0.0,0.0,0.0,0.0,0.0,2513.1580362,0.0,6000.0,2563.5105762
662,27.38778,0.0,0.0,0.0,0.0,0.0,2517.4338534,0.0,6000.0,2544.8216334
663,43.63233,0.0,0.0,0.0,0.0,0.0,2603.6766399,0.0,6000.0,2647.3089699
664,0.0,0.0,0.0,0.0,0.0,0.0,2568.0,0.0,6000.0,2568.0
665,0.0,0.0,0.0,0.0,0.0,0.0,2574.0,0.0,6000.0,2574.0
666,0.0,0.0,0.0,0.0,0.0,0.0,2562.0,0.0,6000.0,2562.0
667,0.0,0.0,0.0,0.0,0.0,0.0,2580.0,0.0,6000.0,2580.0
668,0.0,0.0,0.0,0.0,0.0,0.0,2412.0,0.0,6000.0,2412.0
669,0.0,0.0,0.0,0.0,0.0,0.0,2286.0,0.0,6000.0,2286.0
670,0.0,0.0,0.0,0.0,0.0,0.0,2268.0,0.0,6000.0,2268.0
671,0.0,0.0,0.0,0.0,0.0,0.0,2490.0,0.0,6000.0,2490.0
672,0.0,0.0,0.0,0.0,0.0,0.0,2442.0,0.0,12000.0,2442.0
673,0.0,0.0,0.0,0.0,0.0,0.0,2286.0,0.0,12000.0,2286.0
674,0.0,0.0,0.0,0.0,0.0,0.0,2436.0,0.0,12000.0,2436.0
675,0.0,0.0,0.0,0.0,0.0,0.0,2250.0,0.0,12000.0,2250.0
676,0.0,0.0,0.0,0.0,0.0,0.0,2322.0,0.0,12000.0,2322.0
677,0.0,0.0,0.0,0.0,0.0,0.0,2094.0,0.0,12000.0,2094.0
678,0.0,0.0,0.0,0.0,0.0,0.0,2232.0,0.0,12000.0,2232.0
679,0.0,0.0,0.0,0.0,2378.89347079038,0.0,335.225999999999,0.0,9275.03611593313,2714.1194707903787
680,0.0,0.0,0.0,0.0,2859.10652920962,0.0,1.38774514598356e-13,0.0,6000.0,2859.10652920962
681,49.49847,0.0,0.0,0.0,0.0,0.0,2327.9864841,0.0,6000.0,2377.4849541
682,39.83616,0.0,0.0,0.0,0.0,0.0,2265.3589248,0.0,6000.0,2305.1950848
683,50.97666,0.0,0.0,0.0,0.0,0.0,2398.5526398,0.0,6000.0,2449.5292998
684,674.4045,0.0,0.0,0.0,0.0,0.0,1721.827635,0.0,6000.0,2396.232135
685,50.27022,0.0,0.0,0.0,0.0,0.0,2297.2378866,0.0,6000.0,2347.5081066
686,403.2504,0.0,0.0,0.0,0.0,0.0,2014.847112,0.0,6000.0,2418.097512
687,27.08916,0.0,0.0,0.0,0.0,0.0,2571.7235148,0.0,6000.0,2598.8126748
688,0.0,0.0,0.0,0.0,0.0,0.0,2496.0,0.0,6000.0,2496.0
689,0.0,0.0,0.0,0.0,0.0,0.0,2454.0,0.0,6000.0,2454.0
690,0.0,0.0,0.0,0.0,0.0,0.0,2250.0,0.0,6000.0,2250.0
691,0.0,0.0,0.0,0.0,0.0,0.0,2352.0,0.0,6000.0,2352.0
692,0.0,0.0,0.0,0.0,0.0,0.0,2358.0,0.0,6000.0,2358.0
693,0.0,0.0,0.0,0.0,0.0,0.0,2328.0,0.0,6000.0,2328.0
694,0.0,0.0,0.0,0.0,0.0,0.0,2352.0,0.0,6000.0,2352.0
695,0.0,0.0,0.0,0.0,0.0,0.0,2376.0,0.0,6000.0,2376.0
696,0.0,0.0,0.0,0.0,0.0,0.0,2340.0,0.0,6000.0,2340.0
697,0.0,0.0,0.0,0.0,0.0,0.0,2268.0,0.0,6000.0,2268.0
698,0.0,0.0,0.0,0.0,0.0,0.0,2220.0,0.0,6000.0,2220.0
699,0.0,0.0,0.0,0.0,0.0,0.0,2214.0,0.0,6000.0,2214.0
700,0.0,0.0,0.0,0.0,0.0,0.0,2154.0,0.0,6000.0,2154.0
701,0.0,0.0,0.0,0.0,0.0,0.0,2082.0,0.0,6000.0,2082.0
702,0.0,0.0,0.0,0.0,0.0,0.0,2166.0,0.0,6000.0,2166.0
703,0.0,0.0,0.0,0.0,0.0,0.0,2280.0,0.0,6000.0,2280.0
704,0.0,0.0,0.0,0.0,0.0,0.0,2244.0,0.0,6000.0,2244.0
705,136.91643,0.0,0.0,0.0,0.0,0.0,2087.1910629,0.0,6000.0,2224.1074929
706,219.4794,0.0,0.0,0.0,0.0,0.0,2097.104982,0.0,6000.0,2316.584382
707,197.36997,0.0,0.0,0.0,0.0,0.0,2058.5511291,0.0,6000.0,2255.9210991
708,482.7522,0.0,0.0,0.0,0.0,0.0,1745.730366,0.0,6000.0,2228.482566
709,415.5018,0.0,0.0,0.0,0.0,0.0,1864.963254,0.0,6000.0,2280.465054
710,16.305786,0.0,0.0,0.0,0.0,0.0,2210.18338758,0.0,6000.0,2226.48917358
711,32.68356,0.0,0.0,0.0,0.0,0.0,2320.2969468,0.0,6000.0,2352.9805068
712,0.0,0.0,0.0,0.0,0.0,0.0,2460.0,0.0,6000.0,2460.0
713,0.0,0.0,0.0,0.0,0.0,0.0,2472.0,0.0,6000.0,2472.0
714,0.0,0.0,0.0,0.0,0.0,0.0,2388.0,0.0,6000.0,2388.0
715,0.0,0.0,0.0,0.0,0.0,0.0,2370.0,0.0,6000.0,2370.0
716,0.0,0.0,0.0,0.0,0.0,0.0,2256.0,0.0,6000.0,2256.0
717,0.0,0.0,0.0,0.0,0.0,0.0,2256.0,0.0,6000.0,2256.0
718,0.0,0.0,0.0,0.0,0.0,0.0,2328.0,0.0,6000.0,2328.0
719,0.0,0.0,0.0,0.0,0.0,0.0,2244.0,0.0,6000.0,2244.0
720,0.0,0.0,0.0,0.0,0.0,0.0,2232.0,0.0,12000.0,2232.0
721,0.0,0.0,0.0,0.0,0.0,0.0,2184.0,0.0,12000.0,2184.0
722,0.0,0.0,0.0,0.0,0.0,0.0,2088.0,0.0,12000.0,2088.0
723,0.0,0.0,0.0,0.0,0.0,0.0,2262.0,0.0,12000.0,2262.0
724,0.0,0.0,0.0,0.0,0.0,0.0,2058.0,0.0,12000.0,2058.0
725,0.0,0.0,0.0,0.0,0.0,0.0,2082.0,0.0,12000.0,2082.0
726,0.0,0.0,0.0,0.0,0.0,0.0,2034.0,0.0,12000.0,2034.0
727,0.0,0.0,0.0,0.0,0.0,0.0,2184.0,0.0,12000.0,2184.0
728,0.0,0.0,0.0,0.0,0.0,0.0,2292.0,0.0,12000.0,2292.0
729,71.20554,0.0,0.0,0.0,0.0,0.0,2246.9306262,0.0,12000.0,2318.1361662
730,39.28092,0.0,0.0,0.0,0.0,0.0,2295.8975076,0.0,12000.0,2335.1784276000003
731,61.97856,0.0,0.0,0.0,0.0,0.0,2327.8807968,0.0,12000.0,2389.8593568
732,61.92858,0.0,0.0,0.0,0.0,0.0,2339.9292774,0.0,12000.0,2401.8578574
733,50.49912,0.0,0.0,0.0,0.0,0.0,2303.0158536,0.0,12000.0,2353.5149736
734,27.45939,0.0,0.0,0.0,0.0,0.0,2289.3643917,0.0,12000.0,2316.8237817
735,64.42149,0.0,0.0,0.0,0.0,0.0,2331.5111547,0.0,12000.0,2395.9326447000003
736,0.0,0.0,0.0,0.0,0.0,0.0,2418.0,0.0,12000.0,2418.0
737,0.0,0.0,0.0,0.0,0.0,0.0,2370.0,0.0,12000.0,2370.0
738,0.0,0.0,0.0,0.0,0.0,0.0,2196.0,0.0,12000.0,2196.0
739,0.0,0.0,0.0,0.0,0.0,0.0,2220.0,0.0,12000.0,2220.0
740,0.0,0.0,0.0,0.0,0.0,0.0,2424.0,0.0,12000.0,2424.0
741,0.0,0.0,0.0,0.0,0.0,0.0,2460.0,0.0,12000.0,2460.0
742,0.0,0.0,0.0,0.0,0.0,0.0,2316.0,0.0,12000.0,2316.0
743,0.0,0.0,0.0,0.0,0.0,0.0,2436.0,0.0,12000.0,2436.0
744,0.0,0.0,0.0,0.0,0.0,0.0,2496.0,0.0,12000.0,2496.0
745,0.0,0.0,0.0,0.0,0.0,0.0,2466.0,0.0,12000.0,2466.0
746,0.0,0.0,0.0,0.0,0.0,0.0,2532.0,0.0,12000.0,2532.0
747,0.0,0.0,0.0,0.0,0.0,0.0,2442.0,0.0,12000.0,2442.0
748,0.0,0.0,0.0,0.0,0.0,0.0,2430.0,0.0,12000.0,2430.0
749,0.0,0.0,0.0,0.0,0.0,0.0,2334.0,0.0,12000.0,2334.0
750,0.0,0.0,0.0,0.0,0.0,0.0,2574.0,0.0,12000.0,2574.0
751,0.0,0.0,0.0,0.0,0.0,0.0,2688.0,0.0,12000.0,2688.0
752,0.0,0.0,0.0,0.0,0.0,0.0,2700.0,0.0,12000.0,2700.0
753,83.48403,0.0,0.0,0.0,0.0,0.0,2589.0204909,0.0,12000.0,2672.5045209
754,40.53504,0.0,0.0,0.0,0.0,0.0,2642.6810112,0.0,12000.0,2683.2160512
755,63.11949,0.0,0.0,0.0,0.0,0.0,2296.7740947,0.0,12000.0,2359.8935847
756,74.23521,0.0,0.0,0.0,0.0,0.0,2279.9918463,0.0,12000.0,2354.2270563
757,62.58924,0.0,0.0,0.0,2076.48797250859,0.0,514.514437199999,0.0,9621.43416665683,2653.5916497085886
758,39.28323,0.0,0.0,0.0,0.0,0.0,2361.8952669,0.0,9621.43416665683,2401.1784969
759,69.05304,0.0,0.0,0.0,0.0,0.0,2699.0185512,0.0,9621.43416665683,2768.0715912
760,0.0,0.0,0.0,0.0,0.0,0.0,2658.0,0.0,9621.43416665683,2658.0
761,0.0,0.0,0.0,0.0,0.0,0.0,2706.0,0.0,9621.43416665683,2706.0
762,0.0,0.0,0.0,0.0,0.0,0.0,2712.0,0.0,9621.43416665683,2712.0
763,0.0,0.0,0.0,0.0,0.0,0.0,2688.0,0.0,9621.43416665683,2688.0
764,0.0,0.0,0.0,0.0,0.0,0.0,2700.0,0.0,9621.43416665683,2700.0
765,0.0,0.0,0.0,0.0,0.0,0.0,2718.0,0.0,9621.43416665683,2718.0
766,0.0,0.0,0.0,0.0,0.0,0.0,2676.0,0.0,9621.43416665683,2676.0
767,0.0,0.0,0.0,0.0,3161.51202749141,0.0,8.47420125671253e-14,0.0,6000.0,3161.51202749141
768,0.0,0.0,0.0,0.0,0.0,0.0,2730.0,0.0,12000.0,2730.0
769,0.0,0.0,0.0,0.0,0.0,0.0,2616.0,0.0,12000.0,2616.0
770,0.0,0.0,0.0,0.0,2213.94501718213,0.0,767.226,0.0,9463.98050723696,2981.17101718213
771,0.0,0.0,0.0,0.0,3024.05498281787,0.0,-1.43330582988423e-13,0.0,6000.0,3024.05498281787
772,0.0,0.0,0.0,0.0,0.0,0.0,2748.0,0.0,6000.0,2748.0
773,0.0,0.0,0.0,0.0,0.0,0.0,2430.0,0.0,6000.0,2430.0
774,0.0,0.0,0.0,0.0,0.0,0.0,2412.0,0.0,6000.0,2412.0
775,0.0,0.0,0.0,0.0,0.0,0.0,2334.0,0.0,6000.0,2334.0
776,0.0,0.0,0.0,0.0,0.0,0.0,2316.0,0.0,6000.0,2316.0
777,72.38931,0.0,0.0,0.0,0.0,0.0,2155.7823693,0.0,6000.0,2228.1716793
778,40.15116,0.0,0.0,0.0,0.0,0.0,2253.0533748,0.0,6000.0,2293.2045348
779,62.70054,0.0,0.0,0.0,0.0,0.0,2297.1804762,0.0,6000.0,2359.8810162
780,73.80282,0.0,0.0,0.0,0.0,0.0,2310.4112646,0.0,6000.0,2384.2140846
781,62.30574,0.0,0.0,0.0,0.0,0.0,2255.5634322,0.0,6000.0,2317.8691722
782,39.18978,0.0,0.0,0.0,0.0,0.0,2259.9859134,0.0,6000.0,2299.1756934
783,72.16587,0.0,0.0,0.0,0.0,0.0,2335.9991061,0.0,6000.0,2408.1649761
784,0.0,0.0,0.0,0.0,0.0,0.0,2262.0,0.0,6000.0,2262.0
785,0.0,0.0,0.0,0.0,0.0,0.0,2244.0,0.0,6000.0,2244.0
786,0.0,0.0,0.0,0.0,0.0,0.0,2292.0,0.0,6000.0,2292.0
787,0.0,0.0,0.0,0.0,0.0,0.0,2352.0,0.0,6000.0,2352.0
788,0.0,0.0,0.0,0.0,0.0,0.0,2352.0,0.0,6000.0,2352.0
789,0.0,0.0,0.0,0.0,0.0,0.0,2346.0,0.0,6000.0,2346.0
790,0.0,0.0,0.0,0.0,0.0,0.0,2310.0,0.0,6000.0,2310.0
791,0.0,0.0,0.0,0.0,0.0,0.0,2394.0,0.0,6000.0,2394.0
792,0.0,0.0,0.0,0.0,0.0,0.0,2364.0,0.0,6000.0,2364.0
793,0.0,0.0,0.0,0.0,0.0,0.0,2280.0,0.0,6000.0,2280.0
794,0.0,0.0,0.0,0.0,0.0,0.0,2352.0,0.0,6000.0,2352.0
795,0.0,0.0,0.0,0.0,0.0,0.0,2304.0,0.0,6000.0,2304.0
796,0.0,0.0,0.0,0.0,0.0,0.0,2268.0,0.0,6000.0,2268.0
797,0.0,0.0,0.0,0.0,0.0,0.0,2178.0,0.0,6000.0,2178.0
798,0.0,0.0,0.0,0.0,0.0,0.0,2346.0,0.0,6000.0,2346.0
799,0.0,0.0,0.0,0.0,0.0,0.0,2430.0,0.0,6000.0,2430.0
800,8.366337,0.0,0.0,0.0,0.0,0.0,2403.88465311,0.0,6000.0,2412.25099011
801,105.38325,0.0,0.0,0.0,0.0,0.0,2195.7782475,0.0,6000.0,2301.1614975
802,39.8622,0.0,0.0,0.0,0.0,0.0,2373.333666,0.0,6000.0,2413.195866
803,62.37819,0.0,0.0,0.0,0.0,0.0,2381.4931557,0.0,6000.0,2443.8713457
804,73.61109,0.0,0.0,0.0,0.0,0.0,2328.5972427,0.0,6000.0,2402.2083327
805,62.13123,0.0,0.0,0.0,0.0,0.0,2207.7327069,0.0,6000.0,2269.8639369
806,38.99763,0.0,0.0,0.0,0.0,0.0,2272.1722989,0.0,6000.0,2311.1699289
807,53.66949,0.0,0.0,0.0,0.0,0.0,2341.9405947,0.0,6000.0,2395.6100847
808,0.0,0.0,0.0,0.0,0.0,0.0,2298.0,0.0,6000.0,2298.0
809,0.0,0.0,0.0,0.0,0.0,0.0,2274.0,0.0,6000.0,2274.0
810,0.0,0.0,0.0,0.0,0.0,0.0,2268.0,0.0,6000.0,2268.0
811,0.0,0.0,0.0,0.0,0.0,0.0,2304.0,0.0,6000.0,2304.0
812,0.0,0.0,0.0,0.0,0.0,0.0,2340.0,0.0,6000.0,2340.0
813,0.0,0.0,0.0,0.0,0.0,0.0,2352.0,0.0,6000.0,2352.0
814,0.0,0.0,0.0,0.0,0.0,0.0,2268.0,0.0,6000.0,2268.0
815,0.0,0.0,0.0,0.0,0.0,0.0,2412.0,0.0,6000.0,2412.0
816,0.0,0.0,0.0,0.0,0.0,0.0,2382.0,0.0,12000.0,2382.0
817,0.0,0.0,0.0,0.0,0.0,0.0,2286.0,0.0,12000.0,2286.0
818,0.0,0.0,0.0,0.0,0.0,0.0,2394.0,0.0,12000.0,2394.0
819,0.0,0.0,0.0,0.0,0.0,0.0,2280.0,0.0,12000.0,2280.0
820,0.0,0.0,0.0,0.0,0.0,0.0,2346.0,0.0,12000.0,2346.0
821,0.0,0.0,0.0,0.0,0.0,0.0,2184.0,0.0,12000.0,2184.0
822,0.0,0.0,0.0,0.0,0.0,0.0,2334.0,0.0,12000.0,2334.0
823,0.0,0.0,0.0,0.0,0.0,0.0,2370.0,0.0,12000.0,2370.0
824,0.0,0.0,0.0,0.0,0.0,0.0,2370.0,0.0,12000.0,2370.0
825,5.770569,0.0,0.0,0.0,0.0,0.0,2256.40254807,0.0,12000.0,2262.17311707
826,17.415405,0.0,0.0,0.0,0.0,0.0,2233.10705715,0.0,12000.0,2250.52246215
827,28.83846,0.0,0.0,0.0,0.0,0.0,2246.0266938,0.0,12000.0,2274.8651538
828,62.70411,0.0,0.0,0.0,0.0,0.0,2267.1770133,0.0,12000.0,2329.8811233
829,336.6237,0.0,0.0,0.0,0.0,0.0,1995.475011,0.0,12000.0,2332.098711
830,106.37739,0.0,0.0,0.0,0.0,0.0,2194.8139317,0.0,12000.0,2301.1913217
831,117.29739,0.0,0.0,0.0,0.0,0.0,2250.2215317,0.0,12000.0,2367.5189217
832,0.0,0.0,0.0,0.0,0.0,0.0,2316.0,0.0,12000.0,2316.0
833,0.0,0.0,0.0,0.0,0.0,0.0,2250.0,0.0,12000.0,2250.0
834,0.0,0.0,0.0,0.0,0.0,0.0,2214.0,0.0,12000.0,2214.0
835,0.0,0.0,0.0,0.0,0.0,0.0,2298.0,0.0,12000.0,2298.0
836,0.0,0.0,0.0,0.0,0.0,0.0,2376.0,0.0,12000.0,2376.0
837,0.0,0.0,0.0,0.0,0.0,0.0,2274.0,0.0,12000.0,2274.0
838,0.0,0.0,0.0,0.0,0.0,0.0,2268.0,0.0,12000.0,2268.0
839,0.0,0.0,0.0,0.0,0.0,0.0,2286.0,0.0,12000.0,2286.0
840,0.0,0.0,0.0,0.0,0.0,0.0,2220.0,0.0,12000.0,2220.0
841,0.0,0.0,0.0,0.0,0.0,0.0,2214.0,0.0,12000.0,2214.0
842,0.0,0.0,0.0,0.0,0.0,0.0,2406.0,0.0,12000.0,2406.0
843,0.0,0.0,0.0,0.0,0.0,0.0,2238.0,0.0,12000.0,2238.0
844,0.0,0.0,0.0,0.0,0.0,0.0,2256.0,0.0,12000.0,2256.0
845,0.0,0.0,0.0,0.0,0.0,0.0,2070.0,0.0,12000.0,2070.0
846,0.0,0.0,0.0,0.0,0.0,0.0,2196.0,0.0,12000.0,2196.0
847,0.0,0.0,0.0,0.0,0.0,0.0,2220.0,0.0,12000.0,2220.0
848,0.0,0.0,0.0,0.0,0.0,0.0,2256.0,0.0,12000.0,2256.0
849,5.327637,0.0,0.0,0.0,1176.41249140894,0.0,1151.82408711,0.0,10652.4484634491,2333.56421551894
850,39.438,0.0,0.0,0.0,2932.12501718213,0.0,-1.08023590042482e-13,0.0,7293.77146782238,2971.56301718213
851,417.7068,0.0,0.0,0.0,0.0,0.0,2312.824404,0.0,7293.77146782238,2730.531204
852,602.4291,0.0,0.0,0.0,0.0,0.0,2013.643773,0.0,7293.77146782238,2616.072873
853,1556.2407,0.0,0.0,0.0,0.0,0.0,1130.446521,0.0,7293.77146782238,2686.687221
854,1544.3085,0.0,0.0,0.0,1129.46249140893,0.0,9.72758984321745e-14,0.0,6000.0,2673.77099140893
855,171.09582,0.0,0.0,0.0,0.0,0.0,2468.0370546,0.0,6000.0,2639.1328746
856,0.0,0.0,0.0,0.0,0.0,0.0,2514.0,0.0,6000.0,2514.0
857,0.0,0.0,0.0,0.0,0.0,0.0,2406.0,0.0,6000.0,2406.0
858,0.0,0.0,0.0,0.0,0.0,0.0,2406.0,0.0,6000.0,2406.0
859,0.0,0.0,0.0,0.0,0.0,0.0,2400.0,0.0,6000.0,2400.0
860,0.0,0.0,0.0,0.0,0.0,0.0,2328.0,0.0,6000.0,2328.0
861,0.0,0.0,0.0,0.0,0.0,0.0,2376.0,0.0,6000.0,2376.0
862,0.0,0.0,0.0,0.0,0.0,0.0,2430.0,0.0,6000.0,2430.0
863,0.0,0.0,0.0,0.0,0.0,0.0,2358.0,0.0,6000.0,2358.0
864,0.0,0.0,0.0,0.0,0.0,0.0,2370.0,0.0,12000.0,2370.0
865,0.0,0.0,0.0,0.0,0.0,0.0,2292.0,0.0,12000.0,2292.0
866,0.0,0.0,0.0,0.0,0.0,0.0,2286.0,0.0,12000.0,2286.0
867,0.0,0.0,0.0,0.0,0.0,0.0,2238.0,0.0,12000.0,2238.0
868,0.0,0.0,0.0,0.0,0.0,0.0,2262.0,0.0,12000.0,2262.0
869,0.0,0.0,0.0,0.0,0.0,0.0,2262.0,0.0,12000.0,2262.0
870,0.0,0.0,0.0,0.0,0.0,0.0,2394.0,0.0,12000.0,2394.0
871,0.0,0.0,0.0,0.0,0.0,0.0,2484.0,0.0,12000.0,2484.0
872,0.0,0.0,0.0,0.0,0.0,0.0,2490.0,0.0,12000.0,2490.0
873,51.97836,0.0,0.0,0.0,0.0,0.0,2361.5809908,0.0,12000.0,2413.5593508
874,109.96293,0.0,0.0,0.0,2558.23133780069,0.0,5.2292803576749e-14,0.0,9069.60900595568,2668.1942678006903
875,144.65661,0.0,0.0,0.0,2657.13984914089,0.0,6.79299103174829e-14,0.0,6025.92074806234,2801.79645914089
876,156.33555,0.0,0.0,0.0,22.62881305842,0.0,2300.5995627,0.0,6000.0,2479.5639257584203
877,144.75615,0.0,0.0,0.0,0.0,0.0,2283.5865345,0.0,6000.0,2428.3426845000004
878,98.09667,0.0,0.0,0.0,0.0,0.0,2496.8462301,0.0,6000.0,2594.9429001
879,70.4277,0.0,0.0,0.0,0.0,0.0,2517.685131,0.0,6000.0,2588.1128310000004
880,0.0,0.0,0.0,0.0,0.0,0.0,2556.0,0.0,6000.0,2556.0
881,0.0,0.0,0.0,0.0,0.0,0.0,2520.0,0.0,6000.0,2520.0
882,0.0,0.0,0.0,0.0,0.0,0.0,2418.0,0.0,6000.0,2418.0
883,0.0,0.0,0.0,0.0,0.0,0.0,2442.0,0.0,6000.0,2442.0
884,0.0,0.0,0.0,0.0,0.0,0.0,2214.0,0.0,6000.0,2214.0
885,0.0,0.0,0.0,0.0,0.0,0.0,2100.0,0.0,6000.0,2100.0
886,0.0,0.0,0.0,0.0,0.0,0.0,2124.0,0.0,6000.0,2124.0
887,0.0,0.0,0.0,0.0,0.0,0.0,2124.0,0.0,6000.0,2124.0
888,0.0,0.0,0.0,0.0,0.0,0.0,2010.0,0.0,6000.0,2010.0
889,0.0,0.0,0.0,0.0,0.0,0.0,2094.0,0.0,6000.0,2094.0
890,0.0,0.0,0.0,0.0,0.0,0.0,2016.0,0.0,6000.0,2016.0
891,0.0,0.0,0.0,0.0,0.0,0.0,1992.0,0.0,6000.0,1992.0
892,0.0,0.0,0.0,0.0,0.0,0.0,1944.0,0.0,6000.0,1944.0
893,0.0,0.0,0.0,0.0,0.0,0.0,1944.0,0.0,6000.0,1944.0
894,0.0,0.0,0.0,0.0,0.0,0.0,1818.0,0.0,6000.0,1818.0
895,0.0,0.0,0.0,0.0,0.0,0.0,1866.0,0.0,6000.0,1866.0
896,108.62523,0.0,0.0,0.0,0.0,0.0,1892.6335269,0.0,6000.0,2001.2587569
897,367.038,0.0,0.0,0.0,0.0,0.0,1647.97314,0.0,6000.0,2015.01114
898,134.42121,0.0,0.0,0.0,0.0,0.0,2047.6114263,0.0,6000.0,2182.0326363
899,1683.0681,0.0,0.0,0.0,0.0,0.0,671.423943,0.0,6000.0,2354.492043
900,1969.8525,0.0,0.0,0.0,0.0,0.0,363.243075,0.0,6000.0,2333.095575
901,628.5846,0.0,0.0,0.0,0.0,0.0,1730.272938,0.0,6000.0,2358.857538
902,121.85313,0.0,0.0,0.0,0.0,0.0,2263.8024639,0.0,6000.0,2385.6555939
903,226.0839,0.0,0.0,0.0,0.0,0.0,2108.698617,0.0,6000.0,2334.782517
904,0.0,0.0,0.0,0.0,0.0,0.0,2340.0,0.0,6000.0,2340.0
905,0.0,0.0,0.0,0.0,0.0,0.0,2352.0,0.0,6000.0,2352.0
906,0.0,0.0,0.0,0.0,0.0,0.0,2382.0,0.0,6000.0,2382.0
907,0.0,0.0,0.0,0.0,0.0,0.0,2328.0,0.0,6000.0,2328.0
908,0.0,0.0,0.0,0.0,0.0,0.0,2478.0,0.0,6000.0,2478.0
909,0.0,0.0,0.0,0.0,0.0,0.0,2526.0,0.0,6000.0,2526.0
910,0.0,0.0,0.0,0.0,0.0,0.0,2502.0,0.0,6000.0,2502.0
911,0.0,0.0,0.0,0.0,0.0,0.0,2550.0,0.0,6000.0,2550.0
912,0.0,0.0,0.0,0.0,0.0,0.0,2574.0,0.0,12000.0,2574.0
913,0.0,0.0,0.0,0.0,0.0,0.0,2514.0,0.0,12000.0,2514.0
914,0.0,0.0,0.0,0.0,0.0,0.0,2610.0,0.0,12000.0,2610.0
915,0.0,0.0,0.0,0.0,0.0,0.0,2466.0,0.0,12000.0,2466.0
916,0.0,0.0,0.0,0.0,0.0,0.0,2526.0,0.0,12000.0,2526.0
917,0.0,0.0,0.0,0.0,0.0,0.0,2430.0,0.0,12000.0,2430.0
918,0.0,0.0,0.0,0.0,0.0,0.0,2676.0,0.0,12000.0,2676.0
919,0.0,0.0,0.0,0.0,0.0,0.0,2652.0,0.0,12000.0,2652.0
920,44.28333,0.0,0.0,0.0,0.0,0.0,2645.0451699,0.0,12000.0,2689.3284999
921,42.41853,0.0,0.0,0.0,0.0,0.0,2664.8540259,0.0,12000.0,2707.2725559
922,1038.3723,0.0,0.0,0.0,0.0,0.0,1632.778869,0.0,12000.0,2671.151169
923,2211.531,0.0,0.0,0.0,594.289725085911,0.0,-4.9307598492934205e-14,0.0,11319.2557559153,2805.820725085911
924,1400.5782,0.0,0.0,0.0,1529.71265292096,0.0,-5.61724664064639e-14,0.0,9567.00758533004,2930.29085292096
925,693.6762,0.0,0.0,0.0,0.0,0.0,1985.134086,0.0,9567.00758533004,2678.810286
926,478.1847,0.0,0.0,0.0,0.0,0.0,2068.160841,0.0,9567.00758533004,2546.345541
927,171.25122,0.0,0.0,0.0,0.0,0.0,2455.8863166,0.0,9567.00758533004,2627.1375366
928,0.0,0.0,0.0,0.0,0.0,0.0,2610.0,0.0,9567.00758533004,2610.0
929,0.0,0.0,0.0,0.0,0.0,0.0,2538.0,0.0,9567.00758533004,2538.0
930,0.0,0.0,0.0,0.0,0.0,0.0,2646.0,0.0,9567.00758533004,2646.0
931,0.0,0.0,0.0,0.0,0.0,0.0,2586.0,0.0,9567.00758533004,2586.0
932,0.0,0.0,0.0,0.0,0.0,0.0,2574.0,0.0,9567.00758533004,2574.0
933,0.0,0.0,0.0,0.0,0.0,0.0,2610.0,0.0,9567.00758533004,2610.0
934,0.0,0.0,0.0,0.0,0.0,0.0,2448.0,0.0,9567.00758533004,2448.0
935,0.0,0.0,0.0,0.0,0.0,0.0,2496.0,0.0,9567.00758533004,2496.0
936,0.0,0.0,0.0,0.0,0.0,0.0,2490.0,0.0,9567.00758533004,2490.0
937,0.0,0.0,0.0,0.0,0.0,0.0,2520.0,0.0,9567.00758533004,2520.0
938,0.0,0.0,0.0,0.0,0.0,0.0,2562.0,0.0,9567.00758533004,2562.0
939,0.0,0.0,0.0,0.0,0.0,0.0,2502.0,0.0,9567.00758533004,2502.0
940,0.0,0.0,0.0,0.0,0.0,0.0,2550.0,0.0,9567.00758533004,2550.0
941,0.0,0.0,0.0,0.0,0.0,0.0,2328.0,0.0,9567.00758533004,2328.0
942,0.0,0.0,0.0,0.0,0.0,0.0,2370.0,0.0,9567.00758533004,2370.0
943,0.0,0.0,0.0,0.0,0.0,0.0,2334.0,0.0,9567.00758533004,2334.0
944,14.944104,0.0,0.0,0.0,0.0,0.0,2289.50421912,0.0,9567.00758533004,2304.44832312
945,64.35702,0.0,0.0,0.0,0.0,0.0,2331.5736906,0.0,9567.00758533004,2395.9307106
946,122.09568,0.0,0.0,0.0,227.399683848798,0.0,2119.0472664,0.0,9306.5268478171,2468.5426302487976
947,180.10839,0.0,0.0,0.0,0.0,0.0,2327.2948617,0.0,9306.5268478171,2507.4032517
948,180.03573,0.0,0.0,0.0,0.0,0.0,2507.3653419,0.0,9306.5268478171,2687.4010719000003
949,156.66903,0.0,0.0,0.0,0.0,0.0,2398.0310409,0.0,9306.5268478171,2554.7000709
950,109.85037,0.0,0.0,0.0,0.0,0.0,2299.4451411,0.0,9306.5268478171,2409.2955111
951,61.40316,0.0,0.0,0.0,0.0,0.0,2448.4389348,0.0,9306.5268478171,2509.8420948
952,0.0,0.0,0.0,0.0,2886.59793814433,0.0,2.5591258779912202e-14,0.0,6000.0,2886.59793814433
953,0.0,0.0,0.0,0.0,0.0,0.0,2478.0,0.0,6000.0,2478.0
954,0.0,0.0,0.0,0.0,0.0,0.0,2622.0,0.0,6000.0,2622.0
955,0.0,0.0,0.0,0.0,0.0,0.0,2586.0,0.0,6000.0,2586.0
956,0.0,0.0,0.0,0.0,0.0,0.0,2556.0,0.0,6000.0,2556.0
957,0.0,0.0,0.0,0.0,0.0,0.0,2502.0,0.0,6000.0,2502.0
958,0.0,0.0,0.0,0.0,0.0,0.0,2562.0,0.0,6000.0,2562.0
959,0.0,0.0,0.0,0.0,0.0,0.0,2598.0,0.0,6000.0,2598.0
960,0.0,0.0,0.0,0.0,0.0,0.0,2454.0,0.0,12000.0,2454.0
961,0.0,0.0,0.0,0.0,0.0,0.0,2424.0,0.0,12000.0,2424.0
962,0.0,0.0,0.0,0.0,0.0,0.0,2448.0,0.0,12000.0,2448.0
963,0.0,0.0,0.0,0.0,0.0,0.0,2466.0,0.0,12000.0,2466.0
964,0.0,0.0,0.0,0.0,0.0,0.0,2436.0,0.0,12000.0,2436.0
965,0.0,0.0,0.0,0.0,0.0,0.0,2454.0,0.0,12000.0,2454.0
966,0.0,0.0,0.0,0.0,0.0,0.0,2430.0,0.0,12000.0,2430.0
967,0.0,0.0,0.0,0.0,0.0,0.0,2514.0,0.0,12000.0,2514.0
968,14.916699,0.0,0.0,0.0,0.0,0.0,2613.53080197,0.0,12000.0,2628.44750097
969,63.45276,0.0,0.0,0.0,0.0,0.0,2554.4508228,0.0,12000.0,2617.9035828
970,295.029,0.0,0.0,0.0,0.0,0.0,2155.82187,0.0,12000.0,2450.85087
971,521.3712,0.0,0.0,0.0,0.0,0.0,2194.269936,0.0,12000.0,2715.641136
972,833.8575,0.0,0.0,0.0,0.0,0.0,1849.158225,0.0,12000.0,2683.015725
973,1062.915,0.0,0.0,0.0,0.0,0.0,1656.97245,0.0,12000.0,2719.88745
974,889.4403,0.0,0.0,0.0,0.0,0.0,1723.242909,0.0,12000.0,2612.683209
975,471.3933,0.0,0.0,0.0,0.0,0.0,2230.748499,0.0,12000.0,2702.141799
976,0.0,0.0,0.0,0.0,0.0,0.0,2652.0,0.0,12000.0,2652.0
977,0.0,0.0,0.0,0.0,0.0,0.0,2658.0,0.0,12000.0,2658.0
978,0.0,0.0,0.0,0.0,0.0,0.0,2628.0,0.0,12000.0,2628.0
979,0.0,0.0,0.0,0.0,0.0,0.0,2664.0,0.0,12000.0,2664.0
980,0.0,0.0,0.0,0.0,0.0,0.0,2622.0,0.0,12000.0,2622.0
981,0.0,0.0,0.0,0.0,0.0,0.0,2568.0,0.0,12000.0,2568.0
982,0.0,0.0,0.0,0.0,0.0,0.0,2508.0,0.0,12000.0,2508.0
983,0.0,0.0,0.0,0.0,0.0,0.0,2616.0,0.0,12000.0,2616.0
984,0.0,0.0,0.0,0.0,0.0,0.0,2556.0,0.0,12000.0,2556.0
985,0.0,0.0,0.0,0.0,0.0,0.0,2520.0,0.0,12000.0,2520.0
986,0.0,0.0,0.0,0.0,0.0,0.0,2598.0,0.0,12000.0,2598.0
987,0.0,0.0,0.0,0.0,0.0,0.0,2556.0,0.0,12000.0,2556.0
988,0.0,0.0,0.0,0.0,0.0,0.0,2580.0,0.0,12000.0,2580.0
989,0.0,0.0,0.0,0.0,0.0,0.0,2550.0,0.0,12000.0,2550.0
990,0.0,0.0,0.0,0.0,0.0,0.0,2640.0,0.0,12000.0,2640.0
991,0.0,0.0,0.0,0.0,0.0,0.0,2544.0,0.0,12000.0,2544.0
992,5.011356,0.0,0.0,0.0,0.0,0.0,2551.13898468,0.0,12000.0,2556.15034068
993,29.33028,0.0,0.0,0.0,0.0,0.0,2599.5496284,0.0,12000.0,2628.8799084
994,63.49749,0.0,0.0,0.0,0.0,0.0,2560.4074347,0.0,12000.0,2623.9049247000003
995,86.11092,0.0,0.0,0.0,0.0,0.0,2502.4724076,0.0,12000.0,2588.5833276000003
996,97.3434,0.0,0.0,0.0,0.0,0.0,2353.576902,0.0,12000.0,2450.920302
997,86.00781,0.0,0.0,0.0,0.0,0.0,2340.5724243,0.0,12000.0,2426.5802343
998,63.021,0.0,0.0,0.0,0.0,0.0,2272.86963,0.0,12000.0,2335.8906300000003
999,27.79833,0.0,0.0,0.0,0.0,0.0,2505.0356199,0.0,12000.0,2532.8339499
1000,17.278716,0.0,0.0,0.0,3059.83922735395,0.0,-1.27350860119872e-13,0.0,8495.02952193133,3077.1179433539496
1001,0.0,0.0,0.0,0.0,2178.16077264605,0.0,996.46564548,0.0,6000.0,3174.6264181260503
1002,0.0,0.0,0.0,0.0,0.0,0.0,2712.0,0.0,6000.0,2712.0
1003,0.0,0.0,0.0,0.0,0.0,0.0,2718.0,0.0,6000.0,2718.0
1004,0.0,0.0,0.0,0.0,0.0,0.0,2664.0,0.0,6000.0,2664.0
1005,0.0,0.0,0.0,0.0,0.0,0.0,2640.0,0.0,6000.0,2640.0
1006,0.0,0.0,0.0,0.0,0.0,0.0,2478.0,0.0,6000.0,2478.0
1007,0.0,0.0,0.0,0.0,0.0,0.0,2544.0,0.0,6000.0,2544.0
1008,0.0,0.0,0.0,0.0,0.0,0.0,2538.0,0.0,12000.0,2538.0
1009,0.0,0.0,0.0,0.0,0.0,0.0,2418.0,0.0,12000.0,2418.0
1010,0.0,0.0,0.0,0.0,0.0,0.0,2508.0,0.0,12000.0,2508.0
1011,0.0,0.0,0.0,0.0,0.0,0.0,2514.0,0.0,12000.0,2514.0
1012,0.0,0.0,0.0,0.0,0.0,0.0,2424.0,0.0,12000.0,2424.0
1013,0.0,0.0,0.0,0.0,0.0,0.0,2310.0,0.0,12000.0,2310.0
1014,0.0,0.0,0.0,0.0,0.0,0.0,2454.0,0.0,12000.0,2454.0
1015,0.0,0.0,0.0,0.0,0.0,0.0,2514.0,0.0,12000.0,2514.0
1016,5.317368,0.0,0.0,0.0,0.0,0.0,2490.84215304,0.0,12000.0,2496.15952104
1017,29.26455,0.0,0.0,0.0,0.0,0.0,2407.6133865,0.0,12000.0,2436.8779365
1018,63.37632,0.0,0.0,0.0,0.0,0.0,2368.5249696,0.0,12000.0,2431.9012896
1019,97.24953,0.0,0.0,0.0,0.0,0.0,2323.6679559,0.0,12000.0,2420.9174859
1020,97.24071,0.0,0.0,0.0,2460.68983298969,0.0,133.4942871,0.0,9181.34039749176,2691.4248300896897
1021,85.98786,0.0,0.0,0.0,2777.31016701031,0.0,1.10889626666851e-13,0.0,6000.0,2863.2980270103103
1022,63.11844,0.0,0.0,0.0,0.0,0.0,2368.7751132,0.0,6000.0,2431.8935532
1023,28.13517,0.0,0.0,0.0,0.0,0.0,2366.7088851,0.0,6000.0,2394.8440551
1024,10.272465,0.0,0.0,0.0,0.0,0.0,2498.03570895,0.0,6000.0,2508.30817395
1025,0.0,0.0,0.0,0.0,0.0,0.0,2454.0,0.0,6000.0,2454.0
1026,0.0,0.0,0.0,0.0,0.0,0.0,2184.0,0.0,6000.0,2184.0
1027,0.0,0.0,0.0,0.0,0.0,0.0,2286.0,0.0,6000.0,2286.0
1028,0.0,0.0,0.0,0.0,0.0,0.0,2298.0,0.0,6000.0,2298.0
1029,0.0,0.0,0.0,0.0,0.0,0.0,2202.0,0.0,6000.0,2202.0
1030,0.0,0.0,0.0,0.0,0.0,0.0,2226.0,0.0,6000.0,2226.0
1031,0.0,0.0,0.0,0.0,0.0,0.0,2268.0,0.0,6000.0,2268.0
1032,0.0,0.0,0.0,0.0,0.0,0.0,2370.0,0.0,6000.0,2370.0
1033,0.0,0.0,0.0,0.0,0.0,0.0,2232.0,0.0,6000.0,2232.0
1034,0.0,0.0,0.0,0.0,0.0,0.0,2286.0,0.0,6000.0,2286.0
1035,0.0,0.0,0.0,0.0,0.0,0.0,2160.0,0.0,6000.0,2160.0
1036,0.0,0.0,0.0,0.0,0.0,0.0,2154.0,0.0,6000.0,2154.0
1037,0.0,0.0,0.0,0.0,0.0,0.0,2100.0,0.0,6000.0,2100.0
1038,0.0,0.0,0.0,0.0,0.0,0.0,2280.0,0.0,6000.0,2280.0
1039,0.0,0.0,0.0,0.0,0.0,0.0,2274.0,0.0,6000.0,2274.0
1040,102.34728,0.0,0.0,0.0,0.0,0.0,2234.7231384,0.0,6000.0,2337.0704184
1041,976.1661,0.0,0.0,0.0,0.0,0.0,1411.118883,0.0,6000.0,2387.284983
1042,2350.51546391753,75.8875360824741,0.0,0.0,1.29040689466438e-13,0.0,1.05790773877943e-29,0.0,6062.5692735,2350.51546391753
1043,2400.0,1971.276,0.0,0.0,7.32518284288763e-14,0.0,-4.07292951658934e-30,0.0,7687.8863355,2400.0
1044,2443.29896907217,1488.38403092783,0.0,0.0,-1.6504148784835e-13,0.0,4.30115333628296e-30,0.0,8915.058969,2443.29896907217
1045,2424.74226804124,554.275731958762,0.0,0.0,-2.07280019249051e-13,0.0,-1.5041629833823198e-30,0.0,9372.05931,2424.74226804124
1046,1981.3248,0.0,0.0,0.0,0.0,0.0,424.114944,0.0,9372.05931,2405.439744
1047,376.3095,0.0,0.0,0.0,0.0,0.0,2016.979785,0.0,9372.05931,2393.289285
1048,24.1374,0.0,0.0,0.0,277.141110963333,0.0,2098.64253212901,0.0,9054.60099274532,2399.921043092343
1049,0.0,0.0,0.0,0.0,2666.66666666667,0.0,1.37068430679695e-13,0.0,6000.0,2666.66666666667
1050,0.0,0.0,0.0,0.0,0.0,0.0,2280.0,0.0,6000.0,2280.0
1051,0.0,0.0,0.0,0.0,0.0,0.0,2262.0,0.0,6000.0,2262.0
1052,0.0,0.0,0.0,0.0,0.0,0.0,2238.0,0.0,6000.0,2238.0
1053,0.0,0.0,0.0,0.0,0.0,0.0,2118.0,0.0,6000.0,2118.0
1054,0.0,0.0,0.0,0.0,0.0,0.0,2202.0,0.0,6000.0,2202.0
1055,0.0,0.0,0.0,0.0,0.0,0.0,2178.0,0.0,6000.0,2178.0
1056,0.0,0.0,0.0,0.0,0.0,0.0,2238.0,0.0,12000.0,2238.0
1057,0.0,0.0,0.0,0.0,0.0,0.0,2118.0,0.0,12000.0,2118.0
1058,0.0,0.0,0.0,0.0,0.0,0.0,2094.0,0.0,12000.0,2094.0
1059,0.0,0.0,0.0,0.0,0.0,0.0,2124.0,0.0,12000.0,2124.0
1060,0.0,0.0,0.0,0.0,0.0,0.0,2136.0,0.0,12000.0,2136.0
1061,0.0,0.0,0.0,0.0,0.0,0.0,2160.0,0.0,12000.0,2160.0
1062,0.0,0.0,0.0,0.0,0.0,0.0,2190.0,0.0,12000.0,2190.0
1063,0.0,0.0,0.0,0.0,0.0,0.0,2208.0,0.0,12000.0,2208.0
1064,2044.5579,0.0,0.0,0.0,0.0,0.0,416.778837,0.0,12000.0,2461.336737
1065,405.5919,0.0,0.0,0.0,0.0,0.0,1904.575857,0.0,12000.0,2310.167757
1066,2363.067,0.0,0.0,0.0,0.0,0.0,17.8250100000001,0.0,12000.0,2380.89201
1067,2412.37113402062,4914.80186597938,0.0,0.0,0.0,0.0,-5.85033052930063e-14,0.0,16052.2541385,2412.37113402062
1068,2412.37113402062,1157.27186597938,0.0,0.0,0.0,0.0,-5.85033052930063e-14,0.0,17006.424792,2412.37113402062
1069,2412.37113402062,4385.60186597938,0.0,0.0,0.0,0.0,-5.85033052930063e-14,0.0,20622.3535305,2412.37113402062
1070,2468.0412371134,2929.5257628866,0.0,0.0,0.0,0.0,5.21194084454298e-14,0.0,23037.747522,2468.0412371134
1071,2412.37113402062,768.708865979381,0.0,0.0,0.0,0.0,-5.85033052930063e-14,0.0,23671.547982,2412.37113402062
1072,503.8656,0.0,0.0,0.0,2230.52734020619,0.0,-1.55199360314018e-13,0.0,21116.5338465977,2734.39294020619
1073,0.0,0.0,0.0,0.0,2666.66666666667,0.0,1.37068430679695e-13,0.0,18061.9328538524,2666.66666666667
1074,0.0,0.0,0.0,0.0,0.0,0.0,2412.0,0.0,18061.9328538524,2412.0
1075,0.0,0.0,0.0,0.0,2666.66666666667,0.0,1.37068430679695e-13,0.0,15007.3318611071,2666.66666666667
1076,0.0,0.0,0.0,0.0,2000.85775942002,0.0,737.251176026325,0.0,12715.3985742571,2738.108935446345
1077,0.0,0.0,0.0,0.0,0.0,0.0,2532.0,0.0,12715.3985742571,2532.0
1078,0.0,0.0,0.0,0.0,0.0,0.0,2424.0,0.0,12715.3985742571,2424.0
1079,0.0,0.0,0.0,0.0,2920.96219931271,0.0,-1.66392016621715e-14,0.0,9369.50831158505,2920.96219931271
1080,0.0,0.0,0.0,0.0,2941.58075601375,0.0,1.96219184466908e-13,0.0,6000.0,2941.58075601375
1081,0.0,0.0,0.0,0.0,0.0,0.0,2460.0,0.0,6000.0,2460.0
1082,0.0,0.0,0.0,0.0,0.0,0.0,2496.0,0.0,6000.0,2496.0
1083,0.0,0.0,0.0,0.0,0.0,0.0,2544.0,0.0,6000.0,2544.0
1084,0.0,0.0,0.0,0.0,0.0,0.0,2550.0,0.0,6000.0,2550.0
1085,0.0,0.0,0.0,0.0,0.0,0.0,2442.0,0.0,6000.0,2442.0
1086,0.0,0.0,0.0,0.0,0.0,0.0,2586.0,0.0,6000.0,2586.0
1087,0.0,0.0,0.0,0.0,0.0,0.0,2670.0,0.0,6000.0,2670.0
1088,80.82354,0.0,0.0,0.0,0.0,0.0,2651.6011662,0.0,6000.0,2732.4247062
1089,586.3788,0.0,0.0,0.0,0.0,0.0,2149.212564,0.0,6000.0,2735.591364
1090,2544.066,0.0,0.0,0.0,0.0,0.0,160.25598,0.0,6000.0,2704.32198
1091,2857.73195876289,1228.09104123711,0.0,0.0,-6.38390104298484e-14,0.0,5.3265839396064894e-30,0.0,7012.5610635,2857.73195876289
1092,2758.76288659794,953.533113402061,0.0,0.0,4.77387116452748e-14,0.0,1.5741703759925098e-30,0.0,7798.7491155,2758.76288659794
1093,2721.64948453608,576.022515463917,0.0,0.0,-3.67383511561274e-14,0.0,9.82346860789029e-31,0.0,8273.6796795,2721.64948453608
1094,2182.509,0.0,0.0,0.0,557.807869415808,0.0,-1.9586451803704402e-14,0.0,7634.72450262049,2740.316869415808
1095,794.9844,0.0,0.0,0.0,0.0,0.0,1880.865132,0.0,7634.72450262049,2675.849532
1096,44.77935,0.0,0.0,0.0,0.0,0.0,2554.5640305,0.0,7634.72450262049,2599.3433805
1097,0.0,0.0,0.0,0.0,0.0,0.0,2592.0,0.0,7634.72450262049,2592.0
1098,0.0,0.0,0.0,0.0,0.0,0.0,2598.0,0.0,7634.72450262049,2598.0
1099,0.0,0.0,0.0,0.0,0.0,0.0,2556.0,0.0,7634.72450262049,2556.0
1100,0.0,0.0,0.0,0.0,1427.11449078769,0.0,1316.12904954235,0.0,6000.0,2743.24354033004
1101,0.0,0.0,0.0,0.0,0.0,0.0,2502.0,0.0,6000.0,2502.0
1102,0.0,0.0,0.0,0.0,0.0,0.0,2460.0,0.0,6000.0,2460.0
1103,0.0,0.0,0.0,0.0,0.0,0.0,2532.0,0.0,6000.0,2532.0
1104,0.0,0.0,0.0,0.0,0.0,0.0,2568.0,0.0,12000.0,2568.0
1105,0.0,0.0,0.0,0.0,0.0,0.0,2514.0,0.0,12000.0,2514.0
1106,0.0,0.0,0.0,0.0,0.0,0.0,2520.0,0.0,12000.0,2520.0
1107,0.0,0.0,0.0,0.0,0.0,0.0,2520.0,0.0,12000.0,2520.0
1108,0.0,0.0,0.0,0.0,0.0,0.0,2598.0,0.0,12000.0,2598.0
1109,0.0,0.0,0.0,0.0,0.0,0.0,2484.0,0.0,12000.0,2484.0
1110,0.0,0.0,0.0,0.0,0.0,0.0,2370.0,0.0,12000.0,2370.0
1111,0.0,0.0,0.0,0.0,0.0,0.0,2322.0,0.0,12000.0,2322.0
1112,81.99765,0.0,0.0,0.0,0.0,0.0,2236.4622795,0.0,12000.0,2318.4599295
1113,442.0227,0.0,0.0,0.0,0.0,0.0,1953.237981,0.0,12000.0,2395.260681
1114,73.59198,0.0,0.0,0.0,0.0,0.0,2310.6157794,0.0,12000.0,2384.2077594
1115,876.1368,0.0,0.0,0.0,0.0,0.0,1574.147304,0.0,12000.0,2450.2841040000003
1116,106.33161,0.0,0.0,0.0,2521.02902439863,0.0,-8.82902124310216e-14,0.0,9112.22333974957,2627.3606343986303
1117,94.83831,0.0,0.0,0.0,1691.43219896907,0.0,837.3865296,0.0,7174.72941194995,2623.65703856907
1118,1458.4584,0.0,0.0,0.0,1025.5387766323,0.0,8.685947743570971e-14,0.0,6000.0,2483.9971766323
1119,630.7098,0.0,0.0,0.0,0.0,0.0,1896.211494,0.0,6000.0,2526.921294
1120,20.540184,0.0,0.0,0.0,0.0,0.0,2536.07602152,0.0,6000.0,2556.61620552
1121,0.0,0.0,0.0,0.0,0.0,0.0,2622.0,0.0,6000.0,2622.0
1122,0.0,0.0,0.0,0.0,0.0,0.0,2598.0,0.0,6000.0,2598.0
1123,0.0,0.0,0.0,0.0,0.0,0.0,2514.0,0.0,6000.0,2514.0
1124,0.0,0.0,0.0,0.0,0.0,0.0,2502.0,0.0,6000.0,2502.0
1125,0.0,0.0,0.0,0.0,0.0,0.0,2640.0,0.0,6000.0,2640.0
1126,0.0,0.0,0.0,0.0,0.0,0.0,2538.0,0.0,6000.0,2538.0
1127,0.0,0.0,0.0,0.0,0.0,0.0,2592.0,0.0,6000.0,2592.0
1128,0.0,0.0,0.0,0.0,0.0,0.0,2586.0,0.0,6000.0,2586.0
1129,0.0,0.0,0.0,0.0,0.0,0.0,2574.0,0.0,6000.0,2574.0
1130,0.0,0.0,0.0,0.0,0.0,0.0,2652.0,0.0,6000.0,2652.0
1131,0.0,0.0,0.0,0.0,0.0,0.0,2628.0,0.0,6000.0,2628.0
1132,0.0,0.0,0.0,0.0,0.0,0.0,2616.0,0.0,6000.0,2616.0
1133,0.0,0.0,0.0,0.0,0.0,0.0,2556.0,0.0,6000.0,2556.0
1134,0.0,0.0,0.0,0.0,0.0,0.0,2718.0,0.0,6000.0,2718.0
1135,0.0,0.0,0.0,0.0,0.0,0.0,2784.0,0.0,6000.0,2784.0
1136,80.58687,0.0,0.0,0.0,0.0,0.0,2747.8307361,0.0,6000.0,2828.4176061000003
1137,38.97432,0.0,0.0,0.0,0.0,0.0,2800.1949096,0.0,6000.0,2839.1692296
1138,72.99516,0.0,0.0,0.0,0.0,0.0,2761.1946948,0.0,6000.0,2834.1898548
1139,392.4669,0.0,0.0,0.0,0.0,0.0,2343.307107,0.0,6000.0,2735.774007
1140,106.31145,0.0,0.0,0.0,0.0,0.0,2398.8778935,0.0,6000.0,2505.1893435
1141,94.90383,0.0,0.0,0.0,0.0,0.0,2463.9432849,0.0,6000.0,2558.8471149
1142,2008.3455,0.0,0.0,0.0,0.0,0.0,523.904865,0.0,6000.0,2532.250365
1143,542.6547,0.0,0.0,0.0,0.0,0.0,2221.624941,0.0,6000.0,2764.279641
1144,27.84432,0.0,0.0,0.0,0.0,0.0,2606.9910096,0.0,6000.0,2634.8353296
1145,0.0,0.0,0.0,0.0,0.0,0.0,2694.0,0.0,6000.0,2694.0
1146,0.0,0.0,0.0,0.0,0.0,0.0,2628.0,0.0,6000.0,2628.0
1147,0.0,0.0,0.0,0.0,0.0,0.0,2592.0,0.0,6000.0,2592.0
1148,0.0,0.0,0.0,0.0,0.0,0.0,2634.0,0.0,6000.0,2634.0
1149,0.0,0.0,0.0,0.0,0.0,0.0,2682.0,0.0,6000.0,2682.0
1150,0.0,0.0,0.0,0.0,0.0,0.0,2628.0,0.0,6000.0,2628.0
1151,0.0,0.0,0.0,0.0,0.0,0.0,2664.0,0.0,6000.0,2664.0
1152,0.0,0.0,0.0,0.0,0.0,0.0,2640.0,0.0,12000.0,2640.0
1153,0.0,0.0,0.0,0.0,0.0,0.0,2682.0,0.0,12000.0,2682.0
1154,0.0,0.0,0.0,0.0,0.0,0.0,2640.0,0.0,12000.0,2640.0
1155,0.0,0.0,0.0,0.0,0.0,0.0,2580.0,0.0,12000.0,2580.0
1156,0.0,0.0,0.0,0.0,0.0,0.0,2604.0,0.0,12000.0,2604.0
1157,0.0,0.0,0.0,0.0,0.0,0.0,2460.0,0.0,12000.0,2460.0
1158,0.0,0.0,0.0,0.0,0.0,0.0,2544.0,0.0,12000.0,2544.0
1159,0.0,0.0,0.0,0.0,0.0,0.0,2604.0,0.0,12000.0,2604.0
1160,136.96137,0.0,0.0,0.0,0.0,0.0,2423.1474711,0.0,12000.0,2560.1088411
1161,40.11987,0.0,0.0,0.0,0.0,0.0,2505.0837261,0.0,12000.0,2545.2035961
1162,255.1983,0.0,0.0,0.0,0.0,0.0,2188.457649,0.0,12000.0,2443.655949
1163,2727.83505154639,102.586948453608,0.0,0.0,0.0,0.0,1.27253808864928e-13,0.0,12084.582939,2727.83505154639
1164,2888.65979381443,964.630206185567,0.0,0.0,0.0,0.0,-1.41309369703861e-13,0.0,12879.920544,2888.65979381443
1165,2588.166,0.0,0.0,0.0,0.0,0.0,297.47898,0.0,12879.920544,2885.64498
1166,2294.25,0.0,0.0,0.0,0.0,0.0,492.5775,0.0,12879.920544,2786.8275
1167,1254.099,0.0,0.0,0.0,0.0,0.0,1555.52397,0.0,12879.920544,2809.62297
1168,63.29085,0.0,0.0,0.0,0.0,0.0,2464.6078755,0.0,12879.920544,2527.8987255
1169,0.0,0.0,0.0,0.0,0.0,0.0,2652.0,0.0,12879.920544,2652.0
1170,0.0,0.0,0.0,0.0,0.0,0.0,2640.0,0.0,12879.920544,2640.0
1171,0.0,0.0,0.0,0.0,0.0,0.0,2688.0,0.0,12879.920544,2688.0
1172,0.0,0.0,0.0,0.0,0.0,0.0,2646.0,0.0,12879.920544,2646.0
1173,0.0,0.0,0.0,0.0,0.0,0.0,2640.0,0.0,12879.920544,2640.0
1174,0.0,0.0,0.0,0.0,0.0,0.0,2598.0,0.0,12879.920544,2598.0
1175,0.0,0.0,0.0,0.0,0.0,0.0,2526.0,0.0,12879.920544,2526.0
1176,0.0,0.0,0.0,0.0,0.0,0.0,2646.0,0.0,12879.920544,2646.0
1177,0.0,0.0,0.0,0.0,0.0,0.0,2634.0,0.0,12879.920544,2634.0
1178,0.0,0.0,0.0,0.0,0.0,0.0,2616.0,0.0,12879.920544,2616.0
1179,0.0,0.0,0.0,0.0,0.0,0.0,2538.0,0.0,12879.920544,2538.0
1180,0.0,0.0,0.0,0.0,0.0,0.0,2568.0,0.0,12879.920544,2568.0
1181,0.0,0.0,0.0,0.0,0.0,0.0,2394.0,0.0,12879.920544,2394.0
1182,0.0,0.0,0.0,0.0,0.0,0.0,2544.0,0.0,12879.920544,2544.0
1183,0.0,0.0,0.0,0.0,0.0,0.0,2628.0,0.0,12879.920544,2628.0
1184,190.78206,0.0,0.0,0.0,0.0,0.0,2514.9414018,0.0,12879.920544,2705.7234618
1185,886.2693,0.0,0.0,0.0,0.0,0.0,1810.318779,0.0,12879.920544,2696.588079
1186,94.99098,0.0,0.0,0.0,0.0,0.0,2529.8587494,0.0,12879.920544,2624.8497294
1187,230.2776,0.0,0.0,0.0,2665.09819931271,0.0,1.01595351152839e-13,0.0,9827.11619198085,2895.37579931271
1188,1685.4642,0.0,0.0,0.0,1068.84275601375,0.0,-3.7664373387233904e-14,0.0,8602.78313812776,2754.30695601375
1189,105.63483,0.0,0.0,0.0,2272.22967958554,0.0,499.877704621824,0.0,6000.0,2877.742214207364
1190,71.59782,0.0,0.0,0.0,0.0,0.0,2432.5501146,0.0,6000.0,2504.1479346
1191,36.95832,0.0,0.0,0.0,0.0,0.0,2514.1504296,0.0,6000.0,2551.1087496
1192,48.33717,0.0,0.0,0.0,0.0,0.0,2515.1129451,0.0,6000.0,2563.4501151
1193,0.0,0.0,0.0,0.0,0.0,0.0,2460.0,0.0,6000.0,2460.0
1194,0.0,0.0,0.0,0.0,0.0,0.0,2328.0,0.0,6000.0,2328.0
1195,0.0,0.0,0.0,0.0,0.0,0.0,2280.0,0.0,6000.0,2280.0
1196,0.0,0.0,0.0,0.0,0.0,0.0,2292.0,0.0,6000.0,2292.0
1197,0.0,0.0,0.0,0.0,0.0,0.0,2346.0,0.0,6000.0,2346.0
1198,0.0,0.0,0.0,0.0,0.0,0.0,2316.0,0.0,6000.0,2316.0
1199,0.0,0.0,0.0,0.0,0.0,0.0,2220.0,0.0,6000.0,2220.0
1200,0.0,0.0,0.0,0.0,0.0,0.0,2298.0,0.0,12000.0,2298.0
1201,0.0,0.0,0.0,0.0,0.0,0.0,2268.0,0.0,12000.0,2268.0
1202,0.0,0.0,0.0,0.0,0.0,0.0,2244.0,0.0,12000.0,2244.0
1203,0.0,0.0,0.0,0.0,0.0,0.0,2202.0,0.0,12000.0,2202.0
1204,0.0,0.0,0.0,0.0,0.0,0.0,2148.0,0.0,12000.0,2148.0
1205,0.0,0.0,0.0,0.0,0.0,0.0,2142.0,0.0,12000.0,2142.0
1206,0.0,0.0,0.0,0.0,0.0,0.0,2286.0,0.0,12000.0,2286.0
1207,0.0,0.0,0.0,0.0,0.0,0.0,2364.0,0.0,12000.0,2364.0
1208,113.63457,0.0,0.0,0.0,0.0,0.0,2175.7744671,0.0,12000.0,2289.4090371
1209,3.941469,0.0,0.0,0.0,0.0,0.0,2396.17677507,0.0,12000.0,2400.11824407
1210,275.583,0.0,0.0,0.0,0.0,0.0,2216.68449,0.0,12000.0,2492.26749
1211,401.5053,0.0,0.0,0.0,0.0,0.0,2070.539859,0.0,12000.0,2472.045159
1212,161.22897,0.0,0.0,0.0,0.0,0.0,2321.6078991,0.0,12000.0,2482.8368691
1213,36.68742,0.0,0.0,0.0,0.0,0.0,2412.4132026,0.0,12000.0,2449.1006226000004
1214,25.22709,0.0,0.0,0.0,0.0,0.0,2555.5297227,0.0,12000.0,2580.7568127
1215,13.177269,0.0,0.0,0.0,0.0,0.0,2525.21804907,0.0,12000.0,2538.39531807
1216,3.963708,0.0,0.0,0.0,0.0,0.0,2660.15520324,0.0,12000.0,2664.11891124
1217,0.0,0.0,0.0,0.0,0.0,0.0,2556.0,0.0,12000.0,2556.0
1218,0.0,0.0,0.0,0.0,0.0,0.0,2424.0,0.0,12000.0,2424.0
1219,0.0,0.0,0.0,0.0,0.0,0.0,2412.0,0.0,12000.0,2412.0
1220,0.0,0.0,0.0,0.0,0.0,0.0,2490.0,0.0,12000.0,2490.0
1221,0.0,0.0,0.0,0.0,0.0,0.0,2466.0,0.0,12000.0,2466.0
1222,0.0,0.0,0.0,0.0,0.0,0.0,2448.0,0.0,12000.0,2448.0
1223,0.0,0.0,0.0,0.0,0.0,0.0,2424.0,0.0,12000.0,2424.0
1224,0.0,0.0,0.0,0.0,0.0,0.0,2484.0,0.0,12000.0,2484.0
1225,0.0,0.0,0.0,0.0,0.0,0.0,2376.0,0.0,12000.0,2376.0
1226,0.0,0.0,0.0,0.0,2659.79381443299,0.0,6.61156353033352e-14,0.0,8953.27169022567,2659.79381443299
1227,0.0,0.0,0.0,0.0,42.1237113402067,0.0,2201.226,0.0,8905.02001629645,2243.349711340207
1228,0.0,0.0,0.0,0.0,0.0,0.0,2256.0,0.0,8905.02001629645,2256.0
1229,0.0,0.0,0.0,0.0,0.0,0.0,2154.0,0.0,8905.02001629645,2154.0
1230,0.0,0.0,0.0,0.0,0.0,0.0,2136.0,0.0,8905.02001629645,2136.0
1231,0.0,0.0,0.0,0.0,0.0,0.0,2304.0,0.0,8905.02001629645,2304.0
1232,113.62533,0.0,0.0,0.0,0.0,0.0,2337.7834299,0.0,8905.02001629645,2451.4087599
1233,970.6935,0.0,0.0,0.0,0.0,0.0,1296.427305,0.0,8905.02001629645,2267.120805
1234,2191.665,0.0,0.0,0.0,0.0,0.0,286.08495,0.0,8905.02001629645,2477.74995
1235,645.4686,0.0,0.0,0.0,0.0,0.0,1755.895458,0.0,8905.02001629645,2401.364058
1236,36.9201,0.0,0.0,0.0,0.0,0.0,2298.187503,0.0,8905.02001629645,2335.107603
1237,787.4454,0.0,0.0,0.0,0.0,0.0,1558.177962,0.0,8905.02001629645,2345.623362
1238,241.7121,0.0,0.0,0.0,0.0,0.0,2177.539263,0.0,8905.02001629645,2419.2513630000003
1239,15.766905,0.0,0.0,0.0,0.0,0.0,2354.70610215,0.0,8905.02001629645,2370.47300715
1240,41.5947,0.0,0.0,0.0,0.0,0.0,2407.653141,0.0,8905.02001629645,2449.247841
1241,0.0,0.0,0.0,0.0,0.0,0.0,2394.0,0.0,8905.02001629645,2394.0
1242,0.0,0.0,0.0,0.0,0.0,0.0,2502.0,0.0,8905.02001629645,2502.0
1243,0.0,0.0,0.0,0.0,0.0,0.0,2406.0,0.0,8905.02001629645,2406.0
1244,0.0,0.0,0.0,0.0,0.0,0.0,2340.0,0.0,8905.02001629645,2340.0
1245,0.0,0.0,0.0,0.0,0.0,0.0,2322.0,0.0,8905.02001629645,2322.0
1246,0.0,0.0,0.0,0.0,0.0,0.0,2292.0,0.0,8905.02001629645,2292.0
1247,0.0,0.0,0.0,0.0,2536.0824742268,0.0,-2.00513694994932e-14,0.0,6000.0,2536.0824742268
1248,0.0,0.0,0.0,0.0,0.0,0.0,2220.0,0.0,12000.0,2220.0
1249,0.0,0.0,0.0,0.0,2384.87972508591,0.0,6.96488151612213e-15,0.0,9268.17900906539,2384.87972508591
1250,0.0,0.0,0.0,0.0,427.003436426117,0.0,1763.226,0.0,8779.05708876056,2190.229436426117
1251,0.0,0.0,0.0,0.0,2426.11683848797,0.0,3.56872164503982e-14,0.0,6000.0,2426.11683848797
1252,0.0,0.0,0.0,0.0,0.0,0.0,2004.0,0.0,6000.0,2004.0
1253,0.0,0.0,0.0,0.0,0.0,0.0,1830.0,0.0,6000.0,1830.0
1254,0.0,0.0,0.0,0.0,0.0,0.0,1824.0,0.0,6000.0,1824.0
1255,0.0,0.0,0.0,0.0,0.0,0.0,1818.0,0.0,6000.0,1818.0
1256,16.434705,0.0,0.0,0.0,0.0,0.0,1802.05833615,0.0,6000.0,1818.49304115
1257,50.73831,0.0,0.0,0.0,0.0,0.0,1672.7838393,0.0,6000.0,1723.5221493
1258,95.09619,0.0,0.0,0.0,0.0,0.0,1671.7566957,0.0,6000.0,1766.8528857
1259,1520.0346,0.0,0.0,0.0,0.0,0.0,331.566438,0.0,6000.0,1851.601038
1260,1830.92783505155,2361.70116494845,0.0,0.0,-4.3088521116605504e-14,0.0,1.28030016779502e-30,0.0,7947.2226105,1830.92783505155
1261,1787.62886597938,1024.46013402062,0.0,0.0,-5.74326219985257e-14,0.0,2.8009873003215498e-30,0.0,8791.889991,1787.62886597938
1262,1843.29896907216,640.350030927835,0.0,0.0,6.92829722035775e-14,0.0,-1.8206819889367697e-30,0.0,9319.8585915,1843.29896907216
1263,1418.7978,0.0,0.0,0.0,451.049408934708,0.0,8.24771257323446e-15,0.0,8803.19260188407,1869.847208934708
1264,30.00375,0.0,0.0,0.0,1249.5329757554,0.0,638.054074665534,0.0,7371.88335130514,1917.590800420934
1265,0.0,0.0,0.0,0.0,0.0,0.0,1644.0,0.0,7371.88335130514,1644.0
1266,0.0,0.0,0.0,0.0,0.0,0.0,1692.0,0.0,7371.88335130514,1692.0
1267,0.0,0.0,0.0,0.0,0.0,0.0,1632.0,0.0,7371.88335130514,1632.0
1268,0.0,0.0,0.0,0.0,0.0,0.0,1632.0,0.0,7371.88335130514,1632.0
1269,0.0,0.0,0.0,0.0,0.0,0.0,1620.0,0.0,7371.88335130514,1620.0
1270,0.0,0.0,0.0,0.0,0.0,0.0,1638.0,0.0,7371.88335130514,1638.0
1271,0.0,0.0,0.0,0.0,0.0,0.0,1650.0,0.0,7371.88335130514,1650.0
1272,0.0,0.0,0.0,0.0,0.0,0.0,1632.0,0.0,7371.88335130514,1632.0
1273,0.0,0.0,0.0,0.0,0.0,0.0,1596.0,0.0,7371.88335130514,1596.0
1274,0.0,0.0,0.0,0.0,0.0,0.0,1638.0,0.0,7371.88335130514,1638.0
1275,0.0,0.0,0.0,0.0,0.0,0.0,1644.0,0.0,7371.88335130514,1644.0
1276,0.0,0.0,0.0,0.0,0.0,0.0,1620.0,0.0,7371.88335130514,1620.0
1277,0.0,0.0,0.0,0.0,0.0,0.0,1596.0,0.0,7371.88335130514,1596.0
1278,0.0,0.0,0.0,0.0,0.0,0.0,1674.0,0.0,7371.88335130514,1674.0
1279,0.0,0.0,0.0,0.0,0.0,0.0,1716.0,0.0,7371.88335130514,1716.0
1280,148.66677,0.0,0.0,0.0,0.0,0.0,1583.7932331,0.0,7371.88335130514,1732.4600031
1281,1410.9669,0.0,0.0,0.0,0.0,0.0,323.362107,0.0,7371.88335130514,1734.3290069999998
1282,1688.65979381443,1479.37920618557,0.0,0.0,0.0,0.0,4.72686723668696e-14,0.0,8591.63150680514,1688.65979381443
1283,1694.84536082474,3179.59063917526,0.0,0.0,0.0,0.0,-1.3957403388838101e-14,0.0,11213.2039888051,1694.84536082474
1284,1713.40206185567,2680.49093814433,0.0,0.0,2.6250669557816702e-14,0.0,-1.33228723889333e-32,0.0,13423.2687673051,1713.40206185567
1285,1824.74226804124,1821.21473195876,0.0,0.0,2.70444408028764e-14,0.0,6.38108534493262e-31,0.0,14924.8603138051,1824.74226804124
1286,1473.4755,0.0,0.0,0.0,355.932147766323,0.0,-1.6761823666360102e-14,0.0,14517.1488043363,1829.407647766323
1287,127.90176,0.0,0.0,0.0,1837.2683766323,0.0,-3.85731120349101e-14,0.0,12412.603126636,1965.1701366323
1288,120.38061,0.0,0.0,0.0,1818.13380103093,0.0,9.46338719405854e-14,0.0,10329.9756340462,1938.51441103093
1289,0.0,0.0,0.0,0.0,1883.16151202749,0.0,-1.1661495747668e-14,0.0,8172.8604999941,1883.16151202749
1290,0.0,0.0,0.0,0.0,1896.90721649485,0.0,-6.82531236568898e-14,0.0,6000.0,1896.90721649485
1291,0.0,0.0,0.0,0.0,0.0,0.0,1650.0,0.0,6000.0,1650.0
1292,0.0,0.0,0.0,0.0,0.0,0.0,1626.0,0.0,6000.0,1626.0
1293,0.0,0.0,0.0,0.0,0.0,0.0,1644.0,0.0,6000.0,1644.0
1294,0.0,0.0,0.0,0.0,0.0,0.0,1662.0,0.0,6000.0,1662.0
1295,0.0,0.0,0.0,0.0,0.0,0.0,1638.0,0.0,6000.0,1638.0
1296,0.0,0.0,0.0,0.0,1890.03436426117,0.0,5.92912996286919e-14,0.0,9835.0121829769,1890.03436426117
1297,0.0,0.0,0.0,0.0,1841.92439862543,0.0,-4.03838306819441e-14,0.0,7725.13314675075,1841.92439862543
1298,0.0,0.0,0.0,0.0,1506.0412371134,0.0,365.226,0.0,6000.0,1871.2672371134
1299,0.0,0.0,0.0,0.0,0.0,0.0,1644.0,0.0,6000.0,1644.0
1300,0.0,0.0,0.0,0.0,0.0,0.0,1632.0,0.0,6000.0,1632.0
1301,0.0,0.0,0.0,0.0,0.0,0.0,1614.0,0.0,6000.0,1614.0
1302,0.0,0.0,0.0,0.0,0.0,0.0,1872.0,0.0,6000.0,1872.0
1303,0.0,0.0,0.0,0.0,0.0,0.0,1974.0,0.0,6000.0,1974.0
1304,401.2323,0.0,0.0,0.0,0.0,0.0,1530.804669,0.0,6000.0,1932.036969
1305,1911.34020618557,1807.59179381443,0.0,0.0,5.5732642566716996e-14,0.0,3.5143655047196103e-31,0.0,7490.359434,1911.34020618557
1306,1954.63917525773,1908.47882474227,0.0,0.0,7.00767434486373e-14,0.0,4.34015398000897e-30,0.0,9063.900225,1954.63917525773
1307,2022.68041237113,3415.22758762887,0.0,0.0,5.6526413811776704e-14,0.0,1.00286795735416e-30,0.0,11879.755371,2022.68041237113
1308,1973.19587628866,3024.80412371134,0.0,0.0,1.12315274849338e-13,0.0,-8.733388244528351e-31,0.0,14373.706371,1973.19587628866
1309,2078.35051546392,2276.12548453608,0.0,0.0,1.8324200801388e-13,0.0,1.8906032301593797e-30,0.0,16250.371833,2078.35051546392
1310,2109.27835051546,1262.37664948454,0.0,0.0,-1.75236329949276e-13,0.0,-4.12256449085085e-31,0.0,17291.2013805,2109.27835051546
1311,2126.271,0.0,0.0,0.0,166.686288659794,0.0,1.0350587740855701e-15,0.0,17100.2663419435,2292.9572886597944
1312,348.3837,0.0,0.0,0.0,2107.75236082474,0.0,-6.310374025839721e-14,0.0,14685.8879217548,2456.13606082474
1313,0.0,0.0,0.0,0.0,2563.57388316151,0.0,-1.33234625317937e-13,0.0,11749.3771735744,2563.57388316151
1314,0.0,0.0,0.0,0.0,2632.30240549828,0.0,1.79298891121779e-13,0.0,8734.13959568404,2632.30240549828
1315,0.0,0.0,0.0,0.0,2386.90386703217,0.0,268.232924080915,0.0,6000.0,2655.136791113085
1316,0.0,0.0,0.0,0.0,0.0,0.0,2310.0,0.0,6000.0,2310.0
1317,0.0,0.0,0.0,0.0,0.0,0.0,2334.0,0.0,6000.0,2334.0
1318,0.0,0.0,0.0,0.0,0.0,0.0,2274.0,0.0,6000.0,2274.0
1319,0.0,0.0,0.0,0.0,0.0,0.0,2358.0,0.0,6000.0,2358.0
1320,0.0,0.0,0.0,0.0,0.0,0.0,2304.0,0.0,6000.0,2304.0
1321,0.0,0.0,0.0,0.0,0.0,0.0,2202.0,0.0,6000.0,2202.0
1322,0.0,0.0,0.0,0.0,0.0,0.0,2250.0,0.0,6000.0,2250.0
1323,0.0,0.0,0.0,0.0,0.0,0.0,2190.0,0.0,6000.0,2190.0
1324,0.0,0.0,0.0,0.0,0.0,0.0,2178.0,0.0,6000.0,2178.0
1325,0.0,0.0,0.0,0.0,0.0,0.0,2100.0,0.0,6000.0,2100.0
1326,0.0,0.0,0.0,0.0,0.0,0.0,2136.0,0.0,6000.0,2136.0
1327,0.0,0.0,0.0,0.0,0.0,0.0,2160.0,0.0,6000.0,2160.0
1328,230.8173,0.0,0.0,0.0,0.0,0.0,1912.107219,0.0,6000.0,2142.924519
1329,1637.4876,0.0,0.0,0.0,0.0,0.0,547.637028,0.0,6000.0,2185.124628
1330,2263.9175257732,1590.4854742268,0.0,0.0,1.0035248770259699e-13,0.0,2.6016425287202897e-30,0.0,7311.3552735,2263.9175257732
1331,2375.25773195876,2990.95626804124,0.0,0.0,-1.5149115821149e-13,0.0,2.12903479687423e-30,0.0,9777.3987165,2375.25773195876
1332,2468.0412371134,2484.3257628866,0.0,0.0,5.97014987920158e-14,0.0,-1.90081097718061e-30,0.0,11825.725308,2468.0412371134
1333,2443.29896907217,2996.70903092783,0.0,0.0,-1.6504148784835e-13,0.0,4.30115333628296e-30,0.0,14296.511904,2443.29896907217
1334,2294.84536082474,1069.75363917526,0.0,0.0,2.3250952643346703e-15,0.0,4.98841313778767e-32,0.0,15178.5237795,2294.84536082474
1335,676.7376,0.0,0.0,0.0,1894.11744329897,0.0,7.912101983896081e-15,0.0,13008.858895996,2570.85504329897
1336,122.43084,0.0,0.0,0.0,2406.92105979381,0.0,-2.84662585773642e-14,0.0,10251.7900989813,2529.35189979381
1337,0.0,0.0,0.0,0.0,1216.96739558597,0.0,1055.58746365345,0.0,8857.7839184705,2272.55485923942
1338,0.0,0.0,0.0,0.0,2494.84536082474,0.0,-4.8773704433769304e-14,0.0,6000.0,2494.84536082474
1339,0.0,0.0,0.0,0.0,0.0,0.0,2178.0,0.0,6000.0,2178.0
1340,0.0,0.0,0.0,0.0,0.0,0.0,2208.0,0.0,6000.0,2208.0
1341,0.0,0.0,0.0,0.0,0.0,0.0,2106.0,0.0,6000.0,2106.0
1342,0.0,0.0,0.0,0.0,0.0,0.0,2028.0,0.0,6000.0,2028.0
1343,0.0,0.0,0.0,0.0,0.0,0.0,2118.0,0.0,6000.0,2118.0
1344,0.0,0.0,0.0,0.0,0.0,0.0,2076.0,0.0,12000.0,2076.0
1345,0.0,0.0,0.0,0.0,0.0,0.0,1956.0,0.0,12000.0,1956.0
1346,0.0,0.0,0.0,0.0,0.0,0.0,1950.0,0.0,12000.0,1950.0
1347,0.0,0.0,0.0,0.0,0.0,0.0,2016.0,0.0,12000.0,2016.0
1348,0.0,0.0,0.0,0.0,0.0,0.0,1992.0,0.0,12000.0,1992.0
1349,0.0,0.0,0.0,0.0,0.0,0.0,1950.0,0.0,12000.0,1950.0
1350,0.0,0.0,0.0,0.0,0.0,0.0,2292.0,0.0,12000.0,2292.0
1351,0.0,0.0,0.0,0.0,0.0,0.0,2280.0,0.0,12000.0,2280.0
1352,182.82285,0.0,0.0,0.0,0.0,0.0,2108.6618355,0.0,12000.0,2291.4846855
1353,1325.73,0.0,0.0,0.0,0.0,0.0,1072.0419,0.0,12000.0,2397.7719
1354,2307.21649484536,1050.72550515464,0.0,0.0,0.0,0.0,-1.20422343345651e-13,0.0,12866.323179,2307.21649484536
1355,2270.10309278351,1512.12290721649,0.0,0.0,0.0,0.0,-1.9417081917127499e-13,0.0,14113.068516,2270.10309278351
1356,2270.10309278351,2233.03190721649,0.0,0.0,0.0,0.0,-1.9417081917127499e-13,0.0,15954.2033235,2270.10309278351
1357,1750.077,0.0,0.0,0.0,0.0,0.0,762.42531,0.0,15954.2033235,2512.50231
1358,2324.112,0.0,0.0,0.0,0.0,0.0,247.61136,0.0,15954.2033235,2571.72336
1359,1725.7002,0.0,0.0,0.0,0.0,0.0,894.070806,0.0,15954.2033235,2619.771006
1360,114.46092,0.0,0.0,0.0,0.0,0.0,2558.9729076,0.0,15954.2033235,2673.4338276
1361,0.0,0.0,0.0,0.0,0.0,0.0,2598.0,0.0,15954.2033235,2598.0
1362,0.0,0.0,0.0,0.0,0.0,0.0,2484.0,0.0,15954.2033235,2484.0
1363,0.0,0.0,0.0,0.0,0.0,0.0,2490.0,0.0,15954.2033235,2490.0
1364,0.0,0.0,0.0,0.0,0.0,0.0,2358.0,0.0,15954.2033235,2358.0
1365,0.0,0.0,0.0,0.0,0.0,0.0,2490.0,0.0,15954.2033235,2490.0
1366,0.0,0.0,0.0,0.0,0.0,0.0,2382.0,0.0,15954.2033235,2382.0
1367,0.0,0.0,0.0,0.0,0.0,0.0,2382.0,0.0,15954.2033235,2382.0
1368,0.0,0.0,0.0,0.0,0.0,0.0,2292.0,0.0,15954.2033235,2292.0
1369,0.0,0.0,0.0,0.0,0.0,0.0,2286.0,0.0,15954.2033235,2286.0
1370,0.0,0.0,0.0,0.0,0.0,0.0,2268.0,0.0,15954.2033235,2268.0
1371,0.0,0.0,0.0,0.0,0.0,0.0,2268.0,0.0,15954.2033235,2268.0
1372,0.0,0.0,0.0,0.0,0.0,0.0,2136.0,0.0,15954.2033235,2136.0
1373,0.0,0.0,0.0,0.0,0.0,0.0,2130.0,0.0,15954.2033235,2130.0
1374,0.0,0.0,0.0,0.0,0.0,0.0,2178.0,0.0,15954.2033235,2178.0
1375,0.0,0.0,0.0,0.0,0.0,0.0,2232.0,0.0,15954.2033235,2232.0
1376,3.875403,0.0,0.0,0.0,2366.82801728522,0.0,4.92243188739487e-14,0.0,13243.0601192787,2370.70342028522
1377,60.48315,0.0,0.0,0.0,2647.57313230241,0.0,1.89785206452169e-13,0.0,10210.3302999174,2708.05628230241
1378,116.4093,0.0,0.0,0.0,2564.81440893471,0.0,-1.9553280877294099e-13,0.0,7272.39856001508,2681.22370893471
1379,620.5899,0.0,0.0,0.0,1110.80394289316,0.0,774.295954854268,0.0,6000.0,2505.689797747428
1380,2362.88659793814,331.707402061856,0.0,0.0,-1.12252343725259e-14,0.0,-5.32699610245165e-31,0.0,6273.492753,2362.88659793814
1381,769.4148,0.0,0.0,0.0,238.759173369,0.0,1337.23088564886,0.0,6000.0,2345.40485901786
1382,1024.3422,0.0,0.0,0.0,0.0,0.0,1292.388066,0.0,6000.0,2316.730266
1383,1002.6702,0.0,0.0,0.0,0.0,0.0,1271.409906,0.0,6000.0,2274.0801060000003
1384,167.35194,0.0,0.0,0.0,0.0,0.0,2051.6686182,0.0,6000.0,2219.0205582
1385,0.0,0.0,0.0,0.0,0.0,0.0,2244.0,0.0,6000.0,2244.0
1386,0.0,0.0,0.0,0.0,0.0,0.0,2160.0,0.0,6000.0,2160.0
1387,0.0,0.0,0.0,0.0,0.0,0.0,2160.0,0.0,6000.0,2160.0
1388,0.0,0.0,0.0,0.0,0.0,0.0,2022.0,0.0,6000.0,2022.0
1389,0.0,0.0,0.0,0.0,0.0,0.0,2130.0,0.0,6000.0,2130.0
1390,0.0,0.0,0.0,0.0,0.0,0.0,2136.0,0.0,6000.0,2136.0
1391,0.0,0.0,0.0,0.0,0.0,0.0,2184.0,0.0,6000.0,2184.0
1392,0.0,0.0,0.0,0.0,0.0,0.0,2160.0,0.0,12000.0,2160.0
1393,0.0,0.0,0.0,0.0,0.0,0.0,2220.0,0.0,12000.0,2220.0
1394,0.0,0.0,0.0,0.0,0.0,0.0,2040.0,0.0,12000.0,2040.0
1395,0.0,0.0,0.0,0.0,0.0,0.0,2154.0,0.0,12000.0,2154.0
1396,0.0,0.0,0.0,0.0,0.0,0.0,2100.0,0.0,12000.0,2100.0
1397,0.0,0.0,0.0,0.0,0.0,0.0,2142.0,0.0,12000.0,2142.0
1398,0.0,0.0,0.0,0.0,0.0,0.0,2004.0,0.0,12000.0,2004.0
1399,5.560926,0.0,0.0,0.0,0.0,0.0,2118.60590178,0.0,12000.0,2124.16682778
1400,4.023012,0.0,0.0,0.0,0.0,0.0,2264.09767836,0.0,12000.0,2268.12069036
1401,218.7759,0.0,0.0,0.0,0.0,0.0,2079.787377,0.0,12000.0,2298.563277
1402,401.1756,0.0,0.0,0.0,0.0,0.0,1878.859668,0.0,12000.0,2280.035268
1403,2350.51546391753,211.841536082474,0.0,0.0,0.0,0.0,1.1265252190419999e-13,0.0,12174.6633465,2350.51546391753
1404,2393.81443298969,330.851567010309,0.0,0.0,0.0,0.0,-9.53775432058184e-14,0.0,12447.4504635,2393.81443298969
1405,2400.0,1826.187,0.0,0.0,7.32518284288763e-14,0.0,-4.07292951658934e-30,0.0,13953.141645,2400.0
1406,884.1966,0.0,0.0,0.0,0.0,0.0,1452.329298,0.0,13953.141645,2336.525898
1407,81.46845,0.0,0.0,0.0,0.0,0.0,2200.9756035,0.0,13953.141645,2282.4440535
1408,22.31397,0.0,0.0,0.0,0.0,0.0,2396.3554491,0.0,13953.141645,2418.6694191
1409,0.0,0.0,0.0,0.0,0.0,0.0,2328.0,0.0,13953.141645,2328.0
1410,0.0,0.0,0.0,0.0,0.0,0.0,2310.0,0.0,13953.141645,2310.0
1411,0.0,0.0,0.0,0.0,0.0,0.0,2196.0,0.0,13953.141645,2196.0
1412,0.0,0.0,0.0,0.0,0.0,0.0,2358.0,0.0,13953.141645,2358.0
1413,0.0,0.0,0.0,0.0,0.0,0.0,2406.0,0.0,13953.141645,2406.0
1414,0.0,0.0,0.0,0.0,0.0,0.0,2370.0,0.0,13953.141645,2370.0
1415,0.0,0.0,0.0,0.0,0.0,0.0,2460.0,0.0,13953.141645,2460.0
1416,0.0,0.0,0.0,0.0,0.0,0.0,2496.0,0.0,13953.141645,2496.0
1417,0.0,0.0,0.0,0.0,0.0,0.0,2418.0,0.0,13953.141645,2418.0
1418,0.0,0.0,0.0,0.0,0.0,0.0,2442.0,0.0,13953.141645,2442.0
1419,0.0,0.0,0.0,0.0,0.0,0.0,2454.0,0.0,13953.141645,2454.0
1420,0.0,0.0,0.0,0.0,0.0,0.0,2400.0,0.0,13953.141645,2400.0
1421,0.0,0.0,0.0,0.0,0.0,0.0,2238.0,0.0,13953.141645,2238.0
1422,0.0,0.0,0.0,0.0,0.0,0.0,2472.0,0.0,13953.141645,2472.0
1423,37.04148,0.0,0.0,0.0,0.0,0.0,2454.0697644,0.0,13953.141645,2491.1112444
1424,15.616041,0.0,0.0,0.0,246.583178867721,0.0,2325.58532507848,0.0,13670.6866863886,2587.784544946201
1425,207.55644,0.0,0.0,0.0,2779.69101168385,0.0,1.97295852564998e-13,0.0,10486.6190899581,2987.2474516838497
1426,922.4082,0.0,0.0,0.0,1792.97141580756,0.0,3.79731293801334e-14,0.0,8432.81448994945,2715.37961580756
1427,2696.90721649485,492.971783505155,0.0,0.0,2.437934965218e-13,0.0,-1.5864196724179897e-30,0.0,8839.26972544945,2696.9072164948507
1428,2622.68041237113,2124.78958762887,0.0,0.0,7.48393709189958e-14,0.0,-2.77006670282495e-30,0.0,10591.1587404495,2622.68041237113
1429,2147.061,0.0,0.0,0.0,494.101752577319,0.0,1.73054490783239e-14,0.0,10025.177351472,2641.162752577319
1430,2461.284,0.0,0.0,0.0,69.3637113402066,0.0,-2.8468539324318603e-15,0.0,9945.72292840188,2530.6477113402066
1431,2066.6457,0.0,0.0,0.0,714.036278350516,0.0,7.29378562587349e-15,0.0,9127.81195663726,2780.681978350516
1432,140.41629,0.0,0.0,0.0,2730.57983814433,0.0,1.04440154015152e-13,0.0,6000.0,2870.99612814433
1433,0.0,0.0,0.0,0.0,0.0,0.0,2424.0,0.0,6000.0,2424.0
1434,0.0,0.0,0.0,0.0,0.0,0.0,2370.0,0.0,6000.0,2370.0
1435,0.0,0.0,0.0,0.0,0.0,0.0,2382.0,0.0,6000.0,2382.0
1436,0.0,0.0,0.0,0.0,0.0,0.0,2418.0,0.0,6000.0,2418.0
1437,0.0,0.0,0.0,0.0,0.0,0.0,2412.0,0.0,6000.0,2412.0
1438,0.0,0.0,0.0,0.0,0.0,0.0,2370.0,0.0,6000.0,2370.0
1439,0.0,0.0,0.0,0.0,0.0,0.0,2466.0,0.0,6000.0,2466.0
1440,0.0,0.0,0.0,0.0,0.0,0.0,2472.0,0.0,12000.0,2472.0
1441,0.0,0.0,0.0,0.0,0.0,0.0,2424.0,0.0,12000.0,2424.0
1442,0.0,0.0,0.0,0.0,0.0,0.0,2526.0,0.0,12000.0,2526.0
1443,0.0,0.0,0.0,0.0,0.0,0.0,2526.0,0.0,12000.0,2526.0
1444,0.0,0.0,0.0,0.0,0.0,0.0,2562.0,0.0,12000.0,2562.0
1445,0.0,0.0,0.0,0.0,0.0,0.0,2322.0,0.0,12000.0,2322.0
1446,0.0,0.0,0.0,0.0,0.0,0.0,2292.0,0.0,12000.0,2292.0
1447,129.88164,0.0,0.0,0.0,0.0,0.0,2154.0148092,0.0,12000.0,2283.8964492
1448,863.5326,0.0,0.0,0.0,0.0,0.0,1490.373378,0.0,12000.0,2353.905978
1449,2264.703,0.0,0.0,0.0,0.0,0.0,131.23809,0.0,12000.0,2395.94109
1450,2437.11340206186,1709.86159793814,0.0,0.0,0.0,0.0,1.37697322044033e-13,0.0,13409.7808875,2437.11340206186
1451,967.743,0.0,0.0,0.0,0.0,0.0,1545.28929,0.0,13409.7808875,2513.03229
1452,1586.4996,0.0,0.0,0.0,0.0,0.0,963.095388,0.0,13409.7808875,2549.594988
1453,1185.6873,0.0,0.0,0.0,1521.05763917526,0.0,6.70486912909056e-14,0.0,11667.4468220072,2706.74493917526
1454,554.3706,0.0,0.0,0.0,0.0,0.0,1970.260518,0.0,11667.4468220072,2524.631118
1455,263.6739,0.0,0.0,0.0,0.0,0.0,2396.236317,0.0,11667.4468220072,2659.910217
1456,35.56875,0.0,0.0,0.0,0.0,0.0,2605.4983125,0.0,11667.4468220072,2641.0670625
1457,0.0,0.0,0.0,0.0,0.0,0.0,2592.0,0.0,11667.4468220072,2592.0
1458,0.0,0.0,0.0,0.0,0.0,0.0,2526.0,0.0,11667.4468220072,2526.0
1459,0.0,0.0,0.0,0.0,0.0,0.0,2520.0,0.0,11667.4468220072,2520.0
1460,0.0,0.0,0.0,0.0,0.0,0.0,2472.0,0.0,11667.4468220072,2472.0
1461,0.0,0.0,0.0,0.0,0.0,0.0,2490.0,0.0,11667.4468220072,2490.0
1462,0.0,0.0,0.0,0.0,0.0,0.0,2340.0,0.0,11667.4468220072,2340.0
1463,0.0,0.0,0.0,0.0,0.0,0.0,2538.0,0.0,11667.4468220072,2538.0
1464,0.0,0.0,0.0,0.0,0.0,0.0,2526.0,0.0,11667.4468220072,2526.0
1465,0.0,0.0,0.0,0.0,0.0,0.0,2454.0,0.0,11667.4468220072,2454.0
1466,0.0,0.0,0.0,0.0,0.0,0.0,2526.0,0.0,11667.4468220072,2526.0
1467,0.0,0.0,0.0,0.0,0.0,0.0,2508.0,0.0,11667.4468220072,2508.0
1468,0.0,0.0,0.0,0.0,0.0,0.0,2544.0,0.0,11667.4468220072,2544.0
1469,0.0,0.0,0.0,0.0,0.0,0.0,2418.0,0.0,11667.4468220072,2418.0
1470,0.0,0.0,0.0,0.0,0.0,0.0,2526.0,0.0,11667.4468220072,2526.0
1471,22.48281,0.0,0.0,0.0,0.0,0.0,2546.1916743,0.0,11667.4468220072,2568.6744843
1472,27.28887,0.0,0.0,0.0,2959.36975498282,0.0,8.440128160783221e-15,0.0,8277.56165020553,2986.65862498282
1473,2672.16494845361,1367.75205154639,0.0,0.0,1.90505098814342e-14,0.0,-8.938599210179621e-31,0.0,9405.27321670553,2672.16494845361
1474,2771.13402061856,144.337979381443,0.0,0.0,-9.2527212193689e-14,0.0,-2.6508509194675297e-30,0.0,9524.27988070553,2771.13402061856
1475,2826.80412371134,632.52587628866,0.0,0.0,0.0,0.0,2.9846457493345703e-14,0.0,10045.7974657055,2826.80412371134
1476,2727.83505154639,328.630948453608,0.0,0.0,0.0,0.0,1.27253808864928e-13,0.0,10316.7536827055,2727.83505154639
1477,2826.80412371134,699.24287628866,0.0,0.0,0.0,0.0,2.9846457493345703e-14,0.0,10893.2794342055,2826.80412371134
1478,2265.165,0.0,0.0,0.0,0.0,0.0,394.78995,0.0,10893.2794342055,2659.95495
1479,690.5241,0.0,0.0,0.0,0.0,0.0,2018.191623,0.0,10893.2794342055,2708.715723
1480,164.17737,0.0,0.0,0.0,0.0,0.0,2558.7479511,0.0,10893.2794342055,2722.9253211
1481,6.932499,0.0,0.0,0.0,3098.82643295533,0.0,-9.544929036850061e-14,0.0,7343.65007228648,3105.75893195533
1482,0.0,0.0,0.0,0.0,1173.0065131061,0.0,1633.96531405838,0.0,6000.0,2806.97182716448
1483,0.0,0.0,0.0,0.0,0.0,0.0,2568.0,0.0,6000.0,2568.0
1484,0.0,0.0,0.0,0.0,0.0,0.0,2508.0,0.0,6000.0,2508.0
1485,0.0,0.0,0.0,0.0,0.0,0.0,2544.0,0.0,6000.0,2544.0
1486,0.0,0.0,0.0,0.0,0.0,0.0,2478.0,0.0,6000.0,2478.0
1487,0.0,0.0,0.0,0.0,0.0,0.0,2616.0,0.0,6000.0,2616.0
1488,0.0,0.0,0.0,0.0,0.0,0.0,2610.0,0.0,12000.0,2610.0
1489,0.0,0.0,0.0,0.0,0.0,0.0,2514.0,0.0,12000.0,2514.0
1490,0.0,0.0,0.0,0.0,0.0,0.0,2634.0,0.0,12000.0,2634.0
1491,0.0,0.0,0.0,0.0,0.0,0.0,2586.0,0.0,12000.0,2586.0
1492,0.0,0.0,0.0,0.0,0.0,0.0,2640.0,0.0,12000.0,2640.0
1493,0.0,0.0,0.0,0.0,0.0,0.0,2436.0,0.0,12000.0,2436.0
1494,0.0,0.0,0.0,0.0,0.0,0.0,2604.0,0.0,12000.0,2604.0
1495,55.42005,0.0,0.0,0.0,0.0,0.0,2562.2425515,0.0,12000.0,2617.6626015
1496,17.237556,0.0,0.0,0.0,0.0,0.0,2599.27957068,0.0,12000.0,2616.51712668
1497,698.0736,0.0,0.0,0.0,0.0,0.0,1902.868608,0.0,12000.0,2600.942208
1498,2709.27835051546,919.857649484536,0.0,0.0,0.0,0.0,9.03795709521162e-14,0.0,12758.422632,2709.27835051546
1499,1406.7039,0.0,0.0,0.0,0.0,0.0,1287.497217,0.0,12758.422632,2694.201117
1500,1574.4855,0.0,0.0,0.0,0.0,0.0,938.749065,0.0,12758.422632,2513.234565
1501,1452.4419,0.0,0.0,0.0,0.0,0.0,1129.131357,0.0,12758.422632,2581.573257
1502,684.0351,0.0,0.0,0.0,0.0,0.0,1808.485953,0.0,12758.422632,2492.5210530000004
1503,60.59172,0.0,0.0,0.0,0.0,0.0,2467.2260316,0.0,12758.422632,2527.8177516
1504,0.0,0.0,0.0,0.0,0.0,0.0,2436.0,0.0,12758.422632,2436.0
1505,0.0,0.0,0.0,0.0,0.0,0.0,2490.0,0.0,12758.422632,2490.0
1506,0.0,0.0,0.0,0.0,0.0,0.0,2424.0,0.0,12758.422632,2424.0
1507,0.0,0.0,0.0,0.0,0.0,0.0,2454.0,0.0,12758.422632,2454.0
1508,0.0,0.0,0.0,0.0,0.0,0.0,2496.0,0.0,12758.422632,2496.0
1509,0.0,0.0,0.0,0.0,0.0,0.0,2448.0,0.0,12758.422632,2448.0
1510,0.0,0.0,0.0,0.0,0.0,0.0,2364.0,0.0,12758.422632,2364.0
1511,0.0,0.0,0.0,0.0,0.0,0.0,2460.0,0.0,12758.422632,2460.0
1512,0.0,0.0,0.0,0.0,0.0,0.0,2406.0,0.0,12758.422632,2406.0
1513,0.0,0.0,0.0,0.0,0.0,0.0,2394.0,0.0,12758.422632,2394.0
1514,0.0,0.0,0.0,0.0,0.0,0.0,2490.0,0.0,12758.422632,2490.0
1515,0.0,0.0,0.0,0.0,0.0,0.0,2400.0,0.0,12758.422632,2400.0
1516,0.0,0.0,0.0,0.0,0.0,0.0,2370.0,0.0,12758.422632,2370.0
1517,0.0,0.0,0.0,0.0,0.0,0.0,2196.0,0.0,12758.422632,2196.0
1518,0.0,0.0,0.0,0.0,0.0,0.0,2436.0,0.0,12758.422632,2436.0
1519,35.7252,0.0,0.0,0.0,0.0,0.0,2503.346556,0.0,12758.422632,2539.071756
1520,6.149304,0.0,0.0,0.0,0.0,0.0,2430.03517512,0.0,12758.422632,2436.18447912
1521,665.3787,0.0,0.0,0.0,0.0,0.0,1814.582661,0.0,12758.422632,2479.961361
1522,359.9169,0.0,0.0,0.0,0.0,0.0,2194.880607,0.0,12758.422632,2554.797507
1523,1401.8739,0.0,0.0,0.0,14.9258656029689,0.0,1231.15203632861,0.0,12741.3254205418,2647.951801931579
1524,2585.56701030928,157.200989690721,0.0,0.0,-9.637691882406331e-15,0.0,-6.07187936996662e-31,0.0,12870.9376365418,2585.56701030928
1525,1590.1473,0.0,0.0,0.0,1195.36897938144,0.0,9.057176160954841e-14,0.0,11501.6719098735,2785.51627938144
1526,527.1504,0.0,0.0,0.0,2252.76530584192,0.0,1.56342077605561e-13,0.0,8921.18473250591,2779.91570584192
1527,302.7633,0.0,0.0,0.0,2550.19427147766,0.0,-1.11885266790996e-13,0.0,6000.0,2852.95757147766
1528,5.608323,0.0,0.0,0.0,0.0,0.0,2394.55992669,0.0,6000.0,2400.16824969
1529,0.0,0.0,0.0,0.0,0.0,0.0,2388.0,0.0,6000.0,2388.0
1530,0.0,0.0,0.0,0.0,0.0,0.0,2328.0,0.0,6000.0,2328.0
1531,0.0,0.0,0.0,0.0,0.0,0.0,2304.0,0.0,6000.0,2304.0
1532,0.0,0.0,0.0,0.0,0.0,0.0,2178.0,0.0,6000.0,2178.0
1533,0.0,0.0,0.0,0.0,0.0,0.0,2250.0,0.0,6000.0,2250.0
1534,0.0,0.0,0.0,0.0,0.0,0.0,2268.0,0.0,6000.0,2268.0
1535,0.0,0.0,0.0,0.0,0.0,0.0,2214.0,0.0,6000.0,2214.0
1536,0.0,0.0,0.0,0.0,0.0,0.0,2268.0,0.0,12000.0,2268.0
1537,0.0,0.0,0.0,0.0,0.0,0.0,2280.0,0.0,12000.0,2280.0
1538,0.0,0.0,0.0,0.0,0.0,0.0,2310.0,0.0,12000.0,2310.0
1539,0.0,0.0,0.0,0.0,0.0,0.0,2232.0,0.0,12000.0,2232.0
1540,0.0,0.0,0.0,0.0,0.0,0.0,2184.0,0.0,12000.0,2184.0
1541,0.0,0.0,0.0,0.0,0.0,0.0,2142.0,0.0,12000.0,2142.0
1542,0.0,0.0,0.0,0.0,0.0,0.0,2238.0,0.0,12000.0,2238.0
1543,5.234166,0.0,0.0,0.0,0.0,0.0,2358.92285898,0.0,12000.0,2364.15702498
1544,18.136734,0.0,0.0,0.0,0.0,0.0,2316.40736802,0.0,12000.0,2334.54410202
1545,40.78641,0.0,0.0,0.0,0.0,0.0,2324.4371823,0.0,12000.0,2365.2235923000003
1546,141.70779,0.0,0.0,0.0,0.0,0.0,2238.5434437,0.0,12000.0,2380.2512337
1547,163.86153,0.0,0.0,0.0,0.0,0.0,2259.0543159,0.0,12000.0,2422.9158459
1548,175.08708,0.0,0.0,0.0,0.0,0.0,2242.1655324,0.0,12000.0,2417.2526124
1549,164.18976,0.0,0.0,0.0,0.0,0.0,2318.7359328,0.0,12000.0,2482.9256928
1550,142.17609,0.0,0.0,0.0,0.0,0.0,2346.0891927,0.0,12000.0,2488.2652827
1551,74.59452,0.0,0.0,0.0,0.0,0.0,2399.6433156,0.0,12000.0,2474.2378356
1552,27.98439,0.0,0.0,0.0,0.0,0.0,2342.8551417,0.0,12000.0,2370.8395317
1553,9.977751,0.0,0.0,0.0,0.0,0.0,2342.32158153,0.0,12000.0,2352.29933253
1554,0.0,0.0,0.0,0.0,0.0,0.0,2166.0,0.0,12000.0,2166.0
1555,0.0,0.0,0.0,0.0,0.0,0.0,2178.0,0.0,12000.0,2178.0
1556,0.0,0.0,0.0,0.0,0.0,0.0,2226.0,0.0,12000.0,2226.0
1557,0.0,0.0,0.0,0.0,0.0,0.0,2400.0,0.0,12000.0,2400.0
1558,0.0,0.0,0.0,0.0,0.0,0.0,2328.0,0.0,12000.0,2328.0
1559,0.0,0.0,0.0,0.0,0.0,0.0,2352.0,0.0,12000.0,2352.0
1560,0.0,0.0,0.0,0.0,0.0,0.0,2364.0,0.0,12000.0,2364.0
1561,0.0,0.0,0.0,0.0,0.0,0.0,2322.0,0.0,12000.0,2322.0
1562,0.0,0.0,0.0,0.0,0.0,0.0,2280.0,0.0,12000.0,2280.0
1563,0.0,0.0,0.0,0.0,0.0,0.0,2322.0,0.0,12000.0,2322.0
1564,0.0,0.0,0.0,0.0,0.0,0.0,2238.0,0.0,12000.0,2238.0
1565,0.0,0.0,0.0,0.0,0.0,0.0,2214.0,0.0,12000.0,2214.0
1566,0.0,0.0,0.0,0.0,0.0,0.0,2076.0,0.0,12000.0,2076.0
1567,28.14987,0.0,0.0,0.0,0.0,0.0,2144.6946261,0.0,12000.0,2172.8444961
1568,42.07203,0.0,0.0,0.0,0.0,0.0,2275.1901309,0.0,12000.0,2317.2621609
1569,381.0051,0.0,0.0,0.0,0.0,0.0,1952.425053,0.0,12000.0,2333.430153
1570,132.99237,0.0,0.0,0.0,0.0,0.0,2204.9974011,0.0,12000.0,2337.9897711
1571,1222.4667,0.0,0.0,0.0,0.0,0.0,1184.207301,0.0,12000.0,2406.674001
1572,1037.3139,0.0,0.0,0.0,0.0,0.0,1297.805517,0.0,12000.0,2335.119417
1573,963.774,0.0,0.0,0.0,0.0,0.0,1429.13922,0.0,12000.0,2392.91322
1574,1322.9454,0.0,0.0,0.0,0.0,0.0,1080.742962,0.0,12000.0,2403.688362
1575,524.1999,0.0,0.0,0.0,0.0,0.0,1921.526097,0.0,12000.0,2445.725997
1576,62.25723,0.0,0.0,0.0,0.0,0.0,2411.6104869,0.0,12000.0,2473.8677169
1577,0.0,0.0,0.0,0.0,0.0,0.0,2520.0,0.0,12000.0,2520.0
1578,0.0,0.0,0.0,0.0,0.0,0.0,2556.0,0.0,12000.0,2556.0
1579,0.0,0.0,0.0,0.0,0.0,0.0,2448.0,0.0,12000.0,2448.0
1580,0.0,0.0,0.0,0.0,0.0,0.0,2586.0,0.0,12000.0,2586.0
1581,0.0,0.0,0.0,0.0,0.0,0.0,2748.0,0.0,12000.0,2748.0
1582,0.0,0.0,0.0,0.0,2035.25085910653,0.0,917.226,0.0,9668.67026448278,2952.47685910653
1583,0.0,0.0,0.0,0.0,3202.74914089347,0.0,1.13464347501401e-13,0.0,6000.0,3202.74914089347
1584,0.0,0.0,0.0,0.0,0.0,0.0,2676.0,0.0,12000.0,2676.0
1585,0.0,0.0,0.0,0.0,0.0,0.0,2610.0,0.0,12000.0,2610.0
1586,0.0,0.0,0.0,0.0,0.0,0.0,2700.0,0.0,12000.0,2700.0
1587,0.0,0.0,0.0,0.0,0.0,0.0,2664.0,0.0,12000.0,2664.0
1588,0.0,0.0,0.0,0.0,0.0,0.0,2736.0,0.0,12000.0,2736.0
1589,0.0,0.0,0.0,0.0,0.0,0.0,2532.0,0.0,12000.0,2532.0
1590,0.0,0.0,0.0,0.0,0.0,0.0,2670.0,0.0,12000.0,2670.0
1591,105.62034,0.0,0.0,0.0,0.0,0.0,2645.5482702,0.0,12000.0,2751.1686102
1592,677.2689,0.0,0.0,0.0,2408.99102749141,0.0,-2.66435921725414e-14,0.0,9240.56010596631,3086.25992749141
1593,1544.8293,0.0,0.0,0.0,1472.52643642612,0.0,-3.60377924188062e-14,0.0,7553.81733800971,3017.35573642612
1594,2839.17525773196,2241.29174226804,0.0,0.0,-1.0607754183054899e-13,0.0,-4.78732380058795e-31,0.0,9401.76237950971,2839.17525773196
1595,2814.43298969072,2430.48501030928,0.0,0.0,1.74454305847378e-13,0.0,-3.0474989132658097e-30,0.0,11405.6972705097,2814.43298969072
1596,2820.61855670103,2509.39144329897,0.0,0.0,-1.48316073231251e-13,0.0,4.73476042440301e-30,0.0,13474.6905155097,2820.61855670103
1597,2764.94845360825,242.902546391753,0.0,0.0,2.3024316688494e-13,0.0,-2.1451919381263398e-29,0.0,13674.9636650097,2764.9484536082505
1598,2285.052,0.0,0.0,0.0,546.963986254296,0.0,1.1771852801441999e-14,0.0,13048.4298892316,2832.015986254296
1599,2527.959,0.0,0.0,0.0,373.287250859107,0.0,6.97271085467418e-15,0.0,12620.8385365866,2901.246250859107
1600,485.3835,0.0,0.0,0.0,0.0,0.0,2199.178005,0.0,12620.8385365866,2684.561505
1601,0.0,0.0,0.0,0.0,0.0,0.0,2604.0,0.0,12620.8385365866,2604.0
1602,0.0,0.0,0.0,0.0,0.0,0.0,2682.0,0.0,12620.8385365866,2682.0
1603,0.0,0.0,0.0,0.0,0.0,0.0,2694.0,0.0,12620.8385365866,2694.0
1604,0.0,0.0,0.0,0.0,0.0,0.0,2670.0,0.0,12620.8385365866,2670.0
1605,0.0,0.0,0.0,0.0,0.0,0.0,2694.0,0.0,12620.8385365866,2694.0
1606,0.0,0.0,0.0,0.0,0.0,0.0,2622.0,0.0,12620.8385365866,2622.0
1607,0.0,0.0,0.0,0.0,0.0,0.0,2664.0,0.0,12620.8385365866,2664.0
1608,0.0,0.0,0.0,0.0,0.0,0.0,2712.0,0.0,12620.8385365866,2712.0
1609,0.0,0.0,0.0,0.0,0.0,0.0,2658.0,0.0,12620.8385365866,2658.0
1610,0.0,0.0,0.0,0.0,0.0,0.0,2700.0,0.0,12620.8385365866,2700.0
1611,0.0,0.0,0.0,0.0,0.0,0.0,2694.0,0.0,12620.8385365866,2694.0
1612,0.0,0.0,0.0,0.0,0.0,0.0,2670.0,0.0,12620.8385365866,2670.0
1613,0.0,0.0,0.0,0.0,0.0,0.0,2466.0,0.0,12620.8385365866,2466.0
1614,0.0,0.0,0.0,0.0,0.0,0.0,2448.0,0.0,12620.8385365866,2448.0
1615,37.89072,0.0,0.0,0.0,0.0,0.0,2471.2460016,0.0,12620.8385365866,2509.1367216
1616,97.25373,0.0,0.0,0.0,0.0,0.0,2335.6638819,0.0,12620.8385365866,2432.9176119
1617,177.26478,0.0,0.0,0.0,0.0,0.0,2210.0531634,0.0,12620.8385365866,2387.3179434
1618,256.9728,0.0,0.0,0.0,0.0,0.0,2108.736384,0.0,12620.8385365866,2365.709184
1619,1437.5235,0.0,0.0,0.0,0.0,0.0,999.602205,0.0,12620.8385365866,2437.125705
1620,313.6539,0.0,0.0,0.0,0.0,0.0,2149.755717,0.0,12620.8385365866,2463.4096170000003
1621,2575.629,0.0,0.0,0.0,0.0,0.0,123.63987,0.0,12620.8385365866,2699.26887
1622,222.4047,0.0,0.0,0.0,0.0,0.0,2424.267441,0.0,12620.8385365866,2646.672141
1623,142.46694,0.0,0.0,0.0,0.0,0.0,2621.8070682,0.0,12620.8385365866,2764.2740082
1624,557.1993,0.0,0.0,0.0,0.0,0.0,2129.516679,0.0,12620.8385365866,2686.715979
1625,0.0,0.0,0.0,0.0,3065.29209621993,0.0,-1.14608248054147e-13,0.0,9109.62193152364,3065.29209621993
1626,0.0,0.0,0.0,0.0,2714.69994622014,0.0,294.066946949818,0.0,6000.0,3008.766893169958
1627,0.0,0.0,0.0,0.0,0.0,0.0,2736.0,0.0,6000.0,2736.0
1628,0.0,0.0,0.0,0.0,0.0,0.0,2796.0,0.0,6000.0,2796.0
1629,0.0,0.0,0.0,0.0,0.0,0.0,2730.0,0.0,6000.0,2730.0
1630,0.0,0.0,0.0,0.0,0.0,0.0,2586.0,0.0,6000.0,2586.0
1631,0.0,0.0,0.0,0.0,0.0,0.0,2694.0,0.0,6000.0,2694.0
1632,0.0,0.0,0.0,0.0,0.0,0.0,2682.0,0.0,12000.0,2682.0
1633,0.0,0.0,0.0,0.0,0.0,0.0,2610.0,0.0,12000.0,2610.0
1634,0.0,0.0,0.0,0.0,0.0,0.0,2664.0,0.0,12000.0,2664.0
1635,0.0,0.0,0.0,0.0,0.0,0.0,2622.0,0.0,12000.0,2622.0
1636,0.0,0.0,0.0,0.0,0.0,0.0,2628.0,0.0,12000.0,2628.0
1637,0.0,0.0,0.0,0.0,0.0,0.0,2592.0,0.0,12000.0,2592.0
1638,0.0,0.0,0.0,0.0,0.0,0.0,2760.0,0.0,12000.0,2760.0
1639,59.25045,0.0,0.0,0.0,0.0,0.0,2738.5270635,0.0,12000.0,2797.7775135
1640,242.9175,0.0,0.0,0.0,983.726898281787,0.0,1707.5764428,0.0,10873.1650649693,2934.220841081787
1641,118.08636,0.0,0.0,0.0,3078.41492646048,0.0,-1.10037463716032e-13,0.0,7346.91658105124,3196.50128646048
1642,1780.9029,0.0,0.0,0.0,1175.85817525773,0.0,-2.17854922097556e-14,0.0,6000.0,2956.76107525773
1643,2631.804,0.0,0.0,0.0,0.0,0.0,297.15012,0.0,6000.0,2928.9541200000003
1644,1920.5739,0.0,0.0,0.0,0.0,0.0,915.043317,0.0,6000.0,2835.617217
1645,2200.401,0.0,0.0,0.0,0.0,0.0,643.61103,0.0,6000.0,2844.01203
1646,390.9108,0.0,0.0,0.0,0.0,0.0,2386.816524,0.0,6000.0,2777.727324
1647,310.5585,0.0,0.0,0.0,0.0,0.0,2506.758255,0.0,6000.0,2817.3167550000003
1648,37.15215,0.0,0.0,0.0,0.0,0.0,2717.9624145,0.0,6000.0,2755.1145645
1649,7.611996,0.0,0.0,0.0,0.0,0.0,2722.61636388,0.0,6000.0,2730.22835988
1650,0.0,0.0,0.0,0.0,0.0,0.0,2652.0,0.0,6000.0,2652.0
1651,0.0,0.0,0.0,0.0,0.0,0.0,2616.0,0.0,6000.0,2616.0
1652,0.0,0.0,0.0,0.0,0.0,0.0,2616.0,0.0,6000.0,2616.0
1653,0.0,0.0,0.0,0.0,0.0,0.0,2580.0,0.0,6000.0,2580.0
1654,0.0,0.0,0.0,0.0,0.0,0.0,2508.0,0.0,6000.0,2508.0
1655,0.0,0.0,0.0,0.0,0.0,0.0,2658.0,0.0,6000.0,2658.0
1656,0.0,0.0,0.0,0.0,0.0,0.0,2700.0,0.0,6000.0,2700.0
1657,0.0,0.0,0.0,0.0,0.0,0.0,2610.0,0.0,6000.0,2610.0
1658,0.0,0.0,0.0,0.0,0.0,0.0,2682.0,0.0,6000.0,2682.0
1659,0.0,0.0,0.0,0.0,0.0,0.0,2532.0,0.0,6000.0,2532.0
1660,0.0,0.0,0.0,0.0,0.0,0.0,2562.0,0.0,6000.0,2562.0
1661,0.0,0.0,0.0,0.0,0.0,0.0,2442.0,0.0,6000.0,2442.0
1662,0.0,0.0,0.0,0.0,0.0,0.0,2580.0,0.0,6000.0,2580.0
1663,275.3226,0.0,0.0,0.0,0.0,0.0,2306.937078,0.0,6000.0,2582.259678
1664,1405.9689,0.0,0.0,0.0,0.0,0.0,1210.210167,0.0,6000.0,2616.179067
1665,2789.69072164948,805.635278350515,0.0,0.0,0.0,0.0,-4.39020183322784e-14,0.0,6664.246287,2789.69072164948
1666,2808.24742268041,2837.64457731959,0.0,0.0,0.0,0.0,-7.027780419466391e-15,0.0,9003.884241,2808.24742268041
1667,2795.87628865979,3898.71371134021,0.0,0.0,0.0,0.0,1.15424371091949e-13,0.0,12218.373696,2795.87628865979
1668,2783.50515463918,3782.56484536082,0.0,0.0,0.0,0.0,-2.03228407756506e-13,0.0,15337.098411,2783.50515463918
1669,2758.76288659794,3443.41911340206,0.0,0.0,0.0,0.0,4.16758952663249e-14,0.0,18176.19747,2758.76288659794
1670,2752.57731958763,2144.03468041237,0.0,0.0,0.0,0.0,-1.17650494157903e-13,0.0,19943.954064,2752.57731958763
1671,2962.88659793814,498.543402061855,0.0,0.0,0.0,0.0,6.1875819473871806e-15,0.0,20355.003099,2962.88659793814
1672,999.9297,0.0,0.0,0.0,0.0,0.0,1868.068191,0.0,20355.003099,2867.997891
1673,43.91184,0.0,0.0,0.0,0.0,0.0,2789.4055152,0.0,20355.003099,2833.3173552000003
1674,0.0,0.0,0.0,0.0,717.484715736277,0.0,2109.63584316223,0.0,19533.1420271371,2827.1205588985067
1675,0.0,0.0,0.0,0.0,2941.58075601375,0.0,1.96219184466908e-13,0.0,16163.6337155521,2941.58075601375
1676,0.0,0.0,0.0,0.0,2975.94501718213,0.0,1.5398872402482399e-13,0.0,12754.7619891121,2975.94501718213
1677,0.0,0.0,0.0,0.0,2996.56357388316,0.0,-3.01473271699792e-14,0.0,9322.27221375909,2996.56357388316
1678,0.0,0.0,0.0,0.0,2900.34364261168,0.0,1.67496849532632e-13,0.0,6000.0,2900.34364261168
1679,0.0,0.0,0.0,0.0,0.0,0.0,2622.0,0.0,6000.0,2622.0
1680,0.0,0.0,0.0,0.0,0.0,0.0,2562.0,0.0,12000.0,2562.0
1681,0.0,0.0,0.0,0.0,0.0,0.0,2562.0,0.0,12000.0,2562.0
1682,0.0,0.0,0.0,0.0,0.0,0.0,2562.0,0.0,12000.0,2562.0
1683,0.0,0.0,0.0,0.0,0.0,0.0,2430.0,0.0,12000.0,2430.0
1684,0.0,0.0,0.0,0.0,0.0,0.0,2442.0,0.0,12000.0,2442.0
1685,0.0,0.0,0.0,0.0,0.0,0.0,2316.0,0.0,12000.0,2316.0
1686,0.0,0.0,0.0,0.0,0.0,0.0,2508.0,0.0,12000.0,2508.0
1687,170.52441,0.0,0.0,0.0,0.0,0.0,2456.5913223,0.0,12000.0,2627.1157323
1688,920.0184,0.0,0.0,0.0,0.0,0.0,1741.582152,0.0,12000.0,2661.600552
1689,1406.6115,0.0,0.0,0.0,0.0,0.0,1167.586845,0.0,12000.0,2574.198345
1690,2795.87628865979,1137.65471134021,0.0,0.0,0.0,0.0,1.15424371091949e-13,0.0,12937.9963095,2795.87628865979
1691,2795.87628865979,2975.21771134021,0.0,0.0,0.0,0.0,1.15424371091949e-13,0.0,15391.0633125,2795.87628865979
1692,2672.16494845361,2493.96105154639,0.0,0.0,0.0,0.0,1.66310951264921e-14,0.0,17447.3341995,2672.16494845361
1693,2653.60824742268,1055.85275257732,0.0,0.0,0.0,0.0,-2.024314278632e-14,0.0,18317.884794,2653.60824742268
1694,2616.49484536082,2418.17115463918,0.0,0.0,0.0,0.0,-9.39916186119441e-14,0.0,20311.666911,2616.49484536082
1695,2709.27835051546,580.434649484536,0.0,0.0,0.0,0.0,9.03795709521162e-14,0.0,20790.2352795,2709.27835051546
1696,1082.9679,0.0,0.0,0.0,0.0,0.0,1529.521137,0.0,20790.2352795,2612.4890370000003
1697,45.91377,0.0,0.0,0.0,0.0,0.0,2559.4636431,0.0,20790.2352795,2605.3774131
1698,0.0,0.0,0.0,0.0,0.0,0.0,2496.0,0.0,20790.2352795,2496.0
1699,0.0,0.0,0.0,0.0,0.0,0.0,2412.0,0.0,20790.2352795,2412.0
1700,0.0,0.0,0.0,0.0,0.0,0.0,2364.0,0.0,20790.2352795,2364.0
1701,0.0,0.0,0.0,0.0,0.0,0.0,2346.0,0.0,20790.2352795,2346.0
1702,0.0,0.0,0.0,0.0,0.0,0.0,2322.0,0.0,20790.2352795,2322.0
1703,0.0,0.0,0.0,0.0,0.0,0.0,2286.0,0.0,20790.2352795,2286.0
1704,0.0,0.0,0.0,0.0,0.0,0.0,2352.0,0.0,20790.2352795,2352.0
1705,0.0,0.0,0.0,0.0,0.0,0.0,2388.0,0.0,20790.2352795,2388.0
1706,0.0,0.0,0.0,0.0,0.0,0.0,2358.0,0.0,20790.2352795,2358.0
1707,0.0,0.0,0.0,0.0,0.0,0.0,2340.0,0.0,20790.2352795,2340.0
1708,0.0,0.0,0.0,0.0,0.0,0.0,2340.0,0.0,20790.2352795,2340.0
1709,0.0,0.0,0.0,0.0,0.0,0.0,2364.0,0.0,20790.2352795,2364.0
1710,0.0,0.0,0.0,0.0,2735.39518900344,0.0,5.26075097955275e-14,0.0,17656.9074570447,2735.39518900344
1711,406.875,0.0,0.0,0.0,2386.40463917526,0.0,-1.57650950713206e-13,0.0,14923.3397145759,2793.27963917526
1712,1009.8564,0.0,0.0,0.0,1572.09540893471,0.0,7.464268387191221e-14,0.0,13122.5431407676,2581.95180893471
1713,613.305,0.0,0.0,0.0,2019.58092783505,0.0,6.17951573073495e-14,0.0,10809.1629256072,2632.88592783505
1714,1853.1387,0.0,0.0,0.0,703.843597938145,0.0,-1.59164351068985e-14,0.0,10002.9274182324,2556.982297938145
1715,2567.01030927835,3831.60569072165,0.0,0.0,-5.18762232831074e-14,0.0,1.85160258643337e-30,0.0,13162.0863102324,2567.01030927835
1716,2628.86597938144,4089.26502061856,0.0,0.0,-2.47931008159633e-13,0.0,5.01219263484387e-30,0.0,16533.6853197324,2628.8659793814395
1717,2505.15463917526,3479.29936082474,0.0,0.0,1.44178561593418e-13,0.0,-1.3089874619771299e-30,0.0,19402.3676427324,2505.15463917526
1718,2560.82474226804,110.228257731958,0.0,0.0,-2.34380678522772e-13,0.0,-1.9197544152819e-29,0.0,19493.2508412324,2560.82474226804
1719,1750.3101,0.0,0.0,0.0,996.791756013746,0.0,8.932928629714611e-15,0.0,18351.4504334274,2747.101856013746
1720,487.7061,0.0,0.0,0.0,2440.92220274914,0.0,1.5704632621459e-14,0.0,15555.4341645281,2928.62830274914
1721,7.307874,0.0,0.0,0.0,183.818424258445,0.0,2454.43787784238,0.0,15344.8746865688,2645.564176100825
1722,0.0,0.0,0.0,0.0,0.0,0.0,2466.0,0.0,15344.8746865688,2466.0
1723,0.0,0.0,0.0,0.0,0.0,0.0,2418.0,0.0,15344.8746865688,2418.0
1724,0.0,0.0,0.0,0.0,0.0,0.0,2394.0,0.0,15344.8746865688,2394.0
1725,0.0,0.0,0.0,0.0,2707.90378006873,0.0,1.65790765613971e-13,0.0,12243.0375959975,2707.90378006873
1726,0.0,0.0,0.0,0.0,2756.01374570447,0.0,-1.31528541399276e-13,0.0,9086.0917246293,2756.01374570447
1727,0.0,0.0,0.0,0.0,2694.15807560137,0.0,2.3885174861251402e-14,0.0,6000.0,2694.15807560137
1728,0.0,0.0,0.0,0.0,0.0,0.0,2328.0,0.0,12000.0,2328.0
1729,0.0,0.0,0.0,0.0,1580.80699492477,0.0,941.955493430673,0.0,10189.2245189865,2522.7624883554427
1730,0.0,0.0,0.0,0.0,2680.41237113402,0.0,-1.18020415891468e-13,0.0,7118.8781602992,2680.41237113402
1731,0.0,0.0,0.0,0.0,0.0,0.0,2334.0,0.0,7118.8781602992,2334.0
1732,0.0,0.0,0.0,0.0,0.0,0.0,2286.0,0.0,7118.8781602992,2286.0
1733,0.0,0.0,0.0,0.0,0.0,0.0,2304.0,0.0,7118.8781602992,2304.0
1734,0.0,0.0,0.0,0.0,0.0,0.0,2232.0,0.0,7118.8781602992,2232.0
1735,1572.4947,0.0,0.0,0.0,0.0,0.0,736.680141,0.0,7118.8781602992,2309.174841
1736,334.3578,0.0,0.0,0.0,0.0,0.0,2003.672934,0.0,7118.8781602992,2338.030734
1737,2474.22680412371,1930.52319587629,0.0,0.0,0.0,0.0,2.11445797869657e-13,0.0,8710.5945352992,2474.22680412371
1738,2461.85567010309,1121.18532989691,0.0,0.0,0.0,0.0,-1.0720698097879799e-13,0.0,9635.0118397992,2461.85567010309
1739,2529.8969072165,2767.7100927835,0.0,0.0,-1.3635328608451e-13,0.0,-9.7590300528972e-30,0.0,11916.9888112992,2529.8969072165
1740,2517.52577319588,3968.93322680412,0.0,0.0,3.91263775445419e-15,0.0,-2.46041953736201e-32,0.0,15189.3742567992,2517.52577319588
1741,2529.8969072165,1026.6630927835,0.0,0.0,-1.3635328608451e-13,0.0,-9.7590300528972e-30,0.0,16035.8579767992,2529.8969072165
1742,2186.499,0.0,0.0,0.0,347.188969072165,0.0,1.64192019430803e-14,0.0,15638.1615631999,2533.687969072165
1743,1420.9314,0.0,0.0,0.0,0.0,0.0,1123.696542,0.0,15638.1615631999,2544.627942
1744,993.3903,0.0,0.0,0.0,0.0,0.0,1562.411409,0.0,15638.1615631999,2555.8017090000003
1745,0.0,0.0,0.0,0.0,0.0,0.0,2568.0,0.0,15638.1615631999,2568.0
1746,0.0,0.0,0.0,0.0,2900.34364261168,0.0,1.67496849532632e-13,0.0,12315.8893494408,2900.34364261168
1747,0.0,0.0,0.0,0.0,0.0,0.0,2430.0,0.0,12315.8893494408,2430.0
1748,0.0,0.0,0.0,0.0,0.0,0.0,2544.0,0.0,12315.8893494408,2544.0
1749,0.0,0.0,0.0,0.0,0.0,0.0,2598.0,0.0,12315.8893494408,2598.0
1750,0.0,0.0,0.0,0.0,0.0,0.0,2550.0,0.0,12315.8893494408,2550.0
1751,0.0,0.0,0.0,0.0,0.0,0.0,2568.0,0.0,12315.8893494408,2568.0
1752,0.0,0.0,0.0,0.0,0.0,0.0,2580.0,0.0,12315.8893494408,2580.0
1753,0.0,0.0,0.0,0.0,0.0,0.0,2538.0,0.0,12315.8893494408,2538.0
1754,0.0,0.0,0.0,0.0,0.0,0.0,2634.0,0.0,12315.8893494408,2634.0
1755,0.0,0.0,0.0,0.0,0.0,0.0,2676.0,0.0,12315.8893494408,2676.0
1756,0.0,0.0,0.0,0.0,0.0,0.0,2646.0,0.0,12315.8893494408,2646.0
1757,0.0,0.0,0.0,0.0,0.0,0.0,2532.0,0.0,12315.8893494408,2532.0
1758,0.0,0.0,0.0,0.0,3065.29209621993,0.0,-1.14608248054147e-13,0.0,8804.67274437792,3065.29209621993
1759,1620.0093,0.0,0.0,0.0,1265.2817628866,0.0,-5.2557393763546404e-15,0.0,7355.32364599694,2885.2910628866
1760,1730.9985,0.0,0.0,0.0,1183.19754295533,0.0,8.69121619881158e-14,0.0,6000.0,2914.19604295533
1761,2851.54639175258,694.135608247423,0.0,0.0,-2.46343465669513e-13,0.0,1.73338645727354e-29,0.0,6572.314809,2851.5463917525794
1762,2758.76288659794,2838.34611340206,0.0,0.0,4.77387116452748e-14,0.0,1.5741703759925098e-30,0.0,8912.5311795,2758.76288659794
1763,2752.57731958763,3990.08168041237,0.0,0.0,-1.3476574359438999e-13,0.0,2.5626418849942797e-30,0.0,12202.353525,2752.57731958763
1764,2771.13402061856,3587.03597938144,0.0,0.0,-9.2527212193689e-14,0.0,-2.6508509194675297e-30,0.0,15159.86469,2771.13402061856
1765,2863.9175257732,2929.7724742268,0.0,0.0,1.18665444809816e-13,0.0,-6.680696693522369e-30,0.0,17575.462095,2863.9175257732
1766,2789.69072164948,1973.00427835052,0.0,0.0,-5.02886807929879e-14,0.0,-2.3549391618657898e-30,0.0,19202.2041225,2789.69072164948
1767,2876.28865979381,629.262340206186,0.0,0.0,-2.16004790291473e-14,0.0,1.1309113514468702e-31,0.0,19721.030922,2876.28865979381
1768,1254.8886,0.0,0.0,0.0,1801.55562199313,0.0,-5.21262034071212e-15,0.0,17657.3933252152,3056.4442219931298
1769,314.433,0.0,0.0,0.0,2722.79494845361,0.0,5.5313611377367505e-14,0.0,14538.4987679946,3037.2279484536098
1770,0.0,0.0,0.0,0.0,3010.30927835052,0.0,1.11758263582741e-13,0.0,11090.2636266996,3010.30927835052
1771,0.0,0.0,0.0,0.0,2927.83505154639,0.0,5.4313593714188305e-14,0.0,7736.50068105654,2927.83505154639
1772,0.0,0.0,0.0,0.0,1515.96509456236,0.0,1316.56247244706,0.0,6000.0,2832.52756700942
1773,0.0,0.0,0.0,0.0,0.0,0.0,2724.0,0.0,6000.0,2724.0
1774,0.0,0.0,0.0,0.0,0.0,0.0,2622.0,0.0,6000.0,2622.0
1775,0.0,0.0,0.0,0.0,0.0,0.0,2742.0,0.0,6000.0,2742.0
1776,0.0,0.0,0.0,0.0,0.0,0.0,2742.0,0.0,12000.0,2742.0
1777,0.0,0.0,0.0,0.0,0.0,0.0,2694.0,0.0,12000.0,2694.0
1778,0.0,0.0,0.0,0.0,0.0,0.0,2802.0,0.0,12000.0,2802.0
1779,0.0,0.0,0.0,0.0,0.0,0.0,2700.0,0.0,12000.0,2700.0
1780,0.0,0.0,0.0,0.0,0.0,0.0,2646.0,0.0,12000.0,2646.0
1781,0.0,0.0,0.0,0.0,0.0,0.0,2538.0,0.0,12000.0,2538.0
1782,0.0,0.0,0.0,0.0,0.0,0.0,2400.0,0.0,12000.0,2400.0
1783,2133.81,0.0,0.0,0.0,0.0,0.0,306.2043,0.0,12000.0,2440.0143
1784,1863.771,0.0,0.0,0.0,0.0,0.0,562.14213,0.0,12000.0,2425.91313
1785,2498.96907216495,1149.36092783505,0.0,0.0,0.0,0.0,-3.34585051531735e-14,0.0,12947.648085,2498.96907216495
1786,2573.19587628866,3067.63512371134,0.0,0.0,1.30628231956557e-13,0.0,8.631310774316031e-31,0.0,15476.9132445,2573.19587628866
1787,2486.59793814433,4792.90506185567,0.0,0.0,0.0,0.0,8.89936463582418e-14,0.0,19428.663468,2486.59793814433
1788,2567.01030927835,4636.51469072165,0.0,0.0,0.0,0.0,-4.52879429261528e-14,0.0,23251.4698305,2567.01030927835
1789,2690.72164948454,3216.51535051546,0.0,0.0,6.128904128213531e-14,0.0,-5.9794816341622105e-31,0.0,25903.486737,2690.72164948454
1790,2653.60824742268,1625.30975257732,0.0,0.0,-2.3188021519266902e-14,0.0,-1.1897716786196999e-30,0.0,27243.554628,2653.60824742268
1791,2666.748,0.0,0.0,0.0,67.8745017182136,0.0,-3.0626621208572204e-15,0.0,27165.806057876,2734.6225017182137
1792,78.30963,0.0,0.0,0.0,2868.3157604811,0.0,-4.35628142261615e-14,0.0,23880.2209943238,2946.6253904811
1793,66.759,0.0,0.0,0.0,2874.27694158076,0.0,-3.12740465674097e-14,0.0,20587.8075446322,2941.03594158076
1794,0.0,0.0,0.0,0.0,2893.47079037801,0.0,9.654405415627211e-14,0.0,17273.4080138441,2893.47079037801
1795,0.0,0.0,0.0,0.0,2275.62648096565,0.0,551.378082116989,0.0,14666.7339233909,2827.004563082639
1796,0.0,0.0,0.0,0.0,0.0,0.0,2658.0,0.0,14666.7339233909,2658.0
1797,0.0,0.0,0.0,0.0,0.0,0.0,2628.0,0.0,14666.7339233909,2628.0
1798,0.0,0.0,0.0,0.0,0.0,0.0,2454.0,0.0,14666.7339233909,2454.0
1799,0.0,0.0,0.0,0.0,0.0,0.0,2646.0,0.0,14666.7339233909,2646.0
1800,0.0,0.0,0.0,0.0,0.0,0.0,2736.0,0.0,14666.7339233909,2736.0
1801,0.0,0.0,0.0,0.0,0.0,0.0,2628.0,0.0,14666.7339233909,2628.0
1802,0.0,0.0,0.0,0.0,0.0,0.0,2700.0,0.0,14666.7339233909,2700.0
1803,0.0,0.0,0.0,0.0,0.0,0.0,2556.0,0.0,14666.7339233909,2556.0
1804,0.0,0.0,0.0,0.0,0.0,0.0,2580.0,0.0,14666.7339233909,2580.0
1805,0.0,0.0,0.0,0.0,0.0,0.0,2460.0,0.0,14666.7339233909,2460.0
1806,0.0,0.0,0.0,0.0,2982.81786941581,0.0,-1.72052917922699e-13,0.0,11249.9895139799,2982.81786941581
1807,135.51531,0.0,0.0,0.0,2894.10097285223,0.0,-1.26735775700034e-13,0.0,7934.86812468755,3029.61628285223
1808,1219.9803,0.0,0.0,0.0,1689.13987285223,0.0,8.030756481654361e-14,0.0,6000.0,2909.12017285223
1809,2678.35051546392,1862.68948453608,0.0,0.0,2.01554965121099e-13,0.0,-7.39173599208328e-30,0.0,7535.78748,2678.35051546392
1810,2734.0206185567,2956.8533814433,0.0,0.0,-1.7700427499509099e-13,0.0,-3.2426744346710094e-30,0.0,9973.713093,2734.0206185567
1811,2684.53608247423,4008.83591752577,0.0,0.0,-1.2121541395753e-13,0.0,3.90523345585547e-31,0.0,13278.998307,2684.53608247423
1812,2610.30927835052,5029.61672164948,0.0,0.0,2.1510529475795998e-13,0.0,-9.563854531492008e-30,0.0,17425.917294,2610.30927835052
1813,2647.42268041237,2870.30631958763,0.0,0.0,-2.05692476758932e-13,0.0,1.08175089545092e-29,0.0,19792.4848545,2647.42268041237
1814,1776.3774,0.0,0.0,0.0,988.44664604811,0.0,4.26830955398716e-14,0.0,18660.2435646396,2764.82404604811
1815,2758.76288659794,494.662113402062,0.0,0.0,4.77387116452748e-14,0.0,1.5741703759925098e-30,0.0,19068.0924771396,2758.76288659794
1816,1425.9357,0.0,0.0,0.0,1439.68198281787,0.0,5.09879818061483e-14,0.0,17418.9722219072,2865.61768281787
1817,75.59685,0.0,0.0,0.0,2912.56707388316,0.0,1.07037165040472e-13,0.0,14082.6983686619,2988.16392388316
1818,0.0,0.0,0.0,0.0,2927.83505154639,0.0,5.4313593714188305e-14,0.0,10728.9354230189,2927.83505154639
1819,0.0,0.0,0.0,0.0,2989.69072164948,0.0,-1.01100122546339e-13,0.0,7304.31833063686,2989.69072164948
1820,0.0,0.0,0.0,0.0,1138.66990264598,0.0,1603.94117499006,0.0,6000.0,2742.61107763604
1821,0.0,0.0,0.0,0.0,0.0,0.0,2742.0,0.0,6000.0,2742.0
1822,0.0,0.0,0.0,0.0,0.0,0.0,2520.0,0.0,6000.0,2520.0
1823,0.0,0.0,0.0,0.0,0.0,0.0,2640.0,0.0,6000.0,2640.0
1824,0.0,0.0,0.0,0.0,0.0,0.0,2622.0,0.0,12000.0,2622.0
1825,0.0,0.0,0.0,0.0,0.0,0.0,2682.0,0.0,12000.0,2682.0
1826,0.0,0.0,0.0,0.0,0.0,0.0,2658.0,0.0,12000.0,2658.0
1827,0.0,0.0,0.0,0.0,0.0,0.0,2580.0,0.0,12000.0,2580.0
1828,0.0,0.0,0.0,0.0,0.0,0.0,2586.0,0.0,12000.0,2586.0
1829,0.0,0.0,0.0,0.0,0.0,0.0,2520.0,0.0,12000.0,2520.0
1830,0.0,0.0,0.0,0.0,0.0,0.0,2652.0,0.0,12000.0,2652.0
1831,60.30192,0.0,0.0,0.0,2644.90860137457,0.0,332.5019286,0.0,8970.32233519522,3037.71244997457
1832,602.5887,0.0,0.0,0.0,2251.41919931271,0.0,1.04498488438965e-13,0.0,6391.37708970529,2854.00789931271
1833,2321.361,0.0,0.0,0.0,341.672199312715,0.0,2.23211177529107e-14,0.0,6000.0,2663.0331993127147
1834,2734.0206185567,1405.3943814433,0.0,0.0,-1.7700427499509099e-13,0.0,-3.2426744346710094e-30,0.0,7158.7476675,2734.0206185567
1835,2315.334,0.0,0.0,0.0,588.918694158075,0.0,1.6734913355801402e-14,0.0,6484.15580706692,2904.252694158075
1836,2358.678,0.0,0.0,0.0,0.0,0.0,472.08234,0.0,6484.15580706692,2830.76034
1837,1045.9764,0.0,0.0,0.0,0.0,0.0,1691.402892,0.0,6484.15580706692,2737.379292
1838,880.5993,0.0,0.0,0.0,0.0,0.0,1725.818679,0.0,6484.15580706692,2606.417979
1839,462.7938,0.0,0.0,0.0,0.0,0.0,2221.090014,0.0,6484.15580706692,2683.883814
1840,15.983331,0.0,0.0,0.0,0.0,0.0,2720.49616893,0.0,6484.15580706692,2736.47949993
1841,13.865565,0.0,0.0,0.0,0.0,0.0,2722.55040195,0.0,6484.15580706692,2736.41596695
1842,0.0,0.0,0.0,0.0,0.0,0.0,2598.0,0.0,6484.15580706692,2598.0
1843,0.0,0.0,0.0,0.0,0.0,0.0,2622.0,0.0,6484.15580706692,2622.0
1844,0.0,0.0,0.0,0.0,0.0,0.0,2682.0,0.0,6484.15580706692,2682.0
1845,0.0,0.0,0.0,0.0,0.0,0.0,2646.0,0.0,6484.15580706692,2646.0
1846,0.0,0.0,0.0,0.0,0.0,0.0,2544.0,0.0,6484.15580706692,2544.0
1847,0.0,0.0,0.0,0.0,0.0,0.0,2550.0,0.0,6484.15580706692,2550.0
1848,0.0,0.0,0.0,0.0,0.0,0.0,2538.0,0.0,6484.15580706692,2538.0
1849,0.0,0.0,0.0,0.0,0.0,0.0,2484.0,0.0,6484.15580706692,2484.0
1850,0.0,0.0,0.0,0.0,0.0,0.0,2580.0,0.0,6484.15580706692,2580.0
1851,0.0,0.0,0.0,0.0,0.0,0.0,2532.0,0.0,6484.15580706692,2532.0
1852,0.0,0.0,0.0,0.0,0.0,0.0,2502.0,0.0,6484.15580706692,2502.0
1853,0.0,0.0,0.0,0.0,0.0,0.0,2400.0,0.0,6484.15580706692,2400.0
1854,0.0,0.0,0.0,0.0,0.0,0.0,2580.0,0.0,6484.15580706692,2580.0
1855,2557.59,0.0,0.0,0.0,0.0,0.0,141.1377,0.0,6484.15580706692,2698.7277000000004
1856,2196.768,0.0,0.0,0.0,422.668019569425,0.0,128.145858915893,0.0,6000.0,2747.5818784853177
1857,2783.50515463918,1323.94784536082,0.0,0.0,-2.32793136032653e-13,0.0,-6.87587221492756e-30,0.0,7091.5949985,2783.50515463918
1858,2808.24742268041,3403.90957731959,0.0,0.0,-8.05014939228682e-15,0.0,-6.81676263748158e-31,0.0,9898.118445,2808.24742268041
1859,2826.80412371134,4821.03887628866,0.0,0.0,3.4188382008414304e-14,0.0,-1.7631156466623e-30,0.0,13873.0649985,2826.80412371134
1860,2789.69072164948,3995.47227835051,0.0,0.0,-5.02886807929879e-14,0.0,-2.3549391618657898e-30,0.0,17167.331892,2789.69072164948
1861,2901.03092783505,2860.34007216495,0.0,0.0,2.0314250761121899e-13,0.0,4.9299359458082094e-30,0.0,19525.6822815,2901.03092783505
1862,2839.17525773196,933.054742268041,0.0,0.0,-1.0607754183054899e-13,0.0,-4.78732380058795e-31,0.0,20294.9859165,2839.17525773196
1863,2832.98969072165,872.16630927835,0.0,0.0,2.16692837248079e-13,0.0,2.7578174063994696e-30,0.0,21014.0870385,2832.98969072165
1864,728.3577,0.0,0.0,0.0,2194.15009278351,0.0,-4.65793624244108e-14,0.0,18500.7421441317,2922.50779278351
1865,82.91577,0.0,0.0,0.0,2911.30779278351,0.0,-1.05332084756101e-13,0.0,15165.9107663728,2994.2235627835103
1866,0.0,0.0,0.0,0.0,2845.36082474227,0.0,-3.1310761543638905e-15,0.0,11906.6200163817,2845.36082474227
1867,0.0,0.0,0.0,0.0,2817.86941580756,0.0,1.1005217966408e-13,0.0,8678.81999827453,2817.86941580756
1868,0.0,0.0,0.0,0.0,2338.60985849366,0.0,484.393593535033,0.0,6000.0,2823.0034520286927
1869,0.0,0.0,0.0,0.0,0.0,0.0,2478.0,0.0,6000.0,2478.0
1870,0.0,0.0,0.0,0.0,0.0,0.0,2526.0,0.0,6000.0,2526.0
1871,0.0,0.0,0.0,0.0,0.0,0.0,2472.0,0.0,6000.0,2472.0
1872,0.0,0.0,0.0,0.0,0.0,0.0,2364.0,0.0,12000.0,2364.0
1873,0.0,0.0,0.0,0.0,0.0,0.0,2394.0,0.0,12000.0,2394.0
1874,0.0,0.0,0.0,0.0,0.0,0.0,2316.0,0.0,12000.0,2316.0
1875,0.0,0.0,0.0,0.0,0.0,0.0,2268.0,0.0,12000.0,2268.0
1876,0.0,0.0,0.0,0.0,0.0,0.0,2280.0,0.0,12000.0,2280.0
1877,0.0,0.0,0.0,0.0,0.0,0.0,2244.0,0.0,12000.0,2244.0
1878,0.0,0.0,0.0,0.0,0.0,0.0,2280.0,0.0,12000.0,2280.0
1879,27.82542,0.0,0.0,0.0,0.0,0.0,2295.0093426,0.0,12000.0,2322.8347626
1880,84.57246,0.0,0.0,0.0,2476.47733539519,0.0,-7.8819657759874e-14,0.0,9163.25620229646,2561.04979539519
1881,162.50157,0.0,0.0,0.0,2458.61795773196,0.0,1.43974819546834e-13,0.0,6346.96988187039,2621.11952773196
1882,308.301,0.0,0.0,0.0,302.904706872853,0.0,1728.5122209,0.0,6000.0,2339.717927772853
1883,1568.9583,0.0,0.0,0.0,0.0,0.0,860.110449,0.0,6000.0,2429.068749
1884,1807.7136,0.0,0.0,0.0,0.0,0.0,634.517808,0.0,6000.0,2442.231408
1885,215.2563,0.0,0.0,0.0,0.0,0.0,2227.201389,0.0,6000.0,2442.457689
1886,849.9393,0.0,0.0,0.0,0.0,0.0,1611.558879,0.0,6000.0,2461.498179
1887,2303.91,0.0,0.0,0.0,0.0,0.0,177.2073,0.0,6000.0,2481.1173
1888,573.8397,0.0,0.0,0.0,0.0,0.0,1993.375491,0.0,6000.0,2567.215191
1889,191.69745,0.0,0.0,0.0,0.0,0.0,2322.0534735,0.0,6000.0,2513.7509235
1890,0.0,0.0,0.0,0.0,0.0,0.0,2442.0,0.0,6000.0,2442.0
1891,0.0,0.0,0.0,0.0,0.0,0.0,2376.0,0.0,6000.0,2376.0
1892,0.0,0.0,0.0,0.0,0.0,0.0,2436.0,0.0,6000.0,2436.0
1893,0.0,0.0,0.0,0.0,0.0,0.0,2442.0,0.0,6000.0,2442.0
1894,0.0,0.0,0.0,0.0,0.0,0.0,2382.0,0.0,6000.0,2382.0
1895,0.0,0.0,0.0,0.0,0.0,0.0,2232.0,0.0,6000.0,2232.0
1896,0.0,0.0,0.0,0.0,0.0,0.0,2262.0,0.0,6000.0,2262.0
1897,0.0,0.0,0.0,0.0,0.0,0.0,2298.0,0.0,6000.0,2298.0
1898,0.0,0.0,0.0,0.0,0.0,0.0,2208.0,0.0,6000.0,2208.0
1899,0.0,0.0,0.0,0.0,0.0,0.0,2184.0,0.0,6000.0,2184.0
1900,0.0,0.0,0.0,0.0,0.0,0.0,2184.0,0.0,6000.0,2184.0
1901,0.0,0.0,0.0,0.0,0.0,0.0,2262.0,0.0,6000.0,2262.0
1902,0.0,0.0,0.0,0.0,0.0,0.0,2244.0,0.0,6000.0,2244.0
1903,25.83588,0.0,0.0,0.0,0.0,0.0,2236.9391964,0.0,6000.0,2262.7750764
1904,2285.325,0.0,0.0,0.0,0.0,0.0,141.23475,0.0,6000.0,2426.55975
1905,2313.40206185567,1561.72793814433,0.0,0.0,0.0,0.0,3.89040460785762e-14,0.0,7287.644685,2313.40206185567
1906,2301.03092783505,3302.67207216495,0.0,0.0,0.0,0.0,1.61356197589992e-13,0.0,10010.6978085,2301.03092783505
1907,2307.21649484536,4284.51550515464,0.0,0.0,0.0,0.0,-1.20422343345651e-13,0.0,13543.2808425,2307.21649484536
1908,2319.58762886598,4174.89337113402,0.0,0.0,0.0,0.0,1.98230435502804e-13,0.0,16985.480427,2319.58762886598
1909,2449.48453608247,3524.76346391753,0.0,0.0,0.0,0.0,1.52451705326177e-14,0.0,19891.647903,2449.48453608247
1910,2449.48453608247,2112.97546391753,0.0,0.0,0.0,0.0,1.52451705326177e-14,0.0,21633.796173,2449.48453608247
1911,2486.59793814433,852.843061855669,0.0,0.0,0.0,0.0,8.89936463582418e-14,0.0,22336.9652775,2486.59793814433
1912,45.67038,0.0,0.0,0.0,0.0,0.0,2451.6997314,0.0,22336.9652775,2497.3701114
1913,33.42969,0.0,0.0,0.0,2780.72531580756,0.0,-1.61043222640331e-13,0.0,19151.7129111683,2814.15500580756
1914,0.0,0.0,0.0,0.0,2680.41237113402,0.0,-1.18020415891468e-13,0.0,16081.366552481,2680.41237113402
1915,0.0,0.0,0.0,0.0,2714.77663230241,0.0,-1.60250876333552e-13,0.0,12971.6567789387,2714.77663230241
1916,0.0,0.0,0.0,0.0,2859.10652920962,0.0,1.38774514598356e-13,0.0,9696.6206630056,2859.10652920962
1917,0.0,0.0,0.0,0.0,381.78901406162,0.0,2198.69819072421,0.0,9259.29074999114,2580.48720478583
1918,0.0,0.0,0.0,0.0,2845.36082474227,0.0,-3.1310761543638905e-15,0.0,6000.0,2845.36082474227
1919,0.0,0.0,0.0,0.0,0.0,0.0,2490.0,0.0,6000.0,2490.0
1920,0.0,0.0,0.0,0.0,0.0,0.0,2466.0,0.0,12000.0,2466.0
1921,0.0,0.0,0.0,0.0,0.0,0.0,2418.0,0.0,12000.0,2418.0
1922,0.0,0.0,0.0,0.0,0.0,0.0,2424.0,0.0,12000.0,2424.0
1923,0.0,0.0,0.0,0.0,0.0,0.0,2256.0,0.0,12000.0,2256.0
1924,0.0,0.0,0.0,0.0,0.0,0.0,2208.0,0.0,12000.0,2208.0
1925,0.0,0.0,0.0,0.0,2536.0824742268,0.0,-2.00513694994932e-14,0.0,9094.97998370355,2536.0824742268
1926,16.417674,0.0,0.0,0.0,2449.11209189003,0.0,-1.27071487391301e-13,0.0,6289.58239849159,2465.52976589003
1927,2187.507,0.0,0.0,0.0,64.2820274914089,0.0,5.983270816563311e-15,0.0,6215.94891911999,2251.789027491409
1928,2307.21649484536,257.723505154639,0.0,0.0,-1.37940828574629e-13,0.0,-4.30837425345009e-32,0.0,6428.44194911999,2307.21649484536
1929,1948.45360824742,255.790391752577,0.0,0.0,-1.12427711791028e-13,0.0,5.3286254890107394e-30,0.0,6639.34112711999,1948.45360824742
1930,1886.59793814433,1524.70506185567,0.0,0.0,8.36270730854978e-14,0.0,2.16803544060024e-30,0.0,7896.46045061999,1886.59793814433
1931,2035.05154639175,2294.87545360825,0.0,0.0,-8.3739510027187e-14,0.0,2.2872512239576597e-30,0.0,9788.58526211999,2035.05154639175
1932,1967.01030927835,4192.62569072165,0.0,0.0,-7.01891803903265e-14,0.0,1.15132684548933e-31,0.0,13245.40514412,1967.01030927835
1933,1843.29896907216,3839.59503092784,0.0,0.0,6.92829722035775e-14,0.0,-1.8206819889367697e-30,0.0,16411.15124712,1843.29896907216
1934,1818.55670103093,3265.50129896907,0.0,0.0,9.71774027223583e-14,0.0,-4.0830988084929396e-33,0.0,19103.55706812,1818.55670103093
1935,1849.48453608247,2035.91446391753,0.0,0.0,-8.49989715904371e-16,0.0,2.66918923163846e-32,0.0,20782.16854362,1849.48453608247
1936,1541.8242,0.0,0.0,0.0,259.370591065292,0.0,8.8167172959169e-15,0.0,20485.0659192611,1801.194791065292
1937,275.5095,0.0,0.0,0.0,1755.73400343643,0.0,-8.987702315111e-14,0.0,18473.915858051,2031.2435034364296
1938,0.0,0.0,0.0,0.0,1986.25429553265,0.0,6.01443415880223e-14,0.0,16198.710479434,1986.25429553265
1939,0.0,0.0,0.0,0.0,1979.38144329897,0.0,-1.0808453788337601e-14,0.0,13931.377783788,1979.38144329897
1940,0.0,0.0,0.0,0.0,1883.16151202749,0.0,-1.1661495747668e-14,0.0,11774.2626497359,1883.16151202749
1941,0.0,0.0,0.0,0.0,1979.38144329897,0.0,-1.0808453788337601e-14,0.0,9506.92995408987,1979.38144329897
1942,0.0,0.0,0.0,0.0,1972.50859106529,0.0,-8.17612491646974e-14,0.0,7247.46994141485,1972.50859106529
1943,0.0,0.0,0.0,0.0,0.0,0.0,1728.0,0.0,7247.46994141485,1728.0
1944,0.0,0.0,0.0,0.0,0.0,0.0,1728.0,0.0,7247.46994141485,1728.0
1945,0.0,0.0,0.0,0.0,0.0,0.0,1764.0,0.0,7247.46994141485,1764.0
1946,0.0,0.0,0.0,0.0,0.0,0.0,1722.0,0.0,7247.46994141485,1722.0
1947,0.0,0.0,0.0,0.0,0.0,0.0,1704.0,0.0,7247.46994141485,1704.0
1948,0.0,0.0,0.0,0.0,0.0,0.0,1704.0,0.0,7247.46994141485,1704.0
1949,0.0,0.0,0.0,0.0,0.0,0.0,1686.0,0.0,7247.46994141485,1686.0
1950,40.40715,0.0,0.0,0.0,1089.04125885517,0.0,426.072045519441,0.0,6000.0,1555.520454374611
1951,1490.72164948454,-1.56732885331878e-14,1.56732885331878e-14,1420.88635051546,2.46631270676972e-14,0.0,-1.31618568615332e-30,0.0,6000.0,1490.72164948454
1952,1478.35051546392,0.0,0.0,858.235484536082,-8.77083662524858e-14,0.0,4.53949875161024e-30,0.0,6000.0,1478.35051546392
1953,1354.63917525773,0.0,0.0,3084.38282474227,5.17637863414182e-14,0.0,2.60368407812453e-30,0.0,6000.0,1354.63917525773
1954,1534.0206185567,848.38568041237,0.0,3810.55670103093,3.90072279496174e-14,0.0,-8.21705376480867e-32,0.0,6699.4939935,1534.0206185567
1955,1571.13402061856,1961.71527835051,0.0,3810.55670103093,1.2348429075101998e-13,0.0,-1.0509156146571699e-29,0.0,8316.9282405,1571.1340206185605
1956,1490.72164948454,5075.66335051546,0.0,0.0,2.46631270676972e-14,0.0,-1.31618568615332e-30,0.0,12501.812673,1490.72164948454
1957,1472.16494845361,6921.11505154639,0.0,0.0,-1.7575404333003902e-14,0.0,1.14260483727671e-30,0.0,18208.272033,1472.16494845361
1958,1484.53608247423,1283.17585171019,0.0,3494.36206581559,9.4796088987179e-14,0.0,3.5510272426084696e-30,0.0,19266.250522735,1484.53608247423
1959,1515.46391752577,2629.66308247423,0.0,0.0,-3.2313034510836504e-15,0.0,-3.3744510120856e-32,0.0,21434.407734235,1515.46391752577
1960,1552.57731958763,604.815680412371,0.0,0.0,8.124575935031851e-14,0.0,-5.2956633421098895e-30,0.0,21933.078262735,1552.57731958763
1961,99.93711,0.0,0.0,0.0,1730.8831652921,0.0,2.67215283949655e-14,0.0,19950.3942245998,1830.8202752921
1962,0.0,0.0,0.0,0.0,1841.92439862543,0.0,-4.03838306819441e-14,0.0,17840.5151883736,1841.92439862543
1963,0.0,0.0,0.0,0.0,2054.98281786942,0.0,1.74180639365796e-13,0.0,15486.5829800467,2054.98281786942
1964,0.0,0.0,0.0,0.0,2041.23711340206,0.0,3.2275048613076604e-14,0.0,13148.3961376617,2041.23711340206
1965,0.0,0.0,0.0,0.0,2068.72852233677,0.0,-8.090820720536699e-14,0.0,10778.7185633928,2068.72852233677
1966,0.0,0.0,0.0,0.0,2082.47422680412,0.0,6.099738354735271e-14,0.0,8393.2956231819,2082.47422680412
1967,0.0,0.0,0.0,0.0,2089.3470790378,0.0,1.31950178923713e-13,0.0,6000.0,2089.3470790378
1968,0.0,0.0,0.0,0.0,0.0,0.0,1872.0,0.0,12000.0,1872.0
1969,0.0,0.0,0.0,0.0,0.0,0.0,1764.0,0.0,12000.0,1764.0
1970,0.0,0.0,0.0,0.0,0.0,0.0,1812.0,0.0,12000.0,1812.0
1971,0.0,0.0,0.0,0.0,0.0,0.0,1818.0,0.0,12000.0,1818.0
1972,0.0,0.0,0.0,0.0,0.0,0.0,1782.0,0.0,12000.0,1782.0
1973,0.0,0.0,0.0,0.0,0.0,0.0,1860.0,0.0,12000.0,1860.0
1974,73.93995,0.0,0.0,0.0,0.0,0.0,1794.2782485,0.0,12000.0,1868.2181985
1975,1997.9381443299,978.748855670103,0.0,0.0,0.0,0.0,7.36993971005767e-14,0.0,12806.9784315,1997.9381443299
1976,1973.19587628866,731.12112371134,0.0,0.0,1.12315274849338e-13,0.0,-8.733388244528351e-31,0.0,13409.787798,1973.19587628866
1977,2140.20618556701,2353.03781443299,0.0,0.0,-1.28127768626454e-14,0.0,-4.58211283493668e-31,0.0,15349.867476,2140.20618556701
1978,2171.13402061856,4343.44397938144,0.0,0.0,-1.10840169300908e-13,0.0,-4.3873208213519595e-30,0.0,18931.037037,2171.13402061856
1979,2183.50515463918,5235.05984536082,0.0,0.0,-2.51106093139872e-13,0.0,-1.96311512409391e-29,0.0,23247.3438795,2183.50515463918
1980,2183.50515463918,4654.57784536082,0.0,0.0,-2.51106093139872e-13,0.0,-1.96311512409391e-29,0.0,27085.043313,2183.50515463918
1981,2214.43298969072,4000.09701030928,0.0,0.0,0.0,0.0,1.36311397450159e-13,0.0,30383.123298,2214.43298969072
1982,2189.69072164948,3049.93527835052,0.0,0.0,0.0,0.0,-5.98892298868807e-14,0.0,32897.794935,2189.69072164948
1983,2183.50515463918,1908.97484536082,0.0,0.0,0.0,0.0,-2.19215619311108e-13,0.0,34471.744695,2183.50515463918
1984,775.9521,0.0,0.0,0.0,0.0,0.0,1299.326463,0.0,34471.744695,2075.278563
1985,131.31783,0.0,0.0,0.0,2266.46243402062,0.0,1.90472459909367e-13,0.0,31875.5677946327,2397.78026402062
1986,0.0,0.0,0.0,0.0,0.0,0.0,1998.0,0.0,31875.5677946327,1998.0
1987,0.0,0.0,0.0,0.0,0.0,0.0,2022.0,0.0,31875.5677946327,2022.0
1988,0.0,0.0,0.0,0.0,0.0,0.0,2016.0,0.0,31875.5677946327,2016.0
1989,0.0,0.0,0.0,0.0,0.0,0.0,2088.0,0.0,31875.5677946327,2088.0
1990,0.0,0.0,0.0,0.0,0.0,0.0,2094.0,0.0,31875.5677946327,2094.0
1991,0.0,0.0,0.0,0.0,0.0,0.0,2256.0,0.0,31875.5677946327,2256.0
1992,0.0,0.0,0.0,0.0,0.0,0.0,2370.0,0.0,31875.5677946327,2370.0
1993,0.0,0.0,0.0,0.0,1963.54029768991,0.0,571.829320116708,0.0,29626.3807411506,2535.369617806618
1994,0.0,0.0,0.0,0.0,2618.55670103093,0.0,3.73933003690591e-14,0.0,26626.8885292022,2618.55670103093
1995,0.0,0.0,0.0,0.0,0.0,0.0,2148.0,0.0,26626.8885292022,2148.0
1996,0.0,0.0,0.0,0.0,0.0,0.0,2208.0,0.0,26626.8885292022,2208.0
1997,0.0,0.0,0.0,0.0,2439.86254295533,0.0,1.7759280720311799e-13,0.0,23832.0860744997,2439.86254295533
1998,0.0,0.0,0.0,0.0,2618.55670103093,0.0,3.73933003690591e-14,0.0,20832.5938625513,2618.55670103093
1999,15.483426,0.0,0.0,0.0,2697.57282563574,0.0,-8.850568587995621e-15,0.0,17742.5906258552,2713.05625163574
2000,2542.26804123711,104.235958762887,0.0,0.0,2.2865562439482e-13,0.0,1.0301645177353399e-29,0.0,17828.5331738552,2542.2680412371105
2001,2486.59793814433,3032.53806185567,0.0,0.0,1.01940030192717e-13,0.0,3.90450534248468e-30,0.0,20328.8608058552,2486.59793814433
2002,2622.68041237113,4164.81358762887,0.0,0.0,7.48393709189958e-14,0.0,-2.77006670282495e-30,0.0,23762.7496088552,2622.68041237113
2003,2653.60824742268,4375.55375257732,0.0,0.0,-2.3188021519266902e-14,0.0,-1.1897716786196999e-30,0.0,27370.3936778552,2653.60824742268
2004,2585.56701030928,4123.19798969072,0.0,0.0,-9.637691882406331e-15,0.0,-6.07187936996662e-31,0.0,30769.9704203552,2585.56701030928
2005,2573.19587628866,2544.29412371134,0.0,0.0,1.30628231956557e-13,0.0,8.631310774316031e-31,0.0,32867.7409253552,2573.19587628866
2006,1778.5929,0.0,0.0,0.0,690.452333333334,0.0,2.24967126409107e-15,0.0,32076.8447817889,2469.045233333334
2007,1272.6546,0.0,0.0,0.0,1328.20737457045,0.0,1.7366032833213402e-14,0.0,30555.4159449385,2600.86197457045
2008,303.6663,0.0,0.0,0.0,2301.76825773196,0.0,-6.45780881965195e-14,0.0,27918.7970930118,2605.43455773196
2009,166.02999,0.0,0.0,0.0,2592.15453573883,0.0,-1.30455371774938e-13,0.0,24949.5479111804,2758.18452573883
2010,0.0,0.0,0.0,0.0,2728.52233676976,0.0,-1.8345285580832402e-14,0.0,21824.0927716961,2728.52233676976
2011,0.0,0.0,0.0,0.0,2701.03092783505,0.0,9.48379702376113e-14,0.0,18730.1283640958,2701.03092783505
2012,0.0,0.0,0.0,0.0,2707.90378006873,0.0,1.65790765613971e-13,0.0,15628.2912735246,2707.90378006873
2013,0.0,0.0,0.0,0.0,2756.01374570447,0.0,-1.31528541399276e-13,0.0,12471.3454021563,2756.01374570447
2014,0.0,0.0,0.0,0.0,2762.88659793814,0.0,-6.057574602291611e-14,0.0,9306.5268478171,2762.88659793814
2015,0.0,0.0,0.0,0.0,2886.59793814433,0.0,2.5591258779912202e-14,0.0,6000.0,2886.59793814433
2016,0.0,0.0,0.0,0.0,0.0,0.0,2526.0,0.0,12000.0,2526.0
2017,0.0,0.0,0.0,0.0,0.0,0.0,2472.0,0.0,12000.0,2472.0
2018,0.0,0.0,0.0,0.0,0.0,0.0,2346.0,0.0,12000.0,2346.0
2019,0.0,0.0,0.0,0.0,0.0,0.0,2352.0,0.0,12000.0,2352.0
2020,0.0,0.0,0.0,0.0,0.0,0.0,2436.0,0.0,12000.0,2436.0
2021,0.0,0.0,0.0,0.0,0.0,0.0,2412.0,0.0,12000.0,2412.0
2022,23.23377,0.0,0.0,0.0,2526.87085979381,0.0,237.5049825,0.0,9105.53166117547,2787.6096122938097
2023,71.32398,0.0,0.0,0.0,2711.12914020619,0.0,-7.38553589126557e-14,0.0,6000.0,2782.4531202061903
2024,2628.86597938144,578.422020618556,0.0,0.0,-2.47931008159633e-13,0.0,5.01219263484387e-30,0.0,6476.908956,2628.8659793814395
2025,2573.19587628866,2676.65712371134,0.0,0.0,1.30628231956557e-13,0.0,8.631310774316031e-31,0.0,8683.8127545,2573.19587628866
2026,2579.38144329897,1478.99455670103,0.0,0.0,-1.92142147122071e-13,0.0,8.645390415100429e-30,0.0,9903.2437665,2579.38144329897
2027,2573.19587628866,3636.94512371134,0.0,0.0,1.30628231956557e-13,0.0,8.631310774316031e-31,0.0,12901.905021,2573.19587628866
2028,2536.0824742268,4558.5995257732,0.0,0.0,4.6151169155155304e-14,0.0,2.7130756222812103e-31,0.0,16660.47033,2536.0824742268
2029,2635.05154639175,6376.32145360825,0.0,0.0,-6.54265529199679e-14,0.0,4.0237211258421e-30,0.0,21917.7473685,2635.05154639175
2030,2591.75257731959,2770.53442268041,0.0,0.0,1.72866763357259e-13,0.0,6.66844739709689e-30,0.0,24202.053,2591.75257731959
2031,2579.38144329897,3251.37355670103,0.0,0.0,-1.92142147122071e-13,0.0,8.645390415100429e-30,0.0,26882.8104975,2579.38144329897
2032,2474.22680412371,778.862195876289,0.0,0.0,2.42205954031681e-13,0.0,-1.39080916103095e-29,0.0,27524.982378,2474.2268041237103
2033,835.7748,0.0,0.0,0.0,1634.93521649485,0.0,-6.84911057353779e-14,0.0,25652.2043522327,2470.71001649485
2034,0.0,0.0,0.0,0.0,2467.35395189003,0.0,6.44095513846744e-14,0.0,22825.9111656462,2467.35395189003
2035,0.0,0.0,0.0,0.0,2542.95532646048,0.0,5.09014258768667e-14,0.0,19913.0184663787,2542.95532646048
2036,0.0,0.0,0.0,0.0,2446.735395189,0.0,-1.48448834744405e-13,0.0,17110.3433287052,2446.735395189
2037,0.0,0.0,0.0,0.0,2542.95532646048,0.0,5.09014258768667e-14,0.0,14197.4506294378,2542.95532646048
2038,0.0,0.0,0.0,0.0,2529.20962199313,0.0,-9.10041648758531e-14,0.0,11300.3032961123,2529.20962199313
2039,0.0,0.0,0.0,0.0,0.0,0.0,2238.0,0.0,11300.3032961123,2238.0
2040,0.0,0.0,0.0,0.0,0.0,0.0,2238.0,0.0,11300.3032961123,2238.0
2041,0.0,0.0,0.0,0.0,0.0,0.0,2148.0,0.0,11300.3032961123,2148.0
2042,0.0,0.0,0.0,0.0,0.0,0.0,2112.0,0.0,11300.3032961123,2112.0
2043,0.0,0.0,0.0,0.0,0.0,0.0,2064.0,0.0,11300.3032961123,2064.0
2044,0.0,0.0,0.0,0.0,601.957073038675,0.0,1520.49147523724,0.0,10610.776293777,2122.448548275915
2045,0.0,0.0,0.0,0.0,2295.53264604811,0.0,-1.2143258372878998e-13,0.0,7981.30018146534,2295.53264604811
2046,589.6842,0.0,0.0,0.0,1729.67505841924,0.0,5.491371812102e-14,0.0,6000.0,2319.35925841924
2047,2202.0618556701,788.674144329897,0.0,0.0,-2.08867561739171e-13,0.0,8.21178332698038e-30,0.0,6650.261832,2202.0618556701
2048,2121.64948453608,754.846515463918,0.0,0.0,-5.5051308263346503e-14,0.0,-7.541230410954091e-31,0.0,7272.632784,2121.64948453608
2049,2152.57731958763,2384.07368041237,0.0,0.0,-1.53078700701609e-13,0.0,-1.01926371410173e-29,0.0,9238.3015335,2152.57731958763
2050,2121.64948453608,4746.25351546392,0.0,0.0,-5.5051308263346503e-14,0.0,-7.541230410954091e-31,0.0,13151.587557,2121.64948453608
2051,2152.57731958763,3933.45100153854,0.0,3469.70667887383,-1.53078700701609e-13,0.0,-1.01926371410173e-29,0.0,16394.7179077685,2152.57731958763
2052,2177.31958762887,7390.86841237113,0.0,0.0,7.166428593875681e-14,0.0,-5.37579233035373e-30,0.0,22488.4889137685,2177.31958762887
2053,2195.87628865979,1077.49701030928,0.0,3810.55670103093,1.13902817339458e-13,0.0,4.29523989311555e-31,0.0,23376.8851987685,2195.87628865979
2054,2282.47422680412,0.0,0.0,3227.65277319588,1.42591019103298e-13,0.0,8.40695884838557e-30,0.0,23376.8851987685,2282.47422680412
2055,2282.47422680412,1623.35777319588,0.0,0.0,1.42591019103298e-13,0.0,8.40695884838557e-30,0.0,24715.3436827685,2282.47422680412
2056,2338.14432989691,1018.22267010309,0.0,0.0,-2.35968221012892e-13,0.0,1.25560204057978e-29,0.0,25554.8682742685,2338.1443298969098
2057,891.4101,0.0,0.0,0.0,1676.211,0.0,-7.22831376975819e-14,0.0,23634.8098550245,2567.6211000000003
2058,0.0,0.0,0.0,0.0,2549.82817869416,0.0,1.21854221253227e-13,0.0,20714.0444727861,2549.82817869416
2059,0.0,0.0,0.0,0.0,2577.31958762887,0.0,8.670965434782951e-15,0.0,17761.7883586637,2577.31958762887
2060,0.0,0.0,0.0,0.0,2542.95532646048,0.0,5.09014258768667e-14,0.0,14848.8956593962,2542.95532646048
2061,0.0,0.0,0.0,0.0,2542.95532646048,0.0,5.09014258768667e-14,0.0,11936.0029601288,2542.95532646048
2062,0.0,0.0,0.0,0.0,2618.55670103093,0.0,3.73933003690591e-14,0.0,8936.51074818043,2618.55670103093
2063,0.0,0.0,0.0,0.0,2563.57388316151,0.0,-1.33234625317937e-13,0.0,6000.0,2563.57388316151
2064,0.0,0.0,0.0,0.0,0.0,0.0,2118.0,0.0,12000.0,2118.0
2065,0.0,0.0,0.0,0.0,0.0,0.0,2148.0,0.0,12000.0,2148.0
2066,0.0,0.0,0.0,0.0,0.0,0.0,2112.0,0.0,12000.0,2112.0
2067,0.0,0.0,0.0,0.0,2467.35395189003,0.0,6.44095513846744e-14,0.0,9173.70681341348,2467.35395189003
2068,0.0,0.0,0.0,0.0,2460.48109965636,0.0,-6.543243991685521e-15,0.0,6355.28630979795,2460.48109965636
2069,0.0,0.0,0.0,0.0,0.0,0.0,2148.0,0.0,6355.28630979795,2148.0
2070,65.93769,0.0,0.0,0.0,310.164948453609,0.0,1819.2664407,0.0,6000.0,2195.369079153609
2071,2245.36082474227,795.586175257732,0.0,0.0,5.81139563018963e-14,0.0,-3.203673790945e-30,0.0,6655.9608015,2245.36082474227
2072,2232.98969072165,735.801309278351,0.0,0.0,1.9837988014086e-13,0.0,-9.997461619612059e-30,0.0,7262.628981,2232.98969072165
2073,2164.94845360825,2467.18954639175,0.0,0.0,2.11930209777721e-13,0.0,9.868038089233399e-30,0.0,9296.826762,2164.94845360825
2074,2177.31958762887,3934.20541237113,0.0,0.0,7.166428593875681e-14,0.0,-5.37579233035373e-30,0.0,12540.5791245,2177.31958762887
2075,2183.50515463918,5317.98884536082,0.0,0.0,-2.51106093139872e-13,0.0,-1.96311512409391e-29,0.0,16925.2609275,2183.50515463918
2076,2245.36082474227,4851.46317525773,0.0,0.0,5.81139563018963e-14,0.0,-3.203673790945e-30,0.0,20925.2923155,2245.36082474227
2077,2294.84536082474,4219.81663917526,0.0,0.0,2.3250952643346703e-15,0.0,4.98841313778767e-32,0.0,24404.5311345,2294.84536082474
2078,2307.21649484536,3139.88950515464,0.0,0.0,-1.37940828574629e-13,0.0,-4.30837425345009e-32,0.0,26993.3700315,2307.21649484536
2079,2338.14432989691,2020.17467010309,0.0,0.0,-2.35968221012892e-13,0.0,1.25560204057978e-29,0.0,28659.004047,2338.1443298969098
2080,645.6324,0.0,0.0,0.0,0.0,0.0,1641.736572,0.0,28659.004047,2287.368972
2081,10.055535,0.0,0.0,0.0,0.0,0.0,2294.24613105,0.0,28659.004047,2304.30166605
2082,0.0,0.0,0.0,0.0,0.0,0.0,2148.0,0.0,28659.004047,2148.0
2083,0.0,0.0,0.0,0.0,0.0,0.0,2286.0,0.0,28659.004047,2286.0
2084,0.0,0.0,0.0,0.0,0.0,0.0,2310.0,0.0,28659.004047,2310.0
2085,0.0,0.0,0.0,0.0,0.0,0.0,2304.0,0.0,28659.004047,2304.0
2086,0.0,0.0,0.0,0.0,0.0,0.0,2352.0,0.0,28659.004047,2352.0
2087,0.0,0.0,0.0,0.0,0.0,0.0,2454.0,0.0,28659.004047,2454.0
2088,0.0,0.0,0.0,0.0,0.0,0.0,2370.0,0.0,28659.004047,2370.0
2089,0.0,0.0,0.0,0.0,2749.14089347079,0.0,1.94513100548247e-13,0.0,25509.9308586028,2749.14089347079
2090,0.0,0.0,0.0,0.0,2680.41237113402,0.0,-1.18020415891468e-13,0.0,22439.5844999155,2680.41237113402
2091,0.0,0.0,0.0,0.0,2680.41237113402,0.0,-1.18020415891468e-13,0.0,19369.2381412281,2680.41237113402
2092,0.0,0.0,0.0,0.0,2529.20962199313,0.0,-9.10041648758531e-14,0.0,16472.0908079027,2529.20962199313
2093,0.0,0.0,0.0,0.0,2694.15807560137,0.0,2.3885174861251402e-14,0.0,13385.9990832734,2694.15807560137
2094,0.0,0.0,0.0,0.0,2673.53951890034,0.0,-1.88973211267828e-13,0.0,10323.5254075571,2673.53951890034
2095,15.596322,0.0,0.0,0.0,2759.30305573883,0.0,7.26588621371228e-14,0.0,7162.81171255269,2774.89937773883
2096,1294.5303,0.0,0.0,0.0,1015.13462505849,0.0,342.093081323935,0.0,6000.0,2651.758006382425
2097,1019.3148,0.0,0.0,0.0,0.0,0.0,1459.264644,0.0,6000.0,2478.579444
2098,942.8769,0.0,0.0,0.0,0.0,0.0,1623.409407,0.0,6000.0,2566.2863070000003
2099,2118.963,0.0,0.0,0.0,0.0,0.0,392.60589,0.0,6000.0,2511.56889
2100,1556.7678,0.0,0.0,0.0,0.0,0.0,667.935234,0.0,6000.0,2224.703034
2101,1771.1547,0.0,0.0,0.0,0.0,0.0,381.979941,0.0,6000.0,2153.134641
2102,1909.866,0.0,0.0,0.0,0.0,0.0,289.42998,0.0,6000.0,2199.29598
2103,782.3004,0.0,0.0,0.0,0.0,0.0,1365.168612,0.0,6000.0,2147.469012
2104,150.3768,0.0,0.0,0.0,0.0,0.0,1978.134504,0.0,6000.0,2128.511304
2105,78.14142,0.0,0.0,0.0,0.0,0.0,1976.2028226,0.0,6000.0,2054.3442426
2106,0.0,0.0,0.0,0.0,0.0,0.0,2094.0,0.0,6000.0,2094.0
2107,0.0,0.0,0.0,0.0,0.0,0.0,2136.0,0.0,6000.0,2136.0
2108,0.0,0.0,0.0,0.0,0.0,0.0,2154.0,0.0,6000.0,2154.0
2109,0.0,0.0,0.0,0.0,0.0,0.0,2046.0,0.0,6000.0,2046.0
2110,0.0,0.0,0.0,0.0,0.0,0.0,2226.0,0.0,6000.0,2226.0
2111,0.0,0.0,0.0,0.0,0.0,0.0,2250.0,0.0,6000.0,2250.0
2112,0.0,0.0,0.0,0.0,0.0,0.0,2142.0,0.0,12000.0,2142.0
2113,0.0,0.0,0.0,0.0,0.0,0.0,2226.0,0.0,12000.0,2226.0
2114,0.0,0.0,0.0,0.0,0.0,0.0,2178.0,0.0,12000.0,2178.0
2115,0.0,0.0,0.0,0.0,0.0,0.0,2184.0,0.0,12000.0,2184.0
2116,0.0,0.0,0.0,0.0,0.0,0.0,2100.0,0.0,12000.0,2100.0
2117,0.0,0.0,0.0,0.0,0.0,0.0,2196.0,0.0,12000.0,2196.0
2118,59.04234,0.0,0.0,0.0,0.0,0.0,2084.7289302,0.0,12000.0,2143.7712702
2119,50.37501,0.0,0.0,0.0,0.0,0.0,2093.1362403,0.0,12000.0,2143.5112503
2120,105.93009,0.0,0.0,0.0,0.0,0.0,2153.2478127,0.0,12000.0,2259.1779027
2121,1320.2343,0.0,0.0,0.0,0.0,0.0,1167.372729,0.0,12000.0,2487.607029
2122,1168.5408,0.0,0.0,0.0,0.0,0.0,1260.515424,0.0,12000.0,2429.056224
2123,2149.035,0.0,0.0,0.0,0.0,0.0,291.43605,0.0,12000.0,2440.47105
2124,1410.0219,0.0,0.0,0.0,0.0,0.0,1098.278757,0.0,12000.0,2508.300657
2125,2119.404,0.0,0.0,0.0,0.0,0.0,374.17812,0.0,12000.0,2493.58212
2126,1480.3383,0.0,0.0,0.0,0.0,0.0,964.071849,0.0,12000.0,2444.410149
2127,367.9221,0.0,0.0,0.0,0.0,0.0,2067.115563,0.0,12000.0,2435.037663
2128,72.46113,0.0,0.0,0.0,0.0,0.0,2317.7127039,0.0,12000.0,2390.1738339000003
2129,3.831009,0.0,0.0,0.0,0.0,0.0,2390.28392127,0.0,12000.0,2394.11493027
2130,0.0,0.0,0.0,0.0,0.0,0.0,2352.0,0.0,12000.0,2352.0
2131,0.0,0.0,0.0,0.0,0.0,0.0,2430.0,0.0,12000.0,2430.0
2132,0.0,0.0,0.0,0.0,0.0,0.0,2454.0,0.0,12000.0,2454.0
2133,0.0,0.0,0.0,0.0,0.0,0.0,2400.0,0.0,12000.0,2400.0
2134,0.0,0.0,0.0,0.0,0.0,0.0,2490.0,0.0,12000.0,2490.0
2135,0.0,0.0,0.0,0.0,0.0,0.0,2538.0,0.0,12000.0,2538.0
2136,0.0,0.0,0.0,0.0,0.0,0.0,2430.0,0.0,12000.0,2430.0
2137,0.0,0.0,0.0,0.0,0.0,0.0,2526.0,0.0,12000.0,2526.0
2138,0.0,0.0,0.0,0.0,0.0,0.0,2418.0,0.0,12000.0,2418.0
2139,0.0,0.0,0.0,0.0,0.0,0.0,2460.0,0.0,12000.0,2460.0
2140,0.0,0.0,0.0,0.0,0.0,0.0,2352.0,0.0,12000.0,2352.0
2141,0.0,0.0,0.0,0.0,0.0,0.0,2454.0,0.0,12000.0,2454.0
2142,10.59408,0.0,0.0,0.0,0.0,0.0,2503.7237424,0.0,12000.0,2514.3178224
2143,339.4104,0.0,0.0,0.0,0.0,0.0,2208.771912,0.0,12000.0,2548.182312
2144,1781.4636,0.0,0.0,0.0,0.0,0.0,773.980308,0.0,12000.0,2555.443908
2145,2628.86597938144,147.565020618556,0.0,0.0,-2.47931008159633e-13,0.0,5.01219263484387e-30,0.0,12121.6673595,2628.8659793814395
2146,761.6364,0.0,0.0,0.0,0.0,0.0,1865.212692,0.0,12121.6673595,2626.849092
2147,2028.7764,0.0,0.0,0.0,0.0,0.0,474.086892,0.0,12121.6673595,2502.863292
2148,2206.638,0.0,0.0,0.0,0.0,0.0,271.56114,0.0,12121.6673595,2478.19914
2149,1469.3931,0.0,0.0,0.0,0.0,0.0,1034.688693,0.0,12121.6673595,2504.0817930000003
2150,1755.6819,0.0,0.0,0.0,0.0,0.0,762.988557,0.0,12121.6673595,2518.670457
2151,1638.42,0.0,0.0,0.0,866.818556701031,0.0,3.82606276557969e-14,0.0,11128.7480505641,2505.238556701031
2152,460.8513,0.0,0.0,0.0,2333.30382474227,0.0,1.06462934156934e-13,0.0,8456.00598327629,2794.15512474227
2153,41.36853,0.0,0.0,0.0,2144.0932234002,0.0,548.079141871625,0.0,6000.0,2733.540895271825
2154,0.0,0.0,0.0,0.0,0.0,0.0,2460.0,0.0,6000.0,2460.0
2155,0.0,0.0,0.0,0.0,0.0,0.0,2496.0,0.0,6000.0,2496.0
2156,0.0,0.0,0.0,0.0,0.0,0.0,2508.0,0.0,6000.0,2508.0
2157,0.0,0.0,0.0,0.0,0.0,0.0,2370.0,0.0,6000.0,2370.0
2158,0.0,0.0,0.0,0.0,0.0,0.0,2490.0,0.0,6000.0,2490.0
2159,0.0,0.0,0.0,0.0,0.0,0.0,2490.0,0.0,6000.0,2490.0
2160,0.0,0.0,0.0,0.0,0.0,0.0,2340.0,0.0,12000.0,2340.0
2161,0.0,0.0,0.0,0.0,0.0,0.0,2394.0,0.0,12000.0,2394.0
2162,0.0,0.0,0.0,0.0,0.0,0.0,2436.0,0.0,12000.0,2436.0
2163,0.0,0.0,0.0,0.0,0.0,0.0,2352.0,0.0,12000.0,2352.0
2164,0.0,0.0,0.0,0.0,0.0,0.0,2292.0,0.0,12000.0,2292.0
2165,0.0,0.0,0.0,0.0,0.0,0.0,2472.0,0.0,12000.0,2472.0
2166,59.42076,0.0,0.0,0.0,0.0,0.0,2366.3618628,0.0,12000.0,2425.7826228
2167,50.51823,0.0,0.0,0.0,2816.72086701031,0.0,1.29604275519686e-13,0.0,8773.51561625394,2867.23909701031
2168,1050.6846,0.0,0.0,0.0,1677.93349140893,0.0,-8.50130037630078e-14,0.0,6851.48412552206,2728.61809140893
2169,2474.22680412371,1900.89219587629,0.0,0.0,2.42205954031681e-13,0.0,-1.39080916103095e-29,0.0,8418.76974102206,2474.2268041237103
2170,2703.09278350515,3220.69221649485,0.0,0.0,-7.89768825568285e-14,0.0,-4.822969458876259e-30,0.0,11074.2304735221,2703.09278350515
2171,2659.79381443299,2447.13318556701,0.0,0.0,1.59316433720398e-13,0.0,8.840565936505619e-30,0.0,13091.8917850221,2659.79381443299
2172,2573.19587628866,3085.75812371134,0.0,0.0,1.30628231956557e-13,0.0,8.631310774316031e-31,0.0,15636.0993580221,2573.19587628866
2173,2560.82474226804,2541.50325773196,0.0,0.0,-2.34380678522772e-13,0.0,-1.9197544152819e-29,0.0,17731.5687940221,2560.82474226804
2174,2684.53608247423,1368.86291752577,0.0,0.0,-1.2121541395753e-13,0.0,3.90523345585547e-31,0.0,18860.1962695221,2684.53608247423
2175,2511.34020618557,665.098793814433,0.0,0.0,-1.78591817485211e-13,0.0,6.473271875691689e-30,0.0,19408.5702250221,2511.34020618557
2176,921.585,0.0,0.0,0.0,1848.86890034364,0.0,-3.76433302246034e-15,0.0,17290.7364331049,2770.4539003436403
2177,177.15327,0.0,0.0,0.0,2449.21114329897,0.0,-2.0660431333221102e-14,0.0,14485.2253869435,2626.36441329897
2178,0.0,0.0,0.0,0.0,2666.66666666667,0.0,1.37068430679695e-13,0.0,11430.6243941981,2666.66666666667
2179,0.0,0.0,0.0,0.0,316.253718128107,0.0,2153.91050407416,0.0,11068.3635486906,2470.164222202267
2180,0.0,0.0,0.0,0.0,0.0,0.0,2418.0,0.0,11068.3635486906,2418.0
2181,0.0,0.0,0.0,0.0,0.0,0.0,2298.0,0.0,11068.3635486906,2298.0
2182,0.0,0.0,0.0,0.0,0.0,0.0,2328.0,0.0,11068.3635486906,2328.0
2183,0.0,0.0,0.0,0.0,0.0,0.0,2274.0,0.0,11068.3635486906,2274.0
2184,0.0,0.0,0.0,0.0,0.0,0.0,2274.0,0.0,11068.3635486906,2274.0
2185,0.0,0.0,0.0,0.0,0.0,0.0,2250.0,0.0,11068.3635486906,2250.0
2186,0.0,0.0,0.0,0.0,0.0,0.0,2184.0,0.0,11068.3635486906,2184.0
2187,0.0,0.0,0.0,0.0,0.0,0.0,2244.0,0.0,11068.3635486906,2244.0
2188,0.0,0.0,0.0,0.0,0.0,0.0,2094.0,0.0,11068.3635486906,2094.0
2189,0.0,0.0,0.0,0.0,2233.67697594502,0.0,3.39811325317374e-14,0.0,8509.74158311782,2233.67697594502
2190,918.582,0.0,0.0,0.0,1274.88597938144,0.0,7.07041287373426e-14,0.0,7049.39109127195,2193.46797938144
2191,1222.9161,0.0,0.0,0.0,916.118422680413,0.0,-2.6566982529131902e-14,0.0,6000.0,2139.034522680413
2192,2035.05154639175,2777.62345360825,0.0,0.0,-8.3739510027187e-14,0.0,2.2872512239576597e-30,0.0,8290.1505375,2035.05154639175
2193,2103.09278350515,3568.44021649484,0.0,0.0,-9.72898396640475e-14,0.0,4.4593697633664e-30,0.0,11232.329496,2103.09278350515
2194,2028.86597938144,4277.89602061856,0.0,0.0,-1.3606548107705101e-14,0.0,2.6770845014002404e-31,0.0,14759.454765,2028.86597938144
2195,2022.68041237113,2193.63658762887,0.0,0.0,5.6526413811776704e-14,0.0,1.00286795735416e-30,0.0,16568.1081315,2022.68041237113
2196,2053.60824742268,1383.04175257732,0.0,0.0,-4.1500978626485904e-14,0.0,2.5831629815594097e-30,0.0,17708.4260565,2053.60824742268
2197,2053.60824742268,269.012752577319,0.0,0.0,-4.1500978626485904e-14,0.0,2.5831629815594097e-30,0.0,17930.227071,2053.60824742268
2198,1820.5572,0.0,0.0,0.0,183.344233676976,0.0,-3.56436242873002e-16,0.0,17720.2107666736,2003.901433676976
2199,1923.71134020619,632.219659793814,0.0,0.0,-8.453328127224681e-14,0.0,-3.87358474498808e-30,0.0,18241.4758761736,1923.71134020619
2200,1774.1241,0.0,0.0,0.0,241.809419243986,0.0,-1.4747147161316101e-15,0.0,17964.4891416444,2015.933519243986
2201,178.19046,0.0,0.0,0.0,2070.0518371134,0.0,1.45910871600446e-14,0.0,15593.295742889,2248.2422971134
2202,14.541177,0.0,0.0,0.0,2272.5029304811,0.0,1.1312733737300601e-14,0.0,12990.19960259,2287.0441074811
2203,0.0,0.0,0.0,0.0,2268.0412371134,0.0,-8.249327910346331e-15,0.0,10392.2142221622,2268.0412371134
2204,0.0,0.0,0.0,0.0,2295.53264604811,0.0,-1.2143258372878998e-13,0.0,7762.73810985054,2295.53264604811
2205,0.0,0.0,0.0,0.0,1538.87036989952,0.0,498.566167077719,0.0,6000.0,2037.436536977239
2206,0.0,0.0,0.0,0.0,0.0,0.0,1788.0,0.0,6000.0,1788.0
2207,0.0,0.0,0.0,0.0,0.0,0.0,1956.0,0.0,6000.0,1956.0
2208,0.0,0.0,0.0,0.0,0.0,0.0,2016.0,0.0,12000.0,2016.0
2209,0.0,0.0,0.0,0.0,0.0,0.0,1992.0,0.0,12000.0,1992.0
2210,0.0,0.0,0.0,0.0,0.0,0.0,2058.0,0.0,12000.0,2058.0
2211,0.0,0.0,0.0,0.0,0.0,0.0,2052.0,0.0,12000.0,2052.0
2212,0.0,0.0,0.0,0.0,0.0,0.0,2034.0,0.0,12000.0,2034.0
2213,0.0,0.0,0.0,0.0,0.0,0.0,2160.0,0.0,12000.0,2160.0
2214,1028.0991,0.0,0.0,0.0,1441.86010652921,0.0,-4.4959840105943996e-14,0.0,10348.3847576985,2469.95920652921
2215,2301.03092783505,1424.26407216495,0.0,0.0,1.84829550504e-13,0.0,-7.825343080203319e-30,0.0,11522.6904851985,2301.03092783505
2216,2325.77319587629,1197.27080412371,0.0,0.0,-9.5702297173928e-14,0.0,-5.256576546996309e-30,0.0,12509.8402631985,2325.77319587629
2217,2393.81443298969,2945.14156701031,0.0,0.0,-1.09252626810789e-13,0.0,-3.0844580075875697e-30,0.0,14938.1094851985,2393.81443298969
2218,2369.07216494845,4929.54083505155,0.0,0.0,1.71279220867139e-13,0.0,-5.653224540794589e-30,0.0,19002.5159036985,2369.07216494845
2219,2443.29896907217,5065.25103092783,0.0,0.0,-1.6504148784835e-13,0.0,4.30115333628296e-30,0.0,23178.8153786985,2443.29896907217
2220,2443.29896907217,2756.07003092783,0.0,0.0,-1.6504148784835e-13,0.0,4.30115333628296e-30,0.0,25451.1951191985,2443.29896907217
2221,2437.11340206186,941.849597938144,0.0,0.0,1.57728891230278e-13,0.0,-3.4811060013858595e-30,0.0,26227.7501126985,2437.11340206186
2222,1787.7426,0.0,0.0,0.0,666.540295532646,0.0,3.9382790887168304e-14,0.0,25464.244619534,2454.282895532646
2223,874.1817,0.0,0.0,0.0,1764.08218900344,0.0,6.90720053402377e-14,0.0,23443.5319173536,2638.26388900344
2224,2486.59793814433,444.03606185567,0.0,0.0,1.01940030192717e-13,0.0,3.90450534248468e-30,0.0,23809.6396503536,2486.59793814433
2225,111.87792,0.0,0.0,0.0,2446.13793539519,0.0,-1.74826589908946e-14,0.0,21007.6488881598,2558.01585539519
2226,43.03656,0.0,0.0,0.0,2570.73830103093,0.0,-1.66873202720853e-13,0.0,18062.9314757533,2613.77486103093
2227,0.0,0.0,0.0,0.0,2577.31958762887,0.0,8.670965434782951e-15,0.0,15110.6753616308,2577.31958762887
2228,0.0,0.0,0.0,0.0,2611.68384879725,0.0,-3.35594950073008e-14,0.0,12119.0558326535,2611.68384879725
2229,0.0,0.0,0.0,0.0,0.0,0.0,2316.0,0.0,12119.0558326535,2316.0
2230,0.0,0.0,0.0,0.0,0.0,0.0,2268.0,0.0,12119.0558326535,2268.0
2231,0.0,0.0,0.0,0.0,0.0,0.0,2184.0,0.0,12119.0558326535,2184.0
2232,0.0,0.0,0.0,0.0,0.0,0.0,2262.0,0.0,12119.0558326535,2262.0
2233,0.0,0.0,0.0,0.0,0.0,0.0,2184.0,0.0,12119.0558326535,2184.0
2234,0.0,0.0,0.0,0.0,0.0,0.0,2100.0,0.0,12119.0558326535,2100.0
2235,0.0,0.0,0.0,0.0,0.0,0.0,2058.0,0.0,12119.0558326535,2058.0
2236,0.0,0.0,0.0,0.0,0.0,0.0,2058.0,0.0,12119.0558326535,2058.0
2237,0.0,0.0,0.0,0.0,0.0,0.0,1926.0,0.0,12119.0558326535,1926.0
2238,1068.1713,0.0,0.0,0.0,1287.36980412371,0.0,-3.04549811074329e-14,0.0,10644.4054270135,2355.5411041237103
2239,2338.14432989691,1325.53667010309,0.0,0.0,-2.35968221012892e-13,0.0,1.25560204057978e-29,0.0,11737.3104115135,2338.1443298969098
2240,2369.07216494845,1333.03883505155,0.0,0.0,1.71279220867139e-13,0.0,-5.653224540794589e-30,0.0,12836.4009310135,2369.07216494845
2241,2331.9587628866,832.069237113402,0.0,0.0,8.68021580657368e-14,0.0,4.77376106812902e-30,0.0,13522.4420170135,2331.9587628866
2242,2400.0,1036.713,0.0,0.0,7.32518284288763e-14,0.0,-4.07292951658934e-30,0.0,14377.2118855135,2400.0
2243,2338.14432989691,4129.70867010309,0.0,0.0,-2.35968221012892e-13,0.0,1.25560204057978e-29,0.0,17782.1566840135,2338.1443298969098
2244,1114.5225,0.0,0.0,0.0,1387.07121993127,0.0,2.9521400826004803e-14,0.0,16193.3007619845,2501.5937199312702
2245,2338.14432989691,415.270670103092,0.0,0.0,-2.35968221012892e-13,0.0,1.25560204057978e-29,0.0,16535.6914294845,2338.1443298969098
2246,2307.21649484536,3713.25250515464,0.0,0.0,-1.37940828574629e-13,0.0,-4.30837425345009e-32,0.0,19597.2681199845,2307.21649484536
2247,1355.5857,0.0,0.0,0.0,1153.58748109966,0.0,4.57049286969984e-14,0.0,18275.8620706149,2509.17318109966
2248,229.5846,0.0,0.0,0.0,2425.31837113402,0.0,1.35730215282475e-13,0.0,15497.7196065439,2654.90297113402
2249,25.21449,0.0,0.0,0.0,2693.63338453608,0.0,8.48203878414752e-14,0.0,12412.2289026079,2718.84787453608
2250,7.111608,0.0,0.0,0.0,2624.40061883161,0.0,8.96996266043566e-14,0.0,9406.04262674125,2631.51222683161
2251,0.0,0.0,0.0,0.0,2453.60824742268,0.0,-7.74960393680454e-14,0.0,6595.49480609672,2453.60824742268
2252,0.0,0.0,0.0,0.0,519.866965722435,0.0,1748.15613892431,0.0,6000.0,2268.023104646745
2253,0.0,0.0,0.0,0.0,0.0,0.0,2130.0,0.0,6000.0,2130.0
2254,0.0,0.0,0.0,0.0,0.0,0.0,2124.0,0.0,6000.0,2124.0
2255,0.0,0.0,0.0,0.0,0.0,0.0,2160.0,0.0,6000.0,2160.0
2256,0.0,0.0,0.0,0.0,0.0,0.0,2160.0,0.0,12000.0,2160.0
2257,0.0,0.0,0.0,0.0,0.0,0.0,2136.0,0.0,12000.0,2136.0
2258,0.0,0.0,0.0,0.0,0.0,0.0,2058.0,0.0,12000.0,2058.0
2259,0.0,0.0,0.0,0.0,0.0,0.0,2034.0,0.0,12000.0,2034.0
2260,0.0,0.0,0.0,0.0,0.0,0.0,2034.0,0.0,12000.0,2034.0
2261,0.0,0.0,0.0,0.0,0.0,0.0,1962.0,0.0,12000.0,1962.0
2262,5.466363,0.0,0.0,0.0,2206.98468257732,0.0,1.8490983798816099e-13,0.0,9471.9533991096,2212.45104557732
2263,1985.56701030928,321.807989690721,0.0,0.0,-2.79506489896254e-14,0.0,4.11044442150674e-31,0.0,9737.2840866096,1985.56701030928
2264,1954.63917525773,1609.94282474227,0.0,0.0,7.00767434486373e-14,0.0,4.34015398000897e-30,0.0,11064.6819456096,1954.63917525773
2265,1973.19587628866,3259.58412371134,0.0,0.0,1.12315274849338e-13,0.0,-8.733388244528351e-31,0.0,13752.2090556096,1973.19587628866
2266,1164.3324,0.0,0.0,0.0,884.991491408935,0.0,-8.205007355483691e-15,0.0,12738.4730975238,2049.323891408935
2267,1979.38144329897,1413.06355670103,0.0,0.0,4.2182312929856505e-14,0.0,2.5235550898806896e-30,0.0,13903.5440000238,1979.38144329897
2268,1973.19587628866,40.4521237113399,0.0,0.0,1.12315274849338e-13,0.0,-8.733388244528351e-31,0.0,13936.8967760238,1973.19587628866
2269,1833.9153,0.0,0.0,0.0,154.756195876289,0.0,1.1785694546298e-14,0.0,13759.6273649398,1988.6714958762889
2270,1942.26804123711,1130.15795876289,0.0,0.0,-4.22947498715457e-14,0.0,1.93173157467721e-30,0.0,14691.4426019398,1942.26804123711
2271,1590.5442,0.0,0.0,0.0,349.567154639175,0.0,-1.96721445273355e-14,0.0,14291.0220353428,1940.111354639175
2272,378.0777,0.0,0.0,0.0,676.184335823355,0.0,884.955705826211,0.0,13516.469531536,1939.217741649566
2273,25.14939,0.0,0.0,0.0,0.0,0.0,1715.6050917,0.0,13516.469531536,1740.7544817
2274,0.0,0.0,0.0,0.0,0.0,0.0,1794.0,0.0,13516.469531536,1794.0
2275,0.0,0.0,0.0,0.0,0.0,0.0,1800.0,0.0,13516.469531536,1800.0
2276,0.0,0.0,0.0,0.0,0.0,0.0,1848.0,0.0,13516.469531536,1848.0
2277,0.0,0.0,0.0,0.0,0.0,0.0,1902.0,0.0,13516.469531536,1902.0
2278,0.0,0.0,0.0,0.0,0.0,0.0,2148.0,0.0,13516.469531536,2148.0
2279,0.0,0.0,0.0,0.0,0.0,0.0,2190.0,0.0,13516.469531536,2190.0
2280,0.0,0.0,0.0,0.0,0.0,0.0,2142.0,0.0,13516.469531536,2142.0
2281,0.0,0.0,0.0,0.0,0.0,0.0,2166.0,0.0,13516.469531536,2166.0
2282,0.0,0.0,0.0,0.0,0.0,0.0,2172.0,0.0,13516.469531536,2172.0
2283,0.0,0.0,0.0,0.0,0.0,0.0,2178.0,0.0,13516.469531536,2178.0
2284,0.0,0.0,0.0,0.0,0.0,0.0,2058.0,0.0,13516.469531536,2058.0
2285,0.0,0.0,0.0,0.0,0.0,0.0,2028.0,0.0,13516.469531536,2028.0
2286,94.03842,0.0,0.0,0.0,2307.88400068729,0.0,-1.59092579098411e-14,0.0,10872.8452466708,2401.92242068729
2287,61.8933,0.0,0.0,0.0,2364.21935738832,0.0,1.06063103823907e-13,0.0,8164.69019811607,2426.1126573883203
2288,495.0792,0.0,0.0,0.0,1889.77454295533,0.0,9.658012086602831e-14,0.0,6000.0,2384.85374295533
2289,2257.73195876289,1089.83604123711,0.0,0.0,-8.21519675370675e-14,0.0,3.59011403772205e-30,0.0,6898.569816,2257.73195876289
2290,2307.21649484536,3511.67350515464,0.0,0.0,-1.37940828574629e-13,0.0,-4.30837425345009e-32,0.0,9793.944621,2307.21649484536
2291,2239.17525773196,5724.06674226804,0.0,0.0,-1.24390498937769e-13,0.0,-2.21520228194323e-30,0.0,14513.43765,2239.17525773196
2292,2239.17525773196,2244.99213558641,9.09494701772928e-13,3167.72860668163,-1.24390498937769e-13,0.0,-2.21520228194323e-30,0.0,16364.433665791,2239.17525773196
2293,2220.61855670103,5375.58544329897,0.0,0.0,-1.6662903033847e-13,0.0,-8.02051860160852e-30,0.0,20796.603863791,2220.61855670103
2294,2288.65979381443,4265.31420618557,0.0,0.0,-1.8017935997533e-13,0.0,-5.8484000621997896e-30,0.0,24313.355426791,2288.65979381443
2295,2313.40206185567,2619.16193814433,0.0,0.0,4.4563626665035705e-14,0.0,-1.0315552515362699e-30,0.0,26472.854444791,2313.40206185567
2296,2381.44329896907,703.288701030928,0.0,0.0,3.10132970281752e-14,0.0,1.14056328787246e-30,0.0,27052.715978791,2381.44329896907
2297,1130.7996,0.0,0.0,0.0,1520.1883024055,0.0,2.65746328096936e-14,0.0,25311.3777171581,2650.9879024055
2298,49.73094,0.0,0.0,0.0,2611.41006666667,0.0,3.7835352747113904e-14,0.0,22320.0717988687,2661.14100666667
2299,0.0,0.0,0.0,0.0,2838.48797250859,0.0,-7.408387153072381e-14,0.0,19068.6537318485,2838.48797250859
2300,0.0,0.0,0.0,0.0,2824.74226804124,0.0,1.8100497504044e-13,0.0,15832.9810307704,2824.74226804124
2301,0.0,0.0,0.0,0.0,2742.26804123711,0.0,1.23560305171887e-13,0.0,12691.7805253441,2742.26804123711
2302,0.0,0.0,0.0,0.0,2927.83505154639,0.0,5.4313593714188305e-14,0.0,9338.01757970107,2927.83505154639
2303,0.0,0.0,0.0,0.0,2914.08934707904,0.0,-8.759199703853141e-14,0.0,6000.0,2914.08934707904
2304,0.0,0.0,0.0,0.0,0.0,0.0,2460.0,0.0,12000.0,2460.0
2305,0.0,0.0,0.0,0.0,0.0,0.0,2454.0,0.0,12000.0,2454.0
2306,0.0,0.0,0.0,0.0,0.0,0.0,2376.0,0.0,12000.0,2376.0
2307,0.0,0.0,0.0,0.0,0.0,0.0,2394.0,0.0,12000.0,2394.0
2308,0.0,0.0,0.0,0.0,0.0,0.0,2298.0,0.0,12000.0,2298.0
2309,0.0,0.0,0.0,0.0,0.0,0.0,2400.0,0.0,12000.0,2400.0
2310,4.609332,0.0,0.0,0.0,2124.83758419244,0.0,606.54573696,0.0,9566.0508772137,2735.99265315244
2311,264.9234,0.0,0.0,0.0,2489.14582130584,0.0,8.969084712805831e-15,0.0,6714.79564089544,2754.06922130584
2312,1869.3129,0.0,0.0,0.0,624.016594501718,0.0,-4.11830274868988e-14,0.0,6000.0,2493.329494501718
2313,2511.34020618557,3528.76379381443,0.0,0.0,-1.78591817485211e-13,0.0,6.473271875691689e-30,0.0,8909.465748,2511.34020618557
2314,2616.49484536082,4848.41715463918,0.0,0.0,-1.07665084320669e-13,0.0,-1.78159519382318e-30,0.0,12906.985692,2616.49484536082
2315,2709.27835051546,5717.83264948454,0.0,0.0,1.03527572682836e-13,0.0,5.2073681562490696e-30,0.0,17621.3387115,2709.27835051546
2316,2684.53608247423,4210.58291752577,0.0,0.0,-1.2121541395753e-13,0.0,3.90523345585547e-31,0.0,21092.964327,2684.53608247423
2317,2696.90721649485,4419.97178350515,0.0,0.0,2.437934965218e-13,0.0,-1.5864196724179897e-30,0.0,24737.2310625,2696.9072164948507
2318,2740.20618556701,3443.93681443299,0.0,0.0,5.5001802445737005e-15,0.0,-9.9092522125117e-32,0.0,27576.756966,2740.20618556701
2319,2591.75257731959,2094.79642268041,0.0,0.0,1.72866763357259e-13,0.0,6.66844739709689e-30,0.0,29303.9166165,2591.75257731959
2320,2355.507,0.0,0.0,0.0,159.402302405499,0.0,-1.70636429003413e-15,0.0,29121.3252048099,2514.909302405499
2321,927.9963,0.0,0.0,0.0,1779.88956357388,0.0,7.728553719412521e-14,0.0,27082.5055443587,2707.88586357388
2322,31.95801,0.0,0.0,0.0,2789.23336804124,0.0,-1.66030330163307e-13,0.0,23887.5074137272,2821.19137804124
2323,0.0,0.0,0.0,0.0,0.0,0.0,2520.0,0.0,23887.5074137272,2520.0
2324,0.0,0.0,0.0,0.0,2831.61512027491,0.0,-1.45036666907084e-13,0.0,20643.9620296781,2831.61512027491
2325,0.0,0.0,0.0,0.0,0.0,0.0,2454.0,0.0,20643.9620296781,2454.0
2326,0.0,0.0,0.0,0.0,0.0,0.0,2526.0,0.0,20643.9620296781,2526.0
2327,0.0,0.0,0.0,0.0,0.0,0.0,2544.0,0.0,20643.9620296781,2544.0
2328,0.0,0.0,0.0,0.0,0.0,0.0,2370.0,0.0,20643.9620296781,2370.0
2329,0.0,0.0,0.0,0.0,0.0,0.0,2442.0,0.0,20643.9620296781,2442.0
2330,0.0,0.0,0.0,0.0,0.0,0.0,2382.0,0.0,20643.9620296781,2382.0
2331,0.0,0.0,0.0,0.0,2680.16427287117,0.0,36.2165897834718,0.0,17573.8998614408,2716.380862654641
2332,0.0,0.0,0.0,0.0,2687.2852233677,0.0,-4.70676205151085e-14,0.0,14495.6808197825,2687.2852233677
2333,0.0,0.0,0.0,0.0,2783.50515463918,0.0,1.52282640106164e-13,0.0,11307.2442165303,2783.50515463918
2334,124.49535,0.0,0.0,0.0,2851.36255498282,0.0,-4.26834344669252e-14,0.0,8041.07863235751,2975.85790498282
2335,1062.3039,0.0,0.0,0.0,1781.86164604811,0.0,-4.33810916780411e-15,0.0,6000.0,2844.16554604811
2336,2635.05154639175,-9.0896913357143e-14,9.0896913357143e-14,1312.25545360825,-6.54265529199679e-14,0.0,4.0237211258421e-30,0.0,6000.0,2635.05154639175
2337,2628.86597938144,-3.44449804574028e-13,-1.1029754631243599e-13,3776.63802061856,-2.47931008159633e-13,0.0,5.01219263484387e-30,0.0,6000.0,2628.8659793814395
2338,2641.23711340206,3461.12105882029,-4.54747350886464e-13,2200.97882777765,1.17077902319697e-13,0.0,3.0352496168403298e-30,0.0,8853.69431299733,2641.23711340206
2339,2635.05154639175,6028.33045360825,0.0,0.0,-6.54265529199679e-14,0.0,4.0237211258421e-30,0.0,13824.0527719973,2635.05154639175
2340,2597.9381443299,6466.0608556701,0.0,0.0,-1.4990361572137e-13,0.0,-7.58691151348847e-30,0.0,19155.3199474973,2597.9381443299
2341,2276.28865979381,5054.64334020618,0.0,0.0,-3.99134361363664e-14,0.0,-1.6233787667397498e-30,0.0,23322.8733814973,2276.28865979381
2342,2350.51546391753,4249.07053608247,0.0,0.0,1.29040689466438e-13,0.0,1.05790773877943e-29,0.0,26826.2320384973,2350.51546391753
2343,2517.52577319588,2740.53822680412,0.0,0.0,3.91263775445419e-15,0.0,-2.46041953736201e-32,0.0,29085.8058064973,2517.52577319588
2344,1922.8146,0.0,0.0,0.0,667.66304467354,0.0,-1.1319544333557101e-14,0.0,28321.0142318426,2590.47764467354
2345,411.1842,0.0,0.0,0.0,2415.98090034364,0.0,1.78459879585702e-13,0.0,25553.5676106014,2827.16510034364
2346,26.45265,0.0,0.0,0.0,2767.8590257732,0.0,-1.55609109551994e-13,0.0,22383.0532626366,2794.3116757732
2347,0.0,0.0,0.0,0.0,2907.21649484536,0.0,-1.58544792414891e-13,0.0,19052.9083659066,2907.21649484536
2348,0.0,0.0,0.0,0.0,2920.96219931271,0.0,-1.66392016621715e-14,0.0,15707.0181032345,2920.96219931271
2349,0.0,0.0,0.0,0.0,2783.50515463918,0.0,1.52282640106164e-13,0.0,12518.5814999823,2783.50515463918
2350,0.0,0.0,0.0,0.0,2865.9793814433,0.0,-1.87267127349167e-13,0.0,9235.67270107816,2865.9793814433
2351,0.0,0.0,0.0,0.0,2824.74226804124,0.0,1.8100497504044e-13,0.0,6000.0,2824.74226804124
2352,0.0,0.0,0.0,0.0,1340.15643986254,0.0,1170.043428,0.0,10464.8838031357,2510.19986786254
2353,0.0,0.0,0.0,0.0,0.0,0.0,2340.0,0.0,10464.8838031357,2340.0
2354,0.0,0.0,0.0,0.0,0.0,0.0,2364.0,0.0,10464.8838031357,2364.0
2355,0.0,0.0,0.0,0.0,0.0,0.0,2256.0,0.0,10464.8838031357,2256.0
2356,0.0,0.0,0.0,0.0,0.0,0.0,2178.0,0.0,10464.8838031357,2178.0
2357,0.0,0.0,0.0,0.0,2659.79381443299,0.0,6.61156353033352e-14,0.0,7418.15549336136,2659.79381443299
2358,1366.1676,0.0,0.0,0.0,1238.04974570447,0.0,7.700515735412321e-14,0.0,6000.0,2604.21734570447
2359,2387.62886597938,1583.91213402062,0.0,0.0,2.1351775226784e-13,0.0,1.52091778870695e-31,0.0,7305.9355545,2387.62886597938
2360,2313.40206185567,2234.52593814433,0.0,0.0,4.4563626665035705e-14,0.0,-1.0315552515362699e-30,0.0,9148.3021905,2313.40206185567
2361,2430.92783505155,3891.20616494845,0.0,0.0,-2.47755640093864e-14,0.0,2.6206778864767996e-31,0.0,12356.6016735,2430.92783505155
2362,2424.74226804124,4274.78273195876,0.0,0.0,-2.07280019249051e-13,0.0,-1.5041629833823198e-30,0.0,15881.160036,2424.74226804124
2363,2455.67010309278,5791.00889690722,0.0,0.0,1.9996742263098e-13,0.0,2.32421031827943e-30,0.0,20655.8468715,2455.67010309278
2364,2622.68041237113,5002.31458762887,0.0,0.0,7.48393709189958e-14,0.0,-2.77006670282495e-30,0.0,24780.255249,2622.68041237113
2365,2498.96907216495,4656.52892783505,0.0,0.0,-3.83258936462469e-14,0.0,-3.20515952975361e-31,0.0,28619.56335,2498.96907216495
2366,2727.83505154639,3456.93794845361,0.0,0.0,1.45766104083537e-13,0.0,1.10126844759144e-29,0.0,31469.8086885,2727.83505154639
2367,2579.38144329897,1994.41855670103,0.0,0.0,-1.92142147122071e-13,0.0,8.645390415100429e-30,0.0,33114.2067885,2579.38144329897
2368,2523.71134020619,247.448659793815,0.0,0.0,1.86417092994119e-13,0.0,4.4963288576881596e-30,0.0,33318.2282085,2523.71134020619
2369,672.8274,0.0,0.0,0.0,1953.44492783505,0.0,-5.1554414199310604e-14,0.0,31080.6051525606,2626.27232783505
2370,50.59047,0.0,0.0,0.0,2624.20073780069,0.0,1.08798660281552e-13,0.0,28074.6478354923,2674.7912078006902
2371,0.0,0.0,0.0,0.0,2694.15807560137,0.0,2.3885174861251402e-14,0.0,24988.556110863,2694.15807560137
2372,0.0,0.0,0.0,0.0,2244.16123048786,0.0,476.847245784102,0.0,22417.9246899147,2721.008476271962
2373,0.0,0.0,0.0,0.0,0.0,0.0,2388.0,0.0,22417.9246899147,2388.0
2374,0.0,0.0,0.0,0.0,0.0,0.0,2316.0,0.0,22417.9246899147,2316.0
2375,0.0,0.0,0.0,0.0,0.0,0.0,2382.0,0.0,22417.9246899147,2382.0
2376,0.0,0.0,0.0,0.0,0.0,0.0,2352.0,0.0,22417.9246899147,2352.0
2377,0.0,0.0,0.0,0.0,2707.90378006873,0.0,1.65790765613971e-13,0.0,19316.0875993434,2707.90378006873
2378,0.0,0.0,0.0,0.0,2639.17525773196,0.0,-1.46742750825744e-13,0.0,16292.9773384821,2639.17525773196
2379,0.0,0.0,0.0,0.0,2549.82817869416,0.0,1.21854221253227e-13,0.0,13372.2119562436,2549.82817869416
2380,0.0,0.0,0.0,0.0,2501.71821305842,0.0,2.21790909425906e-14,0.0,10506.5553548021,2501.71821305842
2381,0.0,0.0,0.0,0.0,2749.14089347079,0.0,1.94513100548247e-13,0.0,7357.4821664049,2749.14089347079
2382,1420.0242,0.0,0.0,0.0,1185.08193127148,0.0,1.98402750784358e-14,0.0,6000.0,2605.10613127148
2383,2455.67010309278,439.978161123188,-2.8421709430403997e-13,1117.13673578403,1.9996742263098e-13,0.0,2.32421031827943e-30,0.0,6362.76199384607,2455.67010309278
2384,2393.81443298969,0.0,0.0,1628.08456701031,-1.09252626810789e-13,0.0,-3.0844580075875697e-30,0.0,6362.76199384607,2393.81443298969
2385,2449.48453608247,0.0,0.0,3125.99446391753,1.74629673913147e-14,0.0,5.5797954624942105e-31,0.0,6362.76199384607,2449.48453608247
2386,2183.50515463918,1604.8091443299,0.0,3810.55670103093,-2.51106093139872e-13,0.0,-1.96311512409391e-29,0.0,7685.92713334607,2183.50515463918
2387,2331.9587628866,4181.84053608247,0.0,3810.55670103093,8.68021580657368e-14,0.0,4.77376106812902e-30,0.0,11133.8546553461,2331.9587628866
2388,2226.80412371134,4272.65217525773,0.0,3810.55670103093,1.58754249011952e-14,0.0,-7.44883267514968e-31,0.0,14656.6563738461,2226.80412371134
2389,2301.03092783505,5209.24107216495,0.0,0.0,1.84829550504e-13,0.0,-7.825343080203319e-30,0.0,18951.6756378461,2301.03092783505
2390,2313.40206185567,4093.29893814433,0.0,0.0,4.4563626665035705e-14,0.0,-1.0315552515362699e-30,0.0,22326.6006123461,2313.40206185567
2391,2294.84536082474,2669.19763917526,0.0,0.0,2.3250952643346703e-15,0.0,4.98841313778767e-32,0.0,24527.3540658461,2294.84536082474
2392,2313.40206185567,1674.60293814433,0.0,0.0,4.4563626665035705e-14,0.0,-1.0315552515362699e-30,0.0,25908.0641883461,2313.40206185567
2393,1460.6088,0.0,0.0,0.0,1030.02229553265,0.0,5.844573233476891e-14,0.0,24728.1990159146,2490.63109553265
2394,167.72826,0.0,0.0,0.0,2487.17478556701,0.0,-1.29732358570381e-13,0.0,21879.2015524931,2654.90304556701
2395,0.0,0.0,0.0,0.0,2707.90378006873,0.0,1.65790765613971e-13,0.0,18777.3644619218,2707.90378006873
2396,0.0,0.0,0.0,0.0,2742.26804123711,0.0,1.23560305171887e-13,0.0,15636.1639564956,2742.26804123711
2397,0.0,0.0,0.0,0.0,2831.61512027491,0.0,-1.45036666907084e-13,0.0,12392.6185724464,2831.61512027491
2398,0.0,0.0,0.0,0.0,2817.86941580756,0.0,1.1005217966408e-13,0.0,9164.81855433923,2817.86941580756
2399,0.0,0.0,0.0,0.0,2762.88659793814,0.0,-6.057574602291611e-14,0.0,6000.0,2762.88659793814
2400,0.0,0.0,0.0,0.0,0.0,0.0,2322.0,0.0,12000.0,2322.0
2401,0.0,0.0,0.0,0.0,0.0,0.0,2292.0,0.0,12000.0,2292.0
2402,0.0,0.0,0.0,0.0,0.0,0.0,2280.0,0.0,12000.0,2280.0
2403,0.0,0.0,0.0,0.0,0.0,0.0,2232.0,0.0,12000.0,2232.0
2404,0.0,0.0,0.0,0.0,0.0,0.0,2160.0,0.0,12000.0,2160.0
2405,0.0,0.0,0.0,0.0,0.0,0.0,2058.0,0.0,12000.0,2058.0
2406,1340.451,0.0,0.0,0.0,0.0,0.0,913.76253,0.0,12000.0,2254.21353
2407,2400.0,1169.979,0.0,0.0,0.0,0.0,6.3948846218409e-14,0.0,12964.6476855,2400.0
2408,2356.70103092784,1137.55196907216,0.0,0.0,0.0,0.0,-1.69126019031442e-13,0.0,13902.559284,2356.70103092784
2409,2393.81443298969,2360.54356701031,0.0,0.0,0.0,0.0,-9.53775432058184e-14,0.0,15848.827455,2393.81443298969
2410,2400.0,4017.474,0.0,0.0,0.0,0.0,6.3948846218409e-14,0.0,19161.234768,2400.0
2411,2375.25773195876,4771.50426804124,0.0,0.0,0.0,0.0,-1.3225178111862998e-13,0.0,23095.340037,2375.25773195876
2412,2455.67010309278,4604.06789690722,0.0,0.0,0.0,0.0,1.74571559956845e-13,0.0,26891.394018,2455.67010309278
2413,2591.75257731959,3865.09642268041,0.0,0.0,0.0,0.0,1.50912684410887e-13,0.0,30078.1660185,2591.75257731959
2414,2517.52577319588,3021.83322680412,0.0,0.0,0.0,0.0,3.4157327596385e-15,0.0,32569.667514,2517.52577319588
2415,2542.26804123711,1843.77095876289,0.0,0.0,0.0,0.0,1.99616360096678e-13,0.0,34089.8566695,2542.26804123711
2416,2277.933,0.0,0.0,0.0,0.0,0.0,250.404990000001,0.0,34089.8566695,2528.337990000001
2417,508.6368,0.0,0.0,0.0,0.0,0.0,2002.622304,0.0,34089.8566695,2511.259104
2418,87.32283,0.0,0.0,0.0,0.0,0.0,2381.2968549,0.0,34089.8566695,2468.6196849000003
2419,0.0,0.0,0.0,0.0,0.0,0.0,2604.0,0.0,34089.8566695,2604.0
2420,0.0,0.0,0.0,0.0,0.0,0.0,2586.0,0.0,34089.8566695,2586.0
2421,0.0,0.0,0.0,0.0,0.0,0.0,2694.0,0.0,34089.8566695,2694.0
2422,0.0,0.0,0.0,0.0,3092.78350515464,0.0,1.69202933451293e-13,0.0,30547.1493325531,3092.78350515464
2423,0.0,0.0,0.0,0.0,3044.6735395189,0.0,6.952780314065681e-14,0.0,27059.5507764032,3044.6735395189
2424,0.0,0.0,0.0,0.0,2865.9793814433,0.0,-1.87267127349167e-13,0.0,23776.641977499,2865.9793814433
2425,0.0,0.0,0.0,0.0,870.818572988965,0.0,1777.77538578063,0.0,22779.1407484166,2648.593958769595
2426,0.0,0.0,0.0,0.0,2934.70790378007,0.0,1.25266389090548e-13,0.0,19417.5051198026,2934.70790378007
2427,0.0,0.0,0.0,0.0,2893.47079037801,0.0,9.654405415627211e-14,0.0,16103.1055890145,2893.47079037801
2428,0.0,0.0,0.0,0.0,2659.79381443299,0.0,6.61156353033352e-14,0.0,13056.3772792401,2659.79381443299
2429,11.175045,0.0,0.0,0.0,3073.4939362543,0.0,7.27861137806637e-15,0.0,9535.76566841047,3084.6689812543
2430,24.01077,0.0,0.0,0.0,3086.72342852234,0.0,6.914775139769761e-14,0.0,6000.0,3110.73419852234
2431,2944.32989690722,1338.01110309278,0.0,0.0,-3.51508086660079e-14,0.0,2.28520967455342e-30,0.0,7103.1901545,2944.32989690722
2432,2832.98969072165,1476.94530927835,0.0,0.0,2.16692837248079e-13,0.0,2.7578174063994696e-30,0.0,8320.931562,2832.98969072165
2433,2696.90721649485,3073.66178350515,0.0,0.0,2.437934965218e-13,0.0,-1.5864196724179897e-30,0.0,10855.1657025,2696.9072164948507
2434,2795.87628865979,4698.07871134021,0.0,0.0,1.32215774446677e-13,0.0,-8.8528152329311e-30,0.0,14728.7316,2795.87628865979
2435,2808.24742268041,4642.15357731959,0.0,0.0,-8.05014939228682e-15,0.0,-6.81676263748158e-31,0.0,18556.1872245,2808.24742268041
2436,2783.50515463918,4381.46384536082,0.0,0.0,-2.32793136032653e-13,0.0,-6.87587221492756e-30,0.0,22168.704165,2783.50515463918
2437,2721.64948453608,4339.95751546392,0.0,0.0,-3.67383511561274e-14,0.0,9.82346860789029e-31,0.0,25746.9991365,2721.64948453608
2438,660.8994,0.0,0.0,0.0,2392.81509965636,0.0,-7.51727392056342e-16,0.0,23006.0883694251,3053.71449965636
2439,2734.0206185567,1763.9063814433,0.0,0.0,-1.7700427499509099e-13,0.0,-3.2426744346710094e-30,0.0,24460.4291809251,2734.0206185567
2440,2696.90721649485,263.966783505155,0.0,0.0,2.437934965218e-13,0.0,-1.5864196724179897e-30,0.0,24678.0697939251,2696.9072164948507
2441,1297.8063,0.0,0.0,0.0,1499.57375601375,0.0,-5.3724893412241404e-14,0.0,22960.3449874947,2797.3800560137497
2442,22.86249,0.0,0.0,0.0,2868.06802371134,0.0,1.66075274463593e-13,0.0,19675.0437003111,2890.93051371134
2443,0.0,0.0,0.0,0.0,2914.08934707904,0.0,-8.759199703853141e-14,0.0,16337.02612061,2914.08934707904
2444,0.0,0.0,0.0,0.0,2893.47079037801,0.0,9.654405415627211e-14,0.0,13022.6265898219,2893.47079037801
2445,0.0,0.0,0.0,0.0,2989.69072164948,0.0,-1.01100122546339e-13,0.0,9598.00949743989,2989.69072164948
2446,0.0,0.0,0.0,0.0,3072.16494845361,0.0,-4.36554526777868e-14,0.0,6078.92020940597,3072.16494845361
2447,0.0,0.0,0.0,0.0,68.8973428114159,0.0,2621.85261972563,0.0,6000.0,2690.749962537046
2448,0.0,0.0,0.0,0.0,0.0,0.0,2520.0,0.0,12000.0,2520.0
2449,0.0,0.0,0.0,0.0,0.0,0.0,2724.0,0.0,12000.0,2724.0
2450,0.0,0.0,0.0,0.0,0.0,0.0,2658.0,0.0,12000.0,2658.0
2451,0.0,0.0,0.0,0.0,0.0,0.0,2604.0,0.0,12000.0,2604.0
2452,0.0,0.0,0.0,0.0,0.0,0.0,2436.0,0.0,12000.0,2436.0
2453,12.959772,0.0,0.0,0.0,0.0,0.0,2309.42902116,0.0,12000.0,2322.38879316
2454,161.59164,0.0,0.0,0.0,0.0,0.0,2171.2561092,0.0,12000.0,2332.8477492
2455,2393.81443298969,1927.31356701031,0.0,0.0,-1.09252626810789e-13,0.0,-3.0844580075875697e-30,0.0,13589.070036,2393.81443298969
2456,2350.51546391753,1169.08453608247,0.0,0.0,1.29040689466438e-13,0.0,1.05790773877943e-29,0.0,14552.980236,2350.51546391753
2457,2356.70103092784,1552.04996907216,0.0,0.0,-1.93729689612191e-13,0.0,-3.67628152279106e-30,0.0,15832.6454355,2356.70103092784
2458,2505.15463917526,3451.81036082474,0.0,0.0,1.44178561593418e-13,0.0,-1.3089874619771299e-30,0.0,18678.663078,2505.15463917526
2459,2542.26804123711,5798.93195876289,0.0,0.0,2.2865562439482e-13,0.0,1.0301645177353399e-29,0.0,23459.882478,2542.2680412371105
2460,2498.96907216495,4381.13492783505,0.0,0.0,-3.83258936462469e-14,0.0,-3.20515952975361e-31,0.0,27072.128226,2498.96907216495
2461,2369.07216494845,2875.71983505155,0.0,0.0,1.71279220867139e-13,0.0,-5.653224540794589e-30,0.0,29443.15923,2369.07216494845
2462,2610.30927835052,3660.33272164948,0.0,0.0,2.1510529475795998e-13,0.0,-9.563854531492008e-30,0.0,32461.103559,2610.30927835052
2463,2616.49484536082,2471.97315463918,0.0,0.0,-1.07665084320669e-13,0.0,-1.78159519382318e-30,0.0,34499.245425,2616.49484536082
2464,2672.16494845361,379.555051546391,0.0,0.0,1.90505098814342e-14,0.0,-8.938599210179621e-31,0.0,34812.188565,2672.16494845361
2465,447.9531,0.0,0.0,0.0,2450.72794158076,0.0,4.16426501132263e-14,0.0,32004.940063762,2898.6810415807604
2466,145.10727,0.0,0.0,0.0,2800.96901271478,0.0,-1.58733525856443e-13,0.0,28796.4990411792,2946.07628271478
2467,0.0,0.0,0.0,0.0,2656.71575341492,0.0,362.687147268772,0.0,25753.2965744955,3019.402900683692
2468,0.0,0.0,0.0,0.0,3037.80068728522,0.0,-1.4249922357030702e-15,0.0,22273.5707013165,3037.80068728522
2469,0.0,0.0,0.0,0.0,0.0,0.0,2496.0,0.0,22273.5707013165,2496.0
2470,0.0,0.0,0.0,0.0,0.0,0.0,2604.0,0.0,22273.5707013165,2604.0
2471,0.0,0.0,0.0,0.0,0.0,0.0,2616.0,0.0,22273.5707013165,2616.0
2472,0.0,0.0,0.0,0.0,0.0,0.0,2496.0,0.0,22273.5707013165,2496.0
2473,0.0,0.0,0.0,0.0,0.0,0.0,2538.0,0.0,22273.5707013165,2538.0
2474,0.0,0.0,0.0,0.0,0.0,0.0,2562.0,0.0,22273.5707013165,2562.0
2475,0.0,0.0,0.0,0.0,0.0,0.0,2616.0,0.0,22273.5707013165,2616.0
2476,0.0,0.0,0.0,0.0,2762.88659793814,0.0,-6.057574602291611e-14,0.0,19108.7521469773,2762.88659793814
2477,26.30376,0.0,0.0,0.0,2836.7529814433,0.0,9.371481898313641e-14,0.0,15859.3214694936,2863.0567414433
2478,1055.6574,0.0,0.0,0.0,1768.62808934708,0.0,-1.6867168836137302e-14,0.0,13833.4015504247,2824.2854893470803
2479,2641.23711340206,338.032886597938,0.0,0.0,1.17077902319697e-13,0.0,3.0352496168403298e-30,0.0,14112.1096654247,2641.23711340206
2480,2678.35051546392,143.797484536082,0.0,0.0,2.01554965121099e-13,0.0,-7.39173599208328e-30,0.0,14230.6706914247,2678.35051546392
2481,2690.72164948454,694.205350515464,0.0,0.0,6.128904128213531e-14,0.0,-5.9794816341622105e-31,0.0,14803.0430029247,2690.72164948454
2482,2696.90721649485,433.772783505154,0.0,0.0,2.437934965218e-13,0.0,-1.5864196724179897e-30,0.0,15160.6886629247,2696.9072164948507
2483,2585.56701030928,1068.97898969072,0.0,0.0,-9.637691882406331e-15,0.0,-6.07187936996662e-31,0.0,16042.0618399247,2585.56701030928
2484,2477.517,0.0,0.0,0.0,195.656941580756,0.0,1.0351998265855301e-14,0.0,15817.9416319285,2673.173941580756
2485,2279.067,0.0,0.0,0.0,484.885463917526,0.0,-1.0791571256309999e-14,0.0,15262.5172746346,2763.952463917526
2486,1564.5798,0.0,0.0,0.0,1395.5986185567,0.0,8.13777465299323e-14,0.0,13663.8934274906,2960.1784185567003
2487,1446.354,0.0,0.0,0.0,1430.74068728522,0.0,3.2554831163774e-14,0.0,12025.0152060872,2877.09468728522
2488,636.8586,0.0,0.0,0.0,2474.50991752577,0.0,4.9415600353920605e-14,0.0,9190.52503710002,3111.36851752577
2489,282.8952,0.0,0.0,0.0,2785.32835738832,0.0,-1.22381521170588e-13,0.0,6000.0,3068.22355738832
2490,25.29954,0.0,0.0,0.0,0.0,0.0,2633.4594462,0.0,6000.0,2658.7589862
2491,0.0,0.0,0.0,0.0,0.0,0.0,2502.0,0.0,6000.0,2502.0
2492,0.0,0.0,0.0,0.0,0.0,0.0,2490.0,0.0,6000.0,2490.0
2493,0.0,0.0,0.0,0.0,0.0,0.0,2634.0,0.0,6000.0,2634.0
2494,0.0,0.0,0.0,0.0,0.0,0.0,2724.0,0.0,6000.0,2724.0
2495,0.0,0.0,0.0,0.0,0.0,0.0,2658.0,0.0,6000.0,2658.0
2496,0.0,0.0,0.0,0.0,0.0,0.0,2496.0,0.0,12000.0,2496.0
2497,0.0,0.0,0.0,0.0,0.0,0.0,2514.0,0.0,12000.0,2514.0
2498,0.0,0.0,0.0,0.0,0.0,0.0,2514.0,0.0,12000.0,2514.0
2499,0.0,0.0,0.0,0.0,0.0,0.0,2538.0,0.0,12000.0,2538.0
2500,0.0,0.0,0.0,0.0,0.0,0.0,2442.0,0.0,12000.0,2442.0
2501,74.28834,0.0,0.0,0.0,0.0,0.0,2471.9403102,0.0,12000.0,2546.2286502
2502,661.2417,0.0,0.0,0.0,2206.22514014071,0.0,12.5610036571645,0.0,9472.82343626494,2880.0278437978745
2503,2540.265,0.0,0.0,0.0,194.665463917526,0.0,-8.06703066317467e-15,0.0,9249.83894151405,2734.9304639175257
2504,2641.23711340206,1780.64888659794,0.0,0.0,1.17077902319697e-13,0.0,3.0352496168403298e-30,0.0,10717.9839485141,2641.23711340206
2505,2591.75257731959,2798.96842268041,0.0,0.0,1.72866763357259e-13,0.0,6.66844739709689e-30,0.0,13025.7334130141,2591.75257731959
2506,2709.27835051546,577.578649484536,0.0,0.0,1.03527572682836e-13,0.0,5.2073681562490696e-30,0.0,13501.9470095141,2709.27835051546
2507,2684.53608247423,2355.48491752577,0.0,0.0,-1.2121541395753e-13,0.0,3.90523345585547e-31,0.0,15444.0443240141,2684.53608247423
2508,2715.46391752577,255.364082474226,0.0,0.0,-2.19242806395792e-13,0.0,-9.0479907543363e-30,0.0,15654.5920100141,2715.46391752577
2509,1910.748,0.0,0.0,0.0,742.926048109966,0.0,4.5771255315880604e-14,0.0,14803.5885184792,2653.674048109966
2510,1507.4724,0.0,0.0,0.0,1335.33994501718,0.0,5.87607117541772e-14,0.0,13273.9894978409,2842.81234501718
2511,1362.6312,0.0,0.0,0.0,1338.19901030928,0.0,-8.94818459146242e-14,0.0,11741.1154883228,2700.83021030928
2512,979.9881,0.0,0.0,0.0,1914.56075945017,0.0,-7.43608539020887e-14,0.0,9548.03328963994,2894.5488594501703
2513,507.0828,0.0,0.0,0.0,2316.29975257732,0.0,1.69187863279378e-13,0.0,6894.76896824553,2823.38255257732
2514,0.0,0.0,0.0,0.0,0.0,0.0,2568.0,0.0,6894.76896824553,2568.0
2515,0.0,0.0,0.0,0.0,0.0,0.0,2574.0,0.0,6894.76896824553,2574.0
2516,0.0,0.0,0.0,0.0,0.0,0.0,2706.0,0.0,6894.76896824553,2706.0
2517,0.0,0.0,0.0,0.0,0.0,0.0,2598.0,0.0,6894.76896824553,2598.0
2518,0.0,0.0,0.0,0.0,0.0,0.0,2574.0,0.0,6894.76896824553,2574.0
2519,0.0,0.0,0.0,0.0,0.0,0.0,2532.0,0.0,6894.76896824553,2532.0
2520,0.0,0.0,0.0,0.0,0.0,0.0,2448.0,0.0,6894.76896824553,2448.0
2521,0.0,0.0,0.0,0.0,0.0,0.0,2460.0,0.0,6894.76896824553,2460.0
2522,0.0,0.0,0.0,0.0,0.0,0.0,2292.0,0.0,6894.76896824553,2292.0
2523,0.0,0.0,0.0,0.0,0.0,0.0,2388.0,0.0,6894.76896824553,2388.0
2524,0.0,0.0,0.0,0.0,0.0,0.0,2310.0,0.0,6894.76896824553,2310.0
2525,50.24019,0.0,0.0,0.0,0.0,0.0,2429.2670157,0.0,6894.76896824553,2479.5072057
2526,1907.2893,0.0,0.0,0.0,781.133309278351,0.0,1.1392013215922201e-14,0.0,6000.0,2688.422609278351
2527,2653.60824742268,2064.25175257732,0.0,0.0,-2.3188021519266902e-14,0.0,-1.1897716786196999e-30,0.0,7701.97557,2653.60824742268
2528,2443.29896907217,4760.54103092783,0.0,0.0,-1.6504148784835e-13,0.0,4.30115333628296e-30,0.0,11627.04165,2443.29896907217
2529,2604.12371134021,3505.67928865979,0.0,0.0,3.26008395182947e-14,0.0,2.4434261016368497e-30,0.0,14517.4742235,2604.12371134021
2530,2721.64948453608,5192.87251546392,0.0,0.0,-3.67383511561274e-14,0.0,9.82346860789029e-31,0.0,18798.9976125,2721.64948453608
2531,2684.53608247423,4366.92791752577,0.0,0.0,-1.2121541395753e-13,0.0,3.90523345585547e-31,0.0,22399.5296805,2684.53608247423
2532,2709.27835051546,1412.07664948454,0.0,0.0,1.03527572682836e-13,0.0,5.2073681562490696e-30,0.0,23563.786878,2709.27835051546
2533,665.3661,0.0,0.0,0.0,2216.03079381443,0.0,1.03526131301049e-13,0.0,21025.3781794726,2881.39689381443
2534,2721.64948453608,2771.65651546392,0.0,0.0,-3.67383511561274e-14,0.0,9.82346860789029e-31,0.0,23310.6089764726,2721.64948453608
2535,2690.72164948454,2011.89235051546,0.0,0.0,6.128904128213531e-14,0.0,-5.9794816341622105e-31,0.0,24969.4142194726,2690.72164948454
2536,2641.23711340206,534.235886597938,0.0,0.0,1.17077902319697e-13,0.0,3.0352496168403298e-30,0.0,25409.8917079726,2641.23711340206
2537,1530.3519,0.0,0.0,0.0,986.894223367697,0.0,4.14297826682878e-14,0.0,24279.42868006,2517.246123367697
2538,100.89492,0.0,0.0,0.0,2533.94264329897,0.0,2.86027959420547e-14,0.0,21376.8597873922,2634.83756329897
2539,0.0,0.0,0.0,0.0,2652.92096219931,0.0,-4.8371600730247e-15,0.0,18338.0041605889,2652.92096219931
2540,0.0,0.0,0.0,0.0,2804.12371134021,0.0,-3.185341108864e-14,0.0,15125.9495084237,2804.12371134021
2541,0.0,0.0,0.0,0.0,2776.6323024055,0.0,8.13298447298036e-14,0.0,11945.3855881425,2776.6323024055
2542,0.0,0.0,0.0,0.0,2701.03092783505,0.0,9.48379702376113e-14,0.0,8851.42118054219,2701.03092783505
2543,0.0,0.0,0.0,0.0,2489.29069061333,0.0,172.84922709456,0.0,6000.0,2662.1399177078897
2544,0.0,0.0,0.0,0.0,0.0,0.0,2322.0,0.0,12000.0,2322.0
2545,0.0,0.0,0.0,0.0,0.0,0.0,2208.0,0.0,12000.0,2208.0
2546,0.0,0.0,0.0,0.0,0.0,0.0,2226.0,0.0,12000.0,2226.0
2547,0.0,0.0,0.0,0.0,0.0,0.0,2124.0,0.0,12000.0,2124.0
2548,0.0,0.0,0.0,0.0,0.0,0.0,2100.0,0.0,12000.0,2100.0
2549,21.86961,0.0,0.0,0.0,0.0,0.0,2156.7864783,0.0,12000.0,2178.6560883
2550,1882.8915,0.0,0.0,0.0,553.946443298969,0.0,2.9860463334506e-14,0.0,11365.4679916392,2436.837943298969
2551,1935.9459,0.0,0.0,0.0,0.0,0.0,390.132477,0.0,11365.4679916392,2326.078377
2552,2430.92783505155,1688.11716494845,0.0,0.0,-2.47755640093864e-14,0.0,2.6206778864767996e-31,0.0,12757.3205941392,2430.92783505155
2553,2283.141,0.0,0.0,0.0,129.843333333333,0.0,6.881328099931731e-15,0.0,12608.5882535512,2412.984333333333
2554,1051.5729,0.0,0.0,0.0,1525.74374226804,0.0,-9.57425361351695e-14,0.0,10860.8863723736,2577.31664226804
2555,2492.78350515464,3185.40649484536,0.0,0.0,-2.20830348885912e-13,0.0,6.679555560264071e-31,0.0,13487.2540273736,2492.78350515464
2556,2455.67010309278,692.649896907216,0.0,0.0,1.9996742263098e-13,0.0,2.32421031827943e-30,0.0,14058.3438673736,2455.67010309278
2557,2505.15463917526,2183.99836082474,0.0,0.0,1.44178561593418e-13,0.0,-1.3089874619771299e-30,0.0,15859.0505158736,2505.15463917526
2558,1246.6125,0.0,0.0,0.0,1364.01589347079,0.0,2.62972148829568e-14,0.0,14296.603902505,2610.62839347079
2559,2622.68041237113,2341.48858762887,0.0,0.0,7.48393709189958e-14,0.0,-2.77006670282495e-30,0.0,16227.161243005,2622.68041237113
2560,562.1259,0.0,0.0,0.0,2207.03078694158,0.0,1.89912140745714e-13,0.0,13699.0618307008,2769.15668694158
2561,477.8697,0.0,0.0,0.0,2170.06459450172,0.0,-8.423369389551071e-15,0.0,11213.3062814434,2647.93429450172
2562,64.38075,0.0,0.0,0.0,1954.30370122584,0.0,601.443541329844,0.0,8974.69952173451,2620.127992555684
2563,0.0,0.0,0.0,0.0,0.0,0.0,2400.0,0.0,8974.69952173451,2400.0
2564,0.0,0.0,0.0,0.0,0.0,0.0,2430.0,0.0,8974.69952173451,2430.0
2565,0.0,0.0,0.0,0.0,0.0,0.0,2430.0,0.0,8974.69952173451,2430.0
2566,0.0,0.0,0.0,0.0,0.0,0.0,2340.0,0.0,8974.69952173451,2340.0
2567,0.0,0.0,0.0,0.0,0.0,0.0,2340.0,0.0,8974.69952173451,2340.0
2568,0.0,0.0,0.0,0.0,0.0,0.0,2274.0,0.0,8974.69952173451,2274.0
2569,0.0,0.0,0.0,0.0,0.0,0.0,2196.0,0.0,8974.69952173451,2196.0
2570,0.0,0.0,0.0,0.0,0.0,0.0,2196.0,0.0,8974.69952173451,2196.0
2571,0.0,0.0,0.0,0.0,0.0,0.0,2226.0,0.0,8974.69952173451,2226.0
2572,0.0,0.0,0.0,0.0,0.0,0.0,2130.0,0.0,8974.69952173451,2130.0
2573,75.70416,0.0,0.0,0.0,2307.63684398625,0.0,-9.048826249371751e-14,0.0,6331.35834878347,2383.34100398625
2574,1923.1569,0.0,0.0,0.0,289.275838487973,0.0,1.93290287570988e-14,0.0,6000.0,2212.432738487973
2575,2313.40206185567,0.0,0.0,4.49393814433006,4.4563626665035705e-14,0.0,-1.0315552515362699e-30,0.0,6000.0,2313.40206185567
2576,2381.44329896907,4559.81270103093,0.0,0.0,3.10132970281752e-14,0.0,1.14056328787246e-30,0.0,9759.565572,2381.44329896907
2577,2412.37113402062,3621.95786597938,0.0,0.0,-6.70140954100875e-14,0.0,2.72085831207771e-30,0.0,12745.8698325,2412.37113402062
2578,2480.41237113402,951.993927835052,0.0,3810.55670103093,-8.0564425046948e-14,0.0,4.8929768514864396e-30,0.0,13530.788826,2480.41237113402
2579,2523.71134020619,3999.41288863247,0.0,102.144771161349,1.86417092994119e-13,0.0,4.4963288576881596e-30,0.0,16828.3047526775,2523.71134020619
2580,2536.0824742268,1927.2575257732,0.0,0.0,4.6151169155155304e-14,0.0,2.7130756222812103e-31,0.0,18417.3285826775,2536.0824742268
2581,2461.85567010309,4319.48532989691,0.0,0.0,-1.22802956447649e-13,0.0,1.01064696559482e-29,0.0,21978.7442371775,2461.85567010309
2582,2443.29896907217,3734.31303092783,0.0,0.0,-1.6504148784835e-13,0.0,4.30115333628296e-30,0.0,25057.6853311775,2443.29896907217
2583,2511.34020618557,1846.51679381443,0.0,0.0,-1.78591817485211e-13,0.0,6.473271875691689e-30,0.0,26580.1384276775,2511.34020618557
2584,2430.92783505155,611.867164948454,0.0,0.0,-2.47755640093864e-14,0.0,2.6206778864767996e-31,0.0,27084.6229051775,2430.92783505155
2585,1139.7897,0.0,0.0,0.0,1475.83504123711,0.0,2.03567563539002e-14,0.0,25394.0902118933,2615.6247412371104
2586,52.78497,0.0,0.0,0.0,2649.25381340206,0.0,1.88031880082243e-14,0.0,22359.4352137237,2702.0387834020603
2587,0.0,0.0,0.0,0.0,2756.01374570447,0.0,-1.31528541399276e-13,0.0,19202.4893423554,2756.01374570447
2588,0.0,0.0,0.0,0.0,2783.50515463918,0.0,1.52282640106164e-13,0.0,16014.0527391032,2783.50515463918
2589,0.0,0.0,0.0,0.0,2872.85223367698,0.0,-1.16314331972808e-13,0.0,12723.2712572281,2872.85223367698
2590,0.0,0.0,0.0,0.0,2934.70790378007,0.0,1.25266389090548e-13,0.0,9361.63562861405,2934.70790378007
2591,0.0,0.0,0.0,0.0,2934.70790378007,0.0,1.25266389090548e-13,0.0,6000.0,2934.70790378007
2592,0.0,0.0,0.0,0.0,0.0,0.0,2484.0,0.0,12000.0,2484.0
2593,0.0,0.0,0.0,0.0,0.0,0.0,2514.0,0.0,12000.0,2514.0
2594,0.0,0.0,0.0,0.0,0.0,0.0,2532.0,0.0,12000.0,2532.0
2595,0.0,0.0,0.0,0.0,0.0,0.0,2562.0,0.0,12000.0,2562.0
2596,0.0,0.0,0.0,0.0,1516.09254982818,0.0,1142.451204,0.0,10263.3533220754,2658.54375382818
2597,96.4005,0.0,0.0,0.0,2882.57905498282,0.0,7.24230969506273e-14,0.0,6961.43000594388,2978.97955498282
2598,2046.6663,0.0,0.0,0.0,839.328395189003,0.0,-5.671324041164991e-15,0.0,6000.0,2885.994695189004
2599,2690.72164948454,2092.97335051546,0.0,0.0,6.128904128213531e-14,0.0,-5.9794816341622105e-31,0.0,7725.6565275,2690.72164948454
2600,2628.86597938144,4507.96302061856,0.0,0.0,-2.47931008159633e-13,0.0,5.01219263484387e-30,0.0,11442.472038,2628.8659793814395
2601,2579.38144329897,2834.92255670103,0.0,0.0,-1.92142147122071e-13,0.0,8.645390415100429e-30,0.0,13779.865686,2579.38144329897
2602,2752.57731958763,4146.09068041237,0.0,0.0,-1.3476574359438999e-13,0.0,2.5626418849942797e-30,0.0,17198.317452,2752.57731958763
2603,2672.16494845361,2883.72105154639,0.0,0.0,1.90505098814342e-14,0.0,-8.938599210179621e-31,0.0,19575.945459,2672.16494845361
2604,2455.67010309278,1116.13589690722,0.0,0.0,1.9996742263098e-13,0.0,2.32421031827943e-30,0.0,20496.199506,2455.67010309278
2605,2362.88659793814,2105.61940206186,0.0,0.0,-1.12252343725259e-14,0.0,-5.32699610245165e-31,0.0,22232.282703,2362.88659793814
2606,2418.55670103093,3743.03229896907,0.0,0.0,1.15490359829577e-13,0.0,-9.28642232105115e-30,0.0,25318.4128335,2418.55670103093
2607,2331.9587628866,4454.0862371134,0.0,0.0,8.68021580657368e-14,0.0,4.77376106812902e-30,0.0,28990.806936,2331.9587628866
2608,2270.10309278351,2121.56390721649,0.0,0.0,-2.22417891376031e-13,0.0,1.03839018663891e-29,0.0,30740.0363775,2270.10309278351
2609,1181.9976,0.0,0.0,0.0,1243.37036426117,0.0,8.86106661188911e-14,0.0,29315.7862466166,2425.3679642611696
2610,197.20344,0.0,0.0,0.0,2268.85757525773,0.0,1.8501974632424699e-13,0.0,26716.8657709491,2466.06101525773
2611,0.0,0.0,0.0,0.0,2584.19243986254,0.0,7.96237608111428e-14,0.0,23756.7369738557,2584.19243986254
2612,0.0,0.0,0.0,0.0,2549.82817869416,0.0,1.21854221253227e-13,0.0,20835.9715916173,2549.82817869416
2613,0.0,0.0,0.0,0.0,2460.48109965636,0.0,-6.543243991685521e-15,0.0,18017.5510880018,2460.48109965636
2614,0.0,0.0,0.0,0.0,0.0,0.0,2220.0,0.0,18017.5510880018,2220.0
2615,0.0,0.0,0.0,0.0,0.0,0.0,2220.0,0.0,18017.5510880018,2220.0
2616,0.0,0.0,0.0,0.0,0.0,0.0,2124.0,0.0,18017.5510880018,2124.0
2617,0.0,0.0,0.0,0.0,574.800587798048,0.0,1682.1990868523,0.0,17359.1311707073,2256.999674650348
2618,0.0,0.0,0.0,0.0,2467.35395189003,0.0,6.44095513846744e-14,0.0,14532.8379841208,2467.35395189003
2619,0.0,0.0,0.0,0.0,2570.44673539519,0.0,-6.22818299415769e-14,0.0,11588.4545529694,2570.44673539519
2620,0.0,0.0,0.0,0.0,2405.49828178694,0.0,-1.77171169678681e-13,0.0,8833.01551312179,2405.49828178694
2621,287.7777,0.0,0.0,0.0,2223.20232646048,0.0,-7.97243119051308e-14,0.0,6286.39200056683,2510.98002646048
2622,2082.1983,0.0,0.0,0.0,250.020216494845,0.0,-1.17487882240844e-14,0.0,6000.0,2332.218516494845
2623,2350.51546391753,-3.11903687611732e-14,3.11903687611732e-14,2405.66953608247,1.29040689466438e-13,0.0,1.05790773877943e-29,0.0,6000.0,2350.51546391753
2624,2375.25773195876,0.0,0.0,3676.12326804124,-1.5149115821149e-13,0.0,2.12903479687423e-30,0.0,6000.0,2375.25773195876
2625,2301.03092783505,1201.22137113402,0.0,3810.55670103093,1.84829550504e-13,0.0,-7.825343080203319e-30,0.0,6990.4070205,2301.03092783505
2626,2319.58762886598,1826.75567010309,0.0,3810.55670103093,2.27068081904701e-13,0.0,-2.02002676053804e-30,0.0,8496.5670705,2319.58762886598
2627,2387.62886597938,2631.20143298969,0.0,3810.55670103093,2.1351775226784e-13,0.0,1.52091778870695e-31,0.0,10665.992652,2387.62886597938
2628,2443.29896907217,5105.32054100997,0.0,813.643489917865,-1.6504148784835e-13,0.0,4.30115333628296e-30,0.0,14875.3294380627,2443.29896907217
2629,2294.84536082474,4857.94363917526,0.0,0.0,2.3250952643346703e-15,0.0,4.98841313778767e-32,0.0,18880.7039685627,2294.84536082474
2630,2400.0,4310.046,0.0,0.0,7.32518284288763e-14,0.0,-4.07292951658934e-30,0.0,22434.3368955627,2400.0
2631,2350.51546391753,2661.91153608247,0.0,0.0,1.29040689466438e-13,0.0,1.05790773877943e-29,0.0,24629.0829570627,2350.51546391753
2632,2301.03092783505,1332.78807216495,0.0,0.0,1.84829550504e-13,0.0,-7.825343080203319e-30,0.0,25727.9667225627,2301.03092783505
2633,1162.3227,0.0,0.0,0.0,1230.86710309278,0.0,-1.25928297068384e-14,0.0,24318.0387694209,2393.18980309278
2634,87.92931,0.0,0.0,0.0,2513.98461546392,0.0,-1.8243542744850998e-13,0.0,21438.3313061175,2601.91392546392
2635,0.0,0.0,0.0,0.0,2756.01374570447,0.0,-1.31528541399276e-13,0.0,18281.3854347492,2756.01374570447
2636,0.0,0.0,0.0,0.0,2680.41237113402,0.0,-1.18020415891468e-13,0.0,15211.0390760619,2680.41237113402
2637,0.0,0.0,0.0,0.0,2632.30240549828,0.0,1.79298891121779e-13,0.0,12195.8014981716,2632.30240549828
2638,0.0,0.0,0.0,0.0,2652.92096219931,0.0,-4.8371600730247e-15,0.0,9156.94587136823,2652.92096219931
2639,0.0,0.0,0.0,0.0,2756.01374570447,0.0,-1.31528541399276e-13,0.0,6000.0,2756.01374570447
2640,0.0,0.0,0.0,0.0,0.0,0.0,2424.0,0.0,12000.0,2424.0
2641,0.0,0.0,0.0,0.0,0.0,0.0,2568.0,0.0,12000.0,2568.0
2642,0.0,0.0,0.0,0.0,0.0,0.0,2586.0,0.0,12000.0,2586.0
2643,0.0,0.0,0.0,0.0,0.0,0.0,2538.0,0.0,12000.0,2538.0
2644,0.0,0.0,0.0,0.0,1945.52170103093,0.0,749.559555,0.0,9771.45280523376,2695.08125603093
2645,301.1085,0.0,0.0,0.0,2655.12572164948,0.0,-4.9398484020369605e-14,0.0,6730.07168077845,2956.23422164948
2646,2178.96,0.0,0.0,0.0,637.352577319588,0.0,-2.27843952181745e-15,0.0,6000.0,2816.312577319588
2647,2703.09278350515,2234.82621649484,0.0,0.0,-7.89768825568285e-14,0.0,-4.822969458876259e-30,0.0,7842.6142155,2703.09278350515
2648,2758.76288659794,4571.16111340206,0.0,0.0,4.77387116452748e-14,0.0,1.5741703759925098e-30,0.0,11611.5365535,2758.76288659794
2649,2746.39175257732,3662.49324742268,0.0,0.0,1.88004635484239e-13,0.0,-5.219617452674539e-30,0.0,14631.262236,2746.39175257732
2650,2672.16494845361,5665.82205154639,0.0,0.0,1.90505098814342e-14,0.0,-8.938599210179621e-31,0.0,19302.7325175,2672.16494845361
2651,2703.09278350515,6398.45421649484,0.0,0.0,-7.89768825568285e-14,0.0,-4.822969458876259e-30,0.0,24578.258019,2703.09278350515
2652,2771.13402061856,7876.97897938144,0.0,0.0,-9.2527212193689e-14,0.0,-2.6508509194675297e-30,0.0,31072.8271875,2771.13402061856
2653,2783.50515463918,5177.95184536083,0.0,0.0,-2.32793136032653e-13,0.0,-6.87587221492756e-30,0.0,35342.048484,2783.50515463918
2654,2907.21649484536,5717.96650515464,0.0,0.0,-1.1962787146740998e-13,0.0,-9.325422964777159e-30,0.0,40056.5118675,2907.21649484536
2655,2672.16494845361,4219.36305154639,0.0,0.0,1.90505098814342e-14,0.0,-8.938599210179621e-31,0.0,43535.3767035,2672.16494845361
2656,2703.09278350515,665.559216494845,0.0,0.0,-7.89768825568285e-14,0.0,-4.822969458876259e-30,0.0,44084.1302775,2703.09278350515
2657,1311.3891,0.0,0.0,0.0,1505.10031271478,0.0,9.04005814688485e-15,0.0,42360.0749364751,2816.48941271478
2658,183.45264,0.0,0.0,0.0,2737.74448934708,0.0,1.17185806817139e-13,0.0,39224.0560483341,2921.19712934708
2659,0.0,0.0,0.0,0.0,2989.69072164948,0.0,-1.01100122546339e-13,0.0,35799.4389559521,2989.69072164948
2660,0.0,0.0,0.0,0.0,3017.18213058419,0.0,1.8271105895909998e-13,0.0,32343.3311316861,3017.18213058419
2661,0.0,0.0,0.0,0.0,2982.81786941581,0.0,-1.72052917922699e-13,0.0,28926.5867222751,2982.81786941581
2662,0.0,0.0,0.0,0.0,3127.14776632302,0.0,1.26972473009209e-13,0.0,25344.5159704732,3127.14776632302
2663,0.0,0.0,0.0,0.0,3147.76632302406,0.0,-5.71635781855945e-14,0.0,21738.8271697584,3147.76632302406
2664,0.0,0.0,0.0,0.0,2989.69072164948,0.0,-1.01100122546339e-13,0.0,18314.2100773764,2989.69072164948
2665,0.0,0.0,0.0,0.0,0.0,0.0,2616.0,0.0,18314.2100773764,2616.0
2666,0.0,0.0,0.0,0.0,1437.66403981764,0.0,1324.9192932392,0.0,16667.4013261534,2762.5833330568403
2667,0.0,0.0,0.0,0.0,3003.43642611684,0.0,4.08054682063807e-14,0.0,13227.0388678295,3003.43642611684
2668,0.0,0.0,0.0,0.0,2838.48797250859,0.0,-7.408387153072381e-14,0.0,9975.62080080931,2838.48797250859
2669,164.28951,0.0,0.0,0.0,2841.51108281787,0.0,1.65573352509117e-13,0.0,6720.7398353822,3005.80059281787
2670,2229.591,0.0,0.0,0.0,629.20587628866,0.0,4.7956671303042e-14,0.0,6000.0,2858.79687628866
2671,2709.27835051546,1.43830545615603e-13,-1.43830545615603e-13,2207.87164948454,1.03527572682836e-13,0.0,5.2073681562490696e-30,0.0,6000.0,2709.27835051546
2672,2727.83505154639,673.63824742268,0.0,3810.55670103093,1.45766104083537e-13,0.0,1.10126844759144e-29,0.0,6555.414735,2727.83505154639
2673,2771.13402061856,3323.88497938144,0.0,0.0,-9.2527212193689e-14,0.0,-2.6508509194675297e-30,0.0,9295.9579005,2771.13402061856
2674,2789.69072164948,5873.08227835052,0.0,0.0,-5.02886807929879e-14,0.0,-2.3549391618657898e-30,0.0,14138.314239,2789.69072164948
2675,2672.16494845361,3750.24120981776,0.0,1980.76484172863,1.90505098814342e-14,0.0,-8.938599210179621e-31,0.0,17230.3881164947,2672.16494845361
2676,2734.0206185567,3770.30768041237,0.0,3810.55670103093,-1.7700427499509099e-13,0.0,-3.2426744346710094e-30,0.0,20339.0067989947,2734.0206185567
2677,2734.0206185567,4857.4583814433,0.0,0.0,-1.7700427499509099e-13,0.0,-3.2426744346710094e-30,0.0,24343.9812344947,2734.0206185567
2678,2870.10309278351,1766.61120618557,0.0,3810.55670103093,-2.04104934268812e-13,0.0,1.10156264414645e-30,0.0,25800.5521739947,2870.10309278351
2679,2696.90721649485,215.980082474226,0.0,3810.55670103093,2.437934965218e-13,0.0,-1.5864196724179897e-30,0.0,25978.6277519947,2696.9072164948507
2680,2622.68041237113,0.0,0.0,1789.08358762887,7.48393709189958e-14,0.0,-2.77006670282495e-30,0.0,25978.6277519947,2622.68041237113
2681,1853.9976,0.0,0.0,0.0,874.710570446736,0.0,-1.8568070273397303e-15,0.0,24976.6683356755,2728.708170446736
2682,294.1554,0.0,0.0,0.0,2484.15723024055,0.0,-6.334460559599981e-14,0.0,22131.1274075649,2778.31263024055
2683,0.0,0.0,0.0,0.0,2907.21649484536,0.0,-1.58544792414891e-13,0.0,18800.9825108348,2907.21649484536
2684,0.0,0.0,0.0,0.0,2769.75945017182,0.0,1.0377049353443801e-14,0.0,15628.2912735246,2769.75945017182
2685,0.0,0.0,0.0,0.0,2756.01374570447,0.0,-1.31528541399276e-13,0.0,12471.3454021563,2756.01374570447
2686,0.0,0.0,0.0,0.0,2810.99656357388,0.0,3.90993842877199e-14,0.0,9251.41806702015,2810.99656357388
2687,0.0,0.0,0.0,0.0,2838.48797250859,0.0,-7.408387153072381e-14,0.0,6000.0,2838.48797250859
2688,0.0,0.0,0.0,0.0,0.0,0.0,2376.0,0.0,12000.0,2376.0
2689,0.0,0.0,0.0,0.0,0.0,0.0,2526.0,0.0,12000.0,2526.0
2690,0.0,0.0,0.0,0.0,0.0,0.0,2454.0,0.0,12000.0,2454.0
2691,0.0,0.0,0.0,0.0,0.0,0.0,2532.0,0.0,12000.0,2532.0
2692,0.0,0.0,0.0,0.0,561.083842268042,0.0,1988.1738057,0.0,11357.292276898,2549.257647968042
2693,53.30199,0.0,0.0,0.0,2944.21199278351,0.0,8.48107575151564e-14,0.0,7984.76994839456,2997.51398278351
2694,1112.7312,0.0,0.0,0.0,1732.70416494845,0.0,7.85659611412165e-14,0.0,6000.0,2845.43536494845
2695,2604.12371134021,358.934288659793,0.0,0.0,3.26008395182947e-14,0.0,2.4434261016368497e-30,0.0,6295.941321,2604.12371134021
2696,2591.75257731959,2730.17242268041,0.0,0.0,1.72866763357259e-13,0.0,6.66844739709689e-30,0.0,8546.9684835,2591.75257731959
2697,2579.38144329897,4081.04155670103,0.0,0.0,-1.92142147122071e-13,0.0,8.645390415100429e-30,0.0,11911.787247,2579.38144329897
2698,2647.42268041237,3981.31131958763,0.0,0.0,-2.05692476758932e-13,0.0,1.08175089545092e-29,0.0,15194.37843,2647.42268041237
2699,2517.52577319588,6244.59822680412,0.0,0.0,3.91263775445419e-15,0.0,-2.46041953736201e-32,0.0,20343.049668,2517.52577319588
2700,2536.0824742268,5941.5965257732,0.0,0.0,4.6151169155155304e-14,0.0,2.7130756222812103e-31,0.0,25241.8960035,2536.0824742268
2701,2604.12371134021,5549.08428865979,0.0,0.0,3.26008395182947e-14,0.0,2.4434261016368497e-30,0.0,29817.1159995,2604.12371134021
2702,2604.12371134021,4153.40328865979,0.0,0.0,3.26008395182947e-14,0.0,2.4434261016368497e-30,0.0,33241.597011,2604.12371134021
2703,2560.82474226804,4334.60925773196,0.0,0.0,-2.34380678522772e-13,0.0,-1.9197544152819e-29,0.0,36815.482344,2560.82474226804
2704,2517.52577319588,492.005226804124,0.0,0.0,3.91263775445419e-15,0.0,-2.46041953736201e-32,0.0,37221.1406535,2517.52577319588
2705,1551.8622,0.0,0.0,0.0,1052.34096907216,0.0,9.2591429579642e-14,0.0,36015.7099901871,2604.20316907216
2706,256.9791,0.0,0.0,0.0,2436.11715120275,0.0,-1.6938607467550998e-13,0.0,33225.1977894967,2693.09625120275
2707,0.0,0.0,0.0,0.0,2646.04810996564,0.0,-7.57899554493846e-14,0.0,30194.2148456643,2646.04810996564
2708,0.0,0.0,0.0,0.0,2639.17525773196,0.0,-1.46742750825744e-13,0.0,27171.104584803,2639.17525773196
2709,0.0,0.0,0.0,0.0,2659.79381443299,0.0,6.61156353033352e-14,0.0,24124.3762750286,2659.79381443299
2710,0.0,0.0,0.0,0.0,2591.06529209622,0.0,1.50576556187503e-13,0.0,21156.3747949642,2591.06529209622
2711,0.0,0.0,0.0,0.0,2577.31958762887,0.0,8.670965434782951e-15,0.0,18204.1186808418,2577.31958762887
2712,0.0,0.0,0.0,0.0,2570.44673539519,0.0,-6.22818299415769e-14,0.0,15259.7352496904,2570.44673539519
2713,0.0,0.0,0.0,0.0,2542.95532646048,0.0,5.09014258768667e-14,0.0,12346.842550423,2542.95532646048
2714,0.0,0.0,0.0,0.0,913.410938271824,0.0,1362.5922508887,0.0,11300.5528158619,2276.003189160524
2715,0.0,0.0,0.0,0.0,0.0,0.0,2124.0,0.0,11300.5528158619,2124.0
2716,0.0,0.0,0.0,0.0,2412.37113402062,0.0,-1.06218374302322e-13,0.0,8537.2410930433,2412.37113402062
2717,401.1819,0.0,0.0,0.0,2104.07051202749,0.0,3.3750905203127104e-14,0.0,6127.0801399763,2505.25241202749
2718,2287.782,0.0,0.0,0.0,110.940962199313,0.0,-1.3092798628390201e-15,0.0,6000.0,2398.7229621993133
2719,2257.73195876289,-1.1413348162281999e-13,1.1413348162281999e-13,2698.14204123711,-8.21519675370675e-14,0.0,3.59011403772205e-30,0.0,6000.0,2257.73195876289
2720,2381.44329896907,1072.362,0.0,3810.55670103093,3.10132970281752e-14,0.0,1.14056328787246e-30,0.0,6884.162469,2381.44329896907
2721,2375.25773195876,124.034567010309,0.0,3810.55670103093,-1.5149115821149e-13,0.0,2.12903479687423e-30,0.0,6986.4289695,2375.25773195876
2722,2387.62886597938,7846.32213402062,0.0,0.0,2.1351775226784e-13,0.0,1.52091778870695e-31,0.0,13455.721569,2387.62886597938
2723,2406.18556701031,8342.70643298969,0.0,0.0,-2.49518550649752e-13,0.0,-7.309479303047609e-30,0.0,20334.283023,2406.1855670103096
2724,2424.74226804124,5460.27039561636,-9.09494701772928e-13,2732.96533634241,-2.07280019249051e-13,0.0,-1.5041629833823198e-30,0.0,24836.2759641857,2424.74226804124
2725,2480.41237113402,1021.29392783505,0.0,3810.55670103093,-8.0564425046948e-14,0.0,4.8929768514864396e-30,0.0,25678.3328076857,2480.41237113402
2726,2468.0412371134,411.561061855669,0.0,3810.55670103093,5.97014987920158e-14,0.0,-1.90081097718061e-30,0.0,26017.6649031857,2468.0412371134
2727,2498.96907216495,0.0,0.0,2701.40792783505,-3.83258936462469e-14,0.0,-3.20515952975361e-31,0.0,26017.6649031857,2498.96907216495
2728,2474.22680412371,0.0,0.0,2078.76219587629,2.42205954031681e-13,0.0,-1.39080916103095e-29,0.0,26017.6649031857,2474.2268041237103
2729,1212.561,0.0,0.0,0.0,1346.86807560137,0.0,-4.8834392963190705e-15,0.0,24474.8606928748,2559.4290756013697
2730,119.3535,0.0,0.0,0.0,2561.54307560137,0.0,1.67804513530003e-13,0.0,21540.6761847404,2680.8965756013704
2731,0.0,0.0,0.0,0.0,2721.64948453608,0.0,-8.92980809571922e-14,0.0,18423.0937282271,2721.64948453608
2732,0.0,0.0,0.0,0.0,2694.15807560137,0.0,2.3885174861251402e-14,0.0,15337.0020035978,2694.15807560137
2733,0.0,0.0,0.0,0.0,2790.37800687285,0.0,-1.7375900184136e-13,0.0,12140.6927173746,2790.37800687285
2734,0.0,0.0,0.0,0.0,2721.64948453608,0.0,-8.92980809571922e-14,0.0,9023.11026086135,2721.64948453608
2735,0.0,0.0,0.0,0.0,2639.17525773196,0.0,-1.46742750825744e-13,0.0,6000.0,2639.17525773196
2736,0.0,0.0,0.0,0.0,0.0,0.0,2268.0,0.0,12000.0,2268.0
2737,0.0,0.0,0.0,0.0,0.0,0.0,2226.0,0.0,12000.0,2226.0
2738,0.0,0.0,0.0,0.0,0.0,0.0,2172.0,0.0,12000.0,2172.0
2739,0.0,0.0,0.0,0.0,0.0,0.0,2058.0,0.0,12000.0,2058.0
2740,0.0,0.0,0.0,0.0,0.0,0.0,2154.0,0.0,12000.0,2154.0
2741,430.8255,0.0,0.0,0.0,0.0,0.0,1706.099265,0.0,12000.0,2136.924765
2742,2249.142,0.0,0.0,0.0,0.0,0.0,44.3322599999998,0.0,12000.0,2293.4742599999995
2743,2362.88659793814,1238.27740206185,0.0,0.0,0.0,0.0,-9.79962960721507e-15,0.0,13020.959718,2362.88659793814
2744,2338.14432989691,1625.20667010309,0.0,0.0,0.0,0.0,-2.06000256944255e-13,0.0,14360.9426175,2338.14432989691
2745,2338.14432989691,4951.18667010309,0.0,0.0,0.0,0.0,-2.06000256944255e-13,0.0,18443.196027,2338.14432989691
2746,2369.07216494845,4539.04583505155,0.0,0.0,0.0,0.0,1.49526759817012e-13,0.0,22185.639318,2369.07216494845
2747,2263.9175257732,318.179474226804,0.0,0.0,0.0,0.0,8.76077217643675e-14,0.0,22447.9782945,2263.9175257732
2748,1550.3061,0.0,0.0,0.0,0.0,0.0,668.203083,0.0,22447.9782945,2218.509183
2749,2307.21649484536,4707.95950515464,0.0,0.0,0.0,0.0,-1.20422343345651e-13,0.0,26329.6909065,2307.21649484536
2750,2319.58762886598,2252.55337113402,0.0,0.0,0.0,0.0,1.98230435502804e-13,0.0,28186.921161,2319.58762886598
2751,2356.70103092784,702.788969072164,0.0,0.0,0.0,0.0,-1.69126019031442e-13,0.0,28766.370666,2356.70103092784
2752,1314.1737,0.0,0.0,0.0,0.0,0.0,987.251511,0.0,28766.370666,2301.425211
2753,631.5792,0.0,0.0,0.0,0.0,0.0,1709.368176,0.0,28766.370666,2340.947376
2754,47.04504,0.0,0.0,0.0,0.0,0.0,2228.3663112,0.0,28766.370666,2275.4113512
2755,0.0,0.0,0.0,0.0,0.0,0.0,2376.0,0.0,28766.370666,2376.0
2756,0.0,0.0,0.0,0.0,0.0,0.0,2502.0,0.0,28766.370666,2502.0
2757,0.0,0.0,0.0,0.0,0.0,0.0,2442.0,0.0,28766.370666,2442.0
2758,0.0,0.0,0.0,0.0,0.0,0.0,2538.0,0.0,28766.370666,2538.0
2759,0.0,0.0,0.0,0.0,0.0,0.0,2568.0,0.0,28766.370666,2568.0
2760,0.0,0.0,0.0,0.0,0.0,0.0,2442.0,0.0,28766.370666,2442.0
2761,0.0,0.0,0.0,0.0,0.0,0.0,2508.0,0.0,28766.370666,2508.0
2762,0.0,0.0,0.0,0.0,0.0,0.0,2436.0,0.0,28766.370666,2436.0
2763,0.0,0.0,0.0,0.0,882.233018118415,0.0,1641.81057518262,0.0,27755.7944711335,2524.043593301035
2764,0.0,0.0,0.0,0.0,2529.20962199313,0.0,-9.10041648758531e-14,0.0,24858.6471378081,2529.20962199313
2765,19.341882,0.0,0.0,0.0,2487.1000852921,0.0,-1.13361586632813e-13,0.0,22009.7352417118,2506.4419672921003
2766,201.35514,0.0,0.0,0.0,2463.55729003436,0.0,9.98731005275644e-14,0.0,19187.7910377778,2664.91243003436
2767,2585.56701030928,2312.28398969072,0.0,0.0,-9.637691882406331e-15,0.0,-6.07187936996662e-31,0.0,21094.2691872778,2585.56701030928
2768,2219.322,0.0,0.0,0.0,461.921718213058,0.0,-6.005476681049189e-16,0.0,20565.1492351437,2681.243718213058
2769,2529.8969072165,2075.40309278351,0.0,0.0,-1.3635328608451e-13,0.0,-9.7590300528972e-30,0.0,22276.3190851437,2529.8969072165
2770,2647.42268041237,608.984319587629,0.0,0.0,-2.05692476758932e-13,0.0,1.08175089545092e-29,0.0,22778.4266566437,2647.42268041237
2771,2517.52577319588,1713.26022680412,0.0,0.0,3.91263775445419e-15,0.0,-2.46041953736201e-32,0.0,24191.0097136437,2517.52577319588
2772,2280.054,0.0,0.0,0.0,380.696013745705,0.0,-2.33242734023334e-16,0.0,23754.931805573,2660.750013745705
2773,2431.065,0.0,0.0,0.0,96.0675257731959,0.0,-4.68838255732614e-16,0.0,23644.888820724,2527.132525773196
2774,2585.56701030928,3100.41398969072,0.0,0.0,-9.637691882406331e-15,0.0,-6.07187936996662e-31,0.0,26201.180155224,2585.56701030928
2775,2604.12371134021,955.985288659794,0.0,0.0,3.26008395182947e-14,0.0,2.4434261016368497e-30,0.0,26989.390025724,2604.12371134021
2776,2554.63917525773,1015.36082474227,0.0,0.0,8.83897005558564e-14,0.0,-4.94218524223368e-30,0.0,27826.555025724,2554.63917525773
2777,72.67071,0.0,0.0,0.0,2682.14136460481,0.0,1.34367435159896e-13,0.0,24754.2281475971,2754.81207460481
2778,5.00913,0.0,0.0,0.0,2736.70234123711,0.0,7.7166188712207e-14,0.0,21619.4030144503,2741.71147123711
2779,0.0,0.0,0.0,0.0,2742.26804123711,0.0,1.23560305171887e-13,0.0,18478.2025090241,2742.26804123711
2780,0.0,0.0,0.0,0.0,2756.01374570447,0.0,-1.31528541399276e-13,0.0,15321.2566376558,2756.01374570447
2781,0.0,0.0,0.0,0.0,2659.79381443299,0.0,6.61156353033352e-14,0.0,12274.5283278815,2659.79381443299
2782,0.0,0.0,0.0,0.0,2756.01374570447,0.0,-1.31528541399276e-13,0.0,9117.58245651327,2756.01374570447
2783,0.0,0.0,0.0,0.0,2721.64948453608,0.0,-8.92980809571922e-14,0.0,6000.0,2721.64948453608
2784,0.0,0.0,0.0,0.0,0.0,0.0,2358.0,0.0,12000.0,2358.0
2785,0.0,0.0,0.0,0.0,0.0,0.0,2436.0,0.0,12000.0,2436.0
2786,0.0,0.0,0.0,0.0,0.0,0.0,2370.0,0.0,12000.0,2370.0
2787,0.0,0.0,0.0,0.0,0.0,0.0,2346.0,0.0,12000.0,2346.0
2788,0.0,0.0,0.0,0.0,0.0,0.0,2148.0,0.0,12000.0,2148.0
2789,24.02694,0.0,0.0,0.0,0.0,0.0,2082.6938682,0.0,12000.0,2106.7208082
2790,216.8754,0.0,0.0,0.0,0.0,0.0,1889.630862,0.0,12000.0,2106.506262
2791,783.7116,0.0,0.0,0.0,1630.92754639175,0.0,1.60847824773067e-14,0.0,10131.812661636,2414.63914639175
2792,962.9046,0.0,0.0,0.0,1301.24002061856,0.0,4.3238728190108905e-14,0.0,8641.274264593,2264.14462061856
2793,1438.9095,0.0,0.0,0.0,854.819914089347,0.0,1.0637178499616801e-15,0.0,7662.09910526958,2293.729414089347
2794,2319.58762886598,685.78537113402,0.0,0.0,2.27068081904701e-13,0.0,-2.02002676053804e-30,0.0,8227.52914376958,2319.58762886598
2795,2270.10309278351,388.370907216495,0.0,0.0,-2.22417891376031e-13,0.0,1.03839018663891e-29,0.0,8547.74095676958,2270.10309278351
2796,2263.9175257732,2330.1684742268,0.0,0.0,1.0035248770259699e-13,0.0,2.6016425287202897e-30,0.0,10468.9648637696,2263.9175257732
2797,2251.54639175258,1670.66560824742,0.0,0.0,2.40618411541561e-13,0.0,1.78454729483074e-29,0.0,11846.4286577696,2251.5463917525803
2798,2251.54639175258,1739.25160824742,0.0,0.0,2.40618411541561e-13,0.0,1.78454729483074e-29,0.0,13280.4416087696,2251.5463917525803
2799,2276.28865979381,1470.74134020619,0.0,0.0,-3.99134361363664e-14,0.0,-1.6233787667397498e-30,0.0,14493.0678437696,2276.28865979381
2800,2288.65979381443,1213.82520618557,0.0,0.0,-1.8017935997533e-13,0.0,-5.8484000621997896e-30,0.0,15493.8667262696,2288.65979381443
2801,1692.6378,0.0,0.0,0.0,531.662467353952,0.0,-3.06605186264727e-14,0.0,14884.8604635503,2224.300267353952
2802,407.2866,0.0,0.0,0.0,1959.83046735395,0.0,1.2076215003168602e-15,0.0,12639.9229293533,2367.11706735395
2803,0.0,0.0,0.0,0.0,0.0,0.0,2124.0,0.0,12639.9229293533,2124.0
2804,0.0,0.0,0.0,0.0,0.0,0.0,2064.0,0.0,12639.9229293533,2064.0
2805,0.0,0.0,0.0,0.0,0.0,0.0,2190.0,0.0,12639.9229293533,2190.0
2806,0.0,0.0,0.0,0.0,0.0,0.0,2388.0,0.0,12639.9229293533,2388.0
2807,0.0,0.0,0.0,0.0,0.0,0.0,2352.0,0.0,12639.9229293533,2352.0
2808,0.0,0.0,0.0,0.0,0.0,0.0,2322.0,0.0,12639.9229293533,2322.0
2809,0.0,0.0,0.0,0.0,0.0,0.0,2454.0,0.0,12639.9229293533,2454.0
2810,0.0,0.0,0.0,0.0,0.0,0.0,2310.0,0.0,12639.9229293533,2310.0
2811,0.0,0.0,0.0,0.0,510.496149627846,0.0,1882.33686137489,0.0,12055.1621623111,2392.833011002736
2812,0.0,0.0,0.0,0.0,2591.06529209622,0.0,1.50576556187503e-13,0.0,9087.16068224671,2591.06529209622
2813,134.64612,0.0,0.0,0.0,2551.42412783505,0.0,6.77421214729091e-14,0.0,6164.56717957196,2686.07024783505
2814,2264.514,0.0,0.0,0.0,143.667147766323,0.0,1.16469882230476e-15,0.0,6000.0,2408.181147766323
2815,2492.78350515464,-3.0679894008575e-13,-1.47948410800714e-13,1763.11849484536,-2.20830348885912e-13,0.0,6.679555560264071e-31,0.0,6000.0,2492.78350515464
2816,2542.26804123711,1200.74925773196,0.0,3810.55670103093,2.2865562439482e-13,0.0,1.0301645177353399e-29,0.0,6990.017763,2542.2680412371105
2817,2529.8969072165,2452.09939175258,0.0,3810.55670103093,-1.3635328608451e-13,0.0,-9.7590300528972e-30,0.0,9011.7737115,2529.8969072165
2818,2498.96907216495,1739.94222680412,0.0,3810.55670103093,-3.83258936462469e-14,0.0,-3.20515952975361e-31,0.0,10446.3560775,2498.96907216495
2819,2610.30927835052,2939.61102061856,0.0,3810.55670103093,2.1510529475795998e-13,0.0,-9.563854531492008e-30,0.0,12870.065364,2610.30927835052
2820,2597.9381443299,3045.05693930473,4.54747350886464e-13,2982.46091636537,-1.4990361572137e-13,0.0,-7.58691151348847e-30,0.0,15380.7148104568,2597.9381443299
2821,2567.01030927835,6580.35869072165,0.0,0.0,-5.18762232831074e-14,0.0,1.85160258643337e-30,0.0,20806.2205509568,2567.01030927835
2822,2690.72164948454,3943.03135051546,0.0,0.0,6.128904128213531e-14,0.0,-5.9794816341622105e-31,0.0,24057.2498994568,2690.72164948454
2823,2511.34020618557,1431.57779381443,0.0,0.0,-1.78591817485211e-13,0.0,6.473271875691689e-30,0.0,25237.5857904567,2511.34020618557
2824,2437.11340206186,299.585597938144,0.0,0.0,1.57728891230278e-13,0.0,-3.4811060013858595e-30,0.0,25484.5941159567,2437.11340206186
2825,1471.5561,0.0,0.0,0.0,1065.96859450172,0.0,-9.83782502670363e-14,0.0,24263.5533433316,2537.52469450172
2826,563.7282,0.0,0.0,0.0,2019.68344329897,0.0,2.3596561936932e-14,0.0,21950.055699232,2583.41164329897
2827,0.0,0.0,0.0,0.0,2666.66666666667,0.0,1.37068430679695e-13,0.0,18895.4547064867,2666.66666666667
2828,0.0,0.0,0.0,0.0,2735.39518900344,0.0,5.26075097955275e-14,0.0,15762.1268840314,2735.39518900344
2829,0.0,0.0,0.0,0.0,2673.53951890034,0.0,-1.88973211267828e-13,0.0,12699.6532083151,2673.53951890034
2830,0.0,0.0,0.0,0.0,2900.34364261168,0.0,1.67496849532632e-13,0.0,9377.38099455604,2900.34364261168
2831,0.0,0.0,0.0,0.0,2948.45360824742,0.0,-1.29822457480615e-13,0.0,6000.0,2948.45360824742
2832,0.0,0.0,0.0,0.0,0.0,0.0,2460.0,0.0,12000.0,2460.0
2833,0.0,0.0,0.0,0.0,0.0,0.0,2508.0,0.0,12000.0,2508.0
2834,0.0,0.0,0.0,0.0,0.0,0.0,2490.0,0.0,12000.0,2490.0
2835,0.0,0.0,0.0,0.0,0.0,0.0,2592.0,0.0,12000.0,2592.0
2836,0.0,0.0,0.0,0.0,2212.26330927835,0.0,492.694131,0.0,9465.90686222411,2704.95744027835
2837,547.6716,0.0,0.0,0.0,2257.4553814433,0.0,1.29065567800245e-13,0.0,6880.047318761,2805.1269814433003
2838,1918.8561,0.0,0.0,0.0,768.281309278351,0.0,1.5921154337632102e-15,0.0,6000.0,2687.137409278351
2839,2597.9381443299,629.215855670103,0.0,0.0,-1.4990361572137e-13,0.0,-7.58691151348847e-30,0.0,6518.788473,2597.9381443299
2840,2517.52577319588,2010.05322680412,0.0,0.0,3.91263775445419e-15,0.0,-2.46041953736201e-32,0.0,8176.0773585,2517.52577319588
2841,2480.41237113402,2366.91262886598,0.0,0.0,-8.0564425046948e-14,0.0,4.8929768514864396e-30,0.0,10127.596821,2480.41237113402
2842,2628.86597938144,5300.75502061856,0.0,0.0,-2.47931008159633e-13,0.0,5.01219263484387e-30,0.0,14498.0693355,2628.8659793814395
2843,2511.34020618557,3745.42079381443,0.0,0.0,-1.78591817485211e-13,0.0,6.473271875691689e-30,0.0,17586.16878,2511.34020618557
2844,2424.74226804124,5267.22173195876,0.0,0.0,-2.07280019249051e-13,0.0,-1.5041629833823198e-30,0.0,21928.993098,2424.74226804124
2845,2468.0412371134,2736.6197628866,0.0,0.0,5.97014987920158e-14,0.0,-1.90081097718061e-30,0.0,24185.3360925,2468.0412371134
2846,2573.19587628866,2717.29212371134,0.0,0.0,1.30628231956557e-13,0.0,8.631310774316031e-31,0.0,26425.7434485,2573.19587628866
2847,2511.34020618557,1941.28979381443,0.0,0.0,-1.78591817485211e-13,0.0,6.473271875691689e-30,0.0,28026.3368835,2511.34020618557
2848,2449.48453608247,130.638463917526,0.0,0.0,1.74629673913147e-14,0.0,5.5797954624942105e-31,0.0,28134.048297,2449.48453608247
2849,1789.3659,0.0,0.0,0.0,644.118072164949,0.0,-2.15273475105535e-15,0.0,27396.2269084949,2433.483972164949
2850,115.89501,0.0,0.0,0.0,2620.36866013746,0.0,-1.40409695141597e-13,0.0,24394.6591420144,2736.2636701374604
2851,67.90497,0.0,0.0,0.0,2714.92804020619,0.0,1.6807697996094e-13,0.0,21284.7759344472,2782.83301020619
2852,0.0,0.0,0.0,0.0,2824.74226804124,0.0,1.8100497504044e-13,0.0,18049.103233369,2824.74226804124
2853,0.0,0.0,0.0,0.0,2707.90378006873,0.0,1.65790765613971e-13,0.0,14947.2661427978,2707.90378006873
2854,0.0,0.0,0.0,0.0,767.174750085117,0.0,1820.25644317569,0.0,14068.4863603406,2587.431193260807
2855,0.0,0.0,0.0,0.0,0.0,0.0,2472.0,0.0,14068.4863603406,2472.0
2856,0.0,0.0,0.0,0.0,0.0,0.0,2382.0,0.0,14068.4863603406,2382.0
2857,0.0,0.0,0.0,0.0,0.0,0.0,2520.0,0.0,14068.4863603406,2520.0
2858,0.0,0.0,0.0,0.0,0.0,0.0,2430.0,0.0,14068.4863603406,2430.0
2859,0.0,0.0,0.0,0.0,0.0,0.0,2412.0,0.0,14068.4863603406,2412.0
2860,0.0,0.0,0.0,0.0,2570.44673539519,0.0,-6.22818299415769e-14,0.0,11124.1029291892,2570.44673539519
2861,12.103644,0.0,0.0,0.0,2818.16662694158,0.0,1.2824260165256899e-13,0.0,7895.96246304759,2830.27027094158
2862,1040.2392,0.0,0.0,0.0,1655.17523024055,0.0,-4.3216674274332404e-14,0.0,6000.0,2695.4144302405502
2863,2542.26804123711,1060.05095876289,0.0,0.0,2.2865562439482e-13,0.0,1.0301645177353399e-29,0.0,6874.0120155,2542.2680412371105
2864,2517.52577319588,2249.15922680412,0.0,0.0,3.91263775445419e-15,0.0,-2.46041953736201e-32,0.0,8728.443798,2517.52577319588
2865,2597.9381443299,1946.48640496294,2.27373675443232e-13,2042.70845070716,-1.4990361572137e-13,0.0,-7.58691151348847e-30,0.0,10333.3218388919,2597.9381443299
2866,2542.26804123711,1007.29725773196,0.0,3810.55670103093,2.2865562439482e-13,0.0,1.0301645177353399e-29,0.0,11163.8384278919,2542.2680412371105
2867,2369.07216494845,6517.20383505155,0.0,0.0,1.71279220867139e-13,0.0,-5.653224540794589e-30,0.0,16537.2729898919,2369.07216494845
2868,2616.49484536082,5441.64615463917,0.0,0.0,-1.07665084320669e-13,0.0,-1.78159519382318e-30,0.0,21023.9102443919,2616.49484536082
2869,2461.85567010309,4946.02032989691,0.0,0.0,-1.22802956447649e-13,0.0,1.01064696559482e-29,0.0,25101.9040063919,2461.85567010309
2870,2536.0824742268,2544.3215257732,0.0,0.0,4.6151169155155304e-14,0.0,2.7130756222812103e-31,0.0,27199.6971043919,2536.0824742268
2871,1140.2286,0.0,0.0,0.0,1392.87314776632,0.0,-5.48239264692428e-14,0.0,25604.1952169162,2533.10174776632
2872,2430.92783505155,521.546164948453,0.0,0.0,-2.47755640093864e-14,0.0,2.6206778864767996e-31,0.0,26034.2100299162,2430.92783505155
2873,752.808,0.0,0.0,0.0,1816.46762886598,0.0,-5.31619768138363e-14,0.0,23953.4910965073,2569.2756288659803
2874,9.405963,0.0,0.0,0.0,2587.4870743299,0.0,1.9695442978631998e-13,0.0,20989.5883767709,2596.8930373299004
2875,0.0,0.0,0.0,0.0,2536.0824742268,0.0,-2.00513694994932e-14,0.0,18084.5683604744,2536.0824742268
2876,0.0,0.0,0.0,0.0,2659.79381443299,0.0,6.61156353033352e-14,0.0,15037.8400507001,2659.79381443299
2877,0.0,0.0,0.0,0.0,2680.41237113402,0.0,-1.18020415891468e-13,0.0,11967.4936920128,2680.41237113402
2878,0.0,0.0,0.0,0.0,2611.68384879725,0.0,-3.35594950073008e-14,0.0,8975.87416303539,2611.68384879725
2879,0.0,0.0,0.0,0.0,2597.9381443299,0.0,-1.7546508576002099e-13,0.0,6000.0,2597.9381443299
2880,0.0,0.0,0.0,0.0,0.0,0.0,2172.0,0.0,12000.0,2172.0
2881,0.0,0.0,0.0,0.0,0.0,0.0,2136.0,0.0,12000.0,2136.0
2882,0.0,0.0,0.0,0.0,0.0,0.0,2118.0,0.0,12000.0,2118.0
2883,0.0,0.0,0.0,0.0,0.0,0.0,2082.0,0.0,12000.0,2082.0
2884,0.0,0.0,0.0,0.0,0.0,0.0,1992.0,0.0,12000.0,1992.0
2885,0.0,0.0,0.0,0.0,0.0,0.0,2040.0,0.0,12000.0,2040.0
2886,10.509429,0.0,0.0,0.0,0.0,0.0,2197.80585387,0.0,12000.0,2208.3152828700004
2887,43.64787,0.0,0.0,0.0,0.0,0.0,2189.6615661,0.0,12000.0,2233.3094361
2888,981.3972,0.0,0.0,0.0,0.0,0.0,1268.044716,0.0,12000.0,2249.441916
2889,725.4954,0.0,0.0,0.0,0.0,0.0,1582.269462,0.0,12000.0,2307.764862
2890,653.0853,0.0,0.0,0.0,0.0,0.0,1580.507259,0.0,12000.0,2233.592559
2891,2251.54639175258,139.534608247423,0.0,0.0,0.0,0.0,2.10059873275783e-13,0.0,12115.0462845,2251.54639175258
2892,2226.80412371134,1625.96087628866,0.0,0.0,0.0,0.0,1.38592459387434e-14,0.0,13455.651027,2226.80412371134
2893,2381.44329896907,1259.62070103093,0.0,0.0,0.0,0.0,2.7074608305596998e-14,0.0,14494.208295,2381.44329896907
2894,2301.03092783505,329.513072164948,0.0,0.0,0.0,0.0,1.61356197589992e-13,0.0,14765.891823,2301.03092783505
2895,2362.88659793814,920.295402061856,0.0,0.0,0.0,0.0,-9.79962960721507e-15,0.0,15524.675382,2362.88659793814
2896,1983.7314,0.0,0.0,0.0,0.0,0.0,283.780542,0.0,15524.675382,2267.511942
2897,1679.7354,0.0,0.0,0.0,0.0,0.0,680.656662,0.0,15524.675382,2360.392062
2898,279.9342,0.0,0.0,0.0,0.0,0.0,2014.463826,0.0,15524.675382,2294.398026
2899,29.79753,0.0,0.0,0.0,0.0,0.0,2233.0963959,0.0,15524.675382,2262.8939259
2900,0.0,0.0,0.0,0.0,0.0,0.0,2292.0,0.0,15524.675382,2292.0
2901,0.0,0.0,0.0,0.0,0.0,0.0,2310.0,0.0,15524.675382,2310.0
2902,0.0,0.0,0.0,0.0,0.0,0.0,2268.0,0.0,15524.675382,2268.0
2903,0.0,0.0,0.0,0.0,0.0,0.0,2166.0,0.0,15524.675382,2166.0
2904,0.0,0.0,0.0,0.0,0.0,0.0,2196.0,0.0,15524.675382,2196.0
2905,0.0,0.0,0.0,0.0,0.0,0.0,2190.0,0.0,15524.675382,2190.0
2906,0.0,0.0,0.0,0.0,0.0,0.0,2196.0,0.0,15524.675382,2196.0
2907,0.0,0.0,0.0,0.0,0.0,0.0,2148.0,0.0,15524.675382,2148.0
2908,0.0,0.0,0.0,0.0,1320.89348022323,0.0,1006.85999176512,0.0,14011.6244309997,2327.7534719883497
2909,0.0,0.0,0.0,0.0,2378.00687285223,0.0,-6.39879138602378e-14,0.0,11287.6761230361,2378.00687285223
2910,1633.9932,0.0,0.0,0.0,679.297360824742,0.0,4.5035928068144406e-15,0.0,10509.5577257569,2313.290560824742
2911,2400.0,2836.245,0.0,0.0,7.32518284288763e-14,0.0,-4.07292951658934e-30,0.0,12848.0417282569,2400.0
2912,2325.77319587629,3044.09480412371,0.0,0.0,-9.5702297173928e-14,0.0,-5.256576546996309e-30,0.0,15357.8978942569,2325.77319587629
2913,2319.58762886598,1875.18337113402,0.0,0.0,2.27068081904701e-13,0.0,-2.02002676053804e-30,0.0,16903.9865837569,2319.58762886598
2914,2375.25773195876,1962.83826804124,0.0,0.0,-1.5149115821149e-13,0.0,2.12903479687423e-30,0.0,18522.3467357569,2375.25773195876
2915,2406.18556701031,1941.61243298969,0.0,0.0,-2.49518550649752e-13,0.0,-7.309479303047609e-30,0.0,20123.2061867569,2406.1855670103096
2916,2276.28865979381,1310.46934020619,0.0,0.0,-3.99134361363664e-14,0.0,-1.6233787667397498e-30,0.0,21203.6881577569,2276.28865979381
2917,2331.9587628866,359.233237113402,0.0,0.0,8.68021580657368e-14,0.0,4.77376106812902e-30,0.0,21499.8759617569,2331.9587628866
2918,1156.8333,0.0,0.0,0.0,1243.83928865979,0.0,-6.53204791791144e-14,0.0,20075.0886895235,2400.67258865979
2919,1622.2878,0.0,0.0,0.0,857.25181443299,0.0,2.52833342074741e-14,0.0,19093.1278482486,2479.53961443299
2920,2344.32989690722,1399.82310309278,0.0,0.0,-5.3463765773226904e-14,0.0,5.48739772668981e-31,0.0,20247.2819967486,2344.32989690722
2921,575.9901,0.0,0.0,0.0,1971.69484879725,0.0,-6.3345426950439e-14,0.0,17988.754105801,2547.68494879725
2922,128.41017,0.0,0.0,0.0,2372.78595085911,0.0,-1.74500794346139e-13,0.0,15270.7862354011,2501.19612085911
2923,8.72676,0.0,0.0,0.0,2650.09741443299,0.0,5.79129587209213e-14,0.0,12235.1649130265,2658.82417443299
2924,0.0,0.0,0.0,0.0,2680.41237113402,0.0,-1.18020415891468e-13,0.0,9164.81855433923,2680.41237113402
2925,0.0,0.0,0.0,0.0,2762.88659793814,0.0,-6.057574602291611e-14,0.0,6000.0,2762.88659793814
2926,0.0,0.0,0.0,0.0,0.0,0.0,2448.0,0.0,6000.0,2448.0
2927,0.0,0.0,0.0,0.0,0.0,0.0,2460.0,0.0,6000.0,2460.0
2928,0.0,0.0,0.0,0.0,0.0,0.0,2406.0,0.0,12000.0,2406.0
2929,0.0,0.0,0.0,0.0,0.0,0.0,2478.0,0.0,12000.0,2478.0
2930,0.0,0.0,0.0,0.0,0.0,0.0,2448.0,0.0,12000.0,2448.0
2931,0.0,0.0,0.0,0.0,0.0,0.0,2460.0,0.0,12000.0,2460.0
2932,0.0,0.0,0.0,0.0,0.0,0.0,2370.0,0.0,12000.0,2370.0
2933,11.07876,0.0,0.0,0.0,1525.38980378007,0.0,1195.5883041,0.0,10252.7035466437,2732.05686788007
2934,112.67991,0.0,0.0,0.0,2713.28807250859,0.0,6.439167079099061e-14,0.0,7144.69888168538,2825.96798250859
2935,1704.7338,0.0,0.0,0.0,999.32212371134,0.0,-2.0962214855104602e-14,0.0,6000.0,2704.0559237113403
2936,2548.45360824742,1565.17339175258,0.0,0.0,-9.41147546838085e-14,0.0,-3.9537137332319194e-30,0.0,7290.4854615,2548.45360824742
2937,2517.52577319588,3738.54222680412,0.0,0.0,3.91263775445419e-15,0.0,-2.46041953736201e-32,0.0,10372.9135275,2517.52577319588
2938,2647.42268041237,7361.84931958763,0.0,0.0,-2.05692476758932e-13,0.0,1.08175089545092e-29,0.0,16442.7582915,2647.42268041237
2939,2610.30927835052,7790.63372164948,0.0,0.0,2.1510529475795998e-13,0.0,-9.563854531492008e-30,0.0,22866.135795,2610.30927835052
2940,2554.63917525773,859.204824742268,0.0,0.0,8.83897005558564e-14,0.0,-4.94218524223368e-30,0.0,23574.550173,2554.63917525773
2941,2369.07216494845,3107.20283505155,0.0,0.0,1.71279220867139e-13,0.0,-5.653224540794589e-30,0.0,26136.4389105,2369.07216494845
2942,1775.991,0.0,0.0,0.0,872.037491408935,0.0,3.56551010785625e-14,0.0,25137.5414403867,2648.028491408935
2943,2616.49484536082,111.762154639175,0.0,0.0,-1.07665084320669e-13,0.0,-1.78159519382318e-30,0.0,25229.6893368867,2616.49484536082
2944,2370.123,0.0,0.0,0.0,156.908006872852,0.0,4.08723367483939e-15,0.0,25049.9550793004,2527.031006872852
2945,940.6971,0.0,0.0,0.0,1765.77756357388,0.0,-9.84993818712108e-14,0.0,23027.3003673028,2706.47466357388
2946,549.9501,0.0,0.0,0.0,2062.48385223368,0.0,1.90110121160518e-13,0.0,20664.775908845,2612.43395223368
2947,48.9489,0.0,0.0,0.0,1310.94043371374,0.0,1256.0685683679,0.0,19163.1259275005,2615.95790208164
2948,0.0,0.0,0.0,0.0,0.0,0.0,2550.0,0.0,19163.1259275005,2550.0
2949,0.0,0.0,0.0,0.0,0.0,0.0,2496.0,0.0,19163.1259275005,2496.0
2950,0.0,0.0,0.0,0.0,0.0,0.0,2598.0,0.0,19163.1259275005,2598.0
2951,0.0,0.0,0.0,0.0,2989.69072164948,0.0,-1.01100122546339e-13,0.0,15738.5088351185,2989.69072164948
2952,0.0,0.0,0.0,0.0,2859.10652920962,0.0,1.38774514598356e-13,0.0,12463.4727191853,2859.10652920962
2953,0.0,0.0,0.0,0.0,2969.07216494845,0.0,8.303592864846451e-14,0.0,9062.47367571632,2969.07216494845
2954,0.0,0.0,0.0,0.0,0.0,0.0,2562.0,0.0,9062.47367571632,2562.0
2955,0.0,0.0,0.0,0.0,0.0,0.0,2532.0,0.0,9062.47367571632,2532.0
2956,0.0,0.0,0.0,0.0,2673.53951890034,0.0,-1.88973211267828e-13,0.0,6000.0,2673.53951890034
2957,704.1846,0.0,0.0,0.0,0.0,0.0,1518.940938,0.0,6000.0,2223.125538
2958,2239.17525773196,732.618742268041,0.0,0.0,-1.24390498937769e-13,0.0,-2.21520228194323e-30,0.0,6604.044153,2239.17525773196
2959,2245.36082474227,3418.06617525773,0.0,0.0,5.81139563018963e-14,0.0,-3.203673790945e-30,0.0,9422.2397145,2245.36082474227
2960,2127.83505154639,5666.33594845361,0.0,0.0,1.27453146976318e-13,0.0,-1.7425945500971797e-30,0.0,14094.133704,2127.83505154639
2961,2251.54639175258,4270.80160824742,0.0,0.0,2.40618411541561e-13,0.0,1.78454729483074e-29,0.0,17615.40963,2251.5463917525803
2962,2400.0,4492.368,0.0,0.0,7.32518284288763e-14,0.0,-4.07292951658934e-30,0.0,21319.367046,2400.0
2963,2567.01030927835,6021.17069072165,0.0,0.0,-5.18762232831074e-14,0.0,1.85160258643337e-30,0.0,26283.8222805,2567.01030927835
2964,2665.9793814433,1295.9646185567,0.0,0.0,-1.63453945358231e-13,0.0,-5.41479297407974e-30,0.0,27352.3451085,2665.9793814433
2965,2241.855,0.0,0.0,0.0,326.91941580756,0.0,-1.1697452933732e-14,0.0,26977.8669689724,2568.77441580756
2966,2505.15463917526,675.652360824742,0.0,0.0,1.44178561593418e-13,0.0,-1.3089874619771299e-30,0.0,27534.9423404724,2505.15463917526
2967,1477.6461,0.0,0.0,0.0,1265.38749484536,0.0,6.81861456094974e-14,0.0,26085.4721287366,2743.03359484536
2968,886.7376,0.0,0.0,0.0,1956.31675601375,0.0,-3.06309346669065e-14,0.0,23844.5594643452,2843.05435601375
2969,73.88472,0.0,0.0,0.0,2838.86806597938,0.0,-8.4542385419476e-14,0.0,20592.7060096151,2912.75278597938
2970,0.0,0.0,0.0,0.0,2790.37800687285,0.0,-1.7375900184136e-13,0.0,17396.3967233919,2790.37800687285
2971,0.0,0.0,0.0,0.0,0.0,0.0,2556.0,0.0,17396.3967233919,2556.0
2972,0.0,0.0,0.0,0.0,2934.70790378007,0.0,1.25266389090548e-13,0.0,14034.7610947778,2934.70790378007
2973,0.0,0.0,0.0,0.0,2824.74226804124,0.0,1.8100497504044e-13,0.0,10799.0883936997,2824.74226804124
2974,0.0,0.0,0.0,0.0,2920.96219931271,0.0,-1.66392016621715e-14,0.0,7453.19813102759,2920.96219931271
2975,0.0,0.0,0.0,0.0,1268.64196838708,0.0,1592.47556159808,0.0,6000.0,2861.11752998516
2976,0.0,0.0,0.0,0.0,0.0,0.0,2508.0,0.0,12000.0,2508.0
2977,0.0,0.0,0.0,0.0,0.0,0.0,2556.0,0.0,12000.0,2556.0
2978,0.0,0.0,0.0,0.0,0.0,0.0,2634.0,0.0,12000.0,2634.0
2979,0.0,0.0,0.0,0.0,0.0,0.0,2634.0,0.0,12000.0,2634.0
2980,0.0,0.0,0.0,0.0,0.0,0.0,2448.0,0.0,12000.0,2448.0
2981,13.401486,0.0,0.0,0.0,0.0,0.0,2579.00055858,0.0,12000.0,2592.40204458
2982,70.18578,0.0,0.0,0.0,2870.46940824742,0.0,4.60262395454113e-14,0.0,8711.94798597088,2940.65518824742
2983,147.96894,0.0,0.0,0.0,0.0,0.0,2592.4701282,0.0,8711.94798597088,2740.4390682000003
2984,347.9343,0.0,0.0,0.0,0.0,0.0,2332.503729,0.0,8711.94798597088,2680.438029
2985,503.538,0.0,0.0,0.0,0.0,0.0,1887.56814,0.0,8711.94798597088,2391.10614
2986,455.9247,0.0,0.0,0.0,0.0,0.0,2185.753041,0.0,8711.94798597088,2641.677741
2987,1848.2877,0.0,0.0,0.0,0.0,0.0,841.160931,0.0,8711.94798597088,2689.448631
2988,794.7639,0.0,0.0,0.0,0.0,0.0,1821.079017,0.0,8711.94798597088,2615.842917
2989,1956.8703,0.0,0.0,0.0,0.0,0.0,645.835809,0.0,8711.94798597088,2602.706109
2990,2591.75257731959,956.491422680413,0.0,0.0,0.0,0.0,1.50912684410887e-13,0.0,9500.57516397088,2591.75257731959
2991,1765.5393,0.0,0.0,0.0,0.0,0.0,765.426879,0.0,9500.57516397088,2530.966179
2992,2523.71134020619,2287.30465979382,0.0,0.0,0.0,0.0,1.62742122183866e-13,0.0,11386.4578559709,2523.71134020619
2993,2402.358,0.0,0.0,0.0,0.0,0.0,171.71274,0.0,11386.4578559709,2574.07074
2994,163.4997,0.0,0.0,0.0,0.0,0.0,2193.405291,0.0,11386.4578559709,2356.904991
2995,61.33386,0.0,0.0,0.0,0.0,0.0,2370.5061558,0.0,11386.4578559709,2431.8400158000004
2996,0.0,0.0,0.0,0.0,0.0,0.0,2460.0,0.0,11386.4578559709,2460.0
2997,0.0,0.0,0.0,0.0,0.0,0.0,2448.0,0.0,11386.4578559709,2448.0
2998,0.0,0.0,0.0,0.0,0.0,0.0,2490.0,0.0,11386.4578559709,2490.0
2999,0.0,0.0,0.0,0.0,0.0,0.0,2532.0,0.0,11386.4578559709,2532.0
3000,0.0,0.0,0.0,0.0,0.0,0.0,2442.0,0.0,11386.4578559709,2442.0
3001,0.0,0.0,0.0,0.0,0.0,0.0,2604.0,0.0,11386.4578559709,2604.0
3002,0.0,0.0,0.0,0.0,129.216110324435,0.0,2341.19433568677,0.0,11238.4439838925,2470.410446011205
3003,0.0,0.0,0.0,0.0,0.0,0.0,2400.0,0.0,11238.4439838925,2400.0
3004,0.0,0.0,0.0,0.0,2563.57388316151,0.0,-1.33234625317937e-13,0.0,8301.93323571206,2563.57388316151
3005,770.7525,0.0,0.0,0.0,2009.58771477663,0.0,3.9040038250662404e-14,0.0,6000.0,2780.34021477663
3006,2579.38144329897,421.11955670103,0.0,0.0,-1.92142147122071e-13,0.0,8.645390415100429e-30,0.0,6347.2130745,2579.38144329897
3007,2635.05154639175,3034.78045360825,0.0,0.0,-6.54265529199679e-14,0.0,4.0237211258421e-30,0.0,8849.3895585,2635.05154639175
3008,2542.26804123711,5250.01295876289,0.0,0.0,2.2865562439482e-13,0.0,1.0301645177353399e-29,0.0,13178.025243,2542.2680412371105
3009,2610.30927835052,5308.1210886608,0.0,1475.81463298868,2.1510529475795998e-13,0.0,-9.563854531492008e-30,0.0,17554.5710806008,2610.30927835052
3010,2622.68041237113,2161.20188659794,0.0,3810.55670103093,7.48393709189958e-14,0.0,-2.77006670282495e-30,0.0,19336.4820361008,2622.68041237113
3011,2641.23711340206,4248.29418556701,0.0,3810.55670103093,1.17077902319697e-13,0.0,3.0352496168403298e-30,0.0,22839.2005921008,2641.23711340206
3012,2573.19587628866,4360.18342268041,0.0,3810.55670103093,1.30628231956557e-13,0.0,8.631310774316031e-31,0.0,26434.1718241008,2573.19587628866
3013,2635.05154639175,0.0,0.0,3711.86245360825,-6.54265529199679e-14,0.0,4.0237211258421e-30,0.0,26434.1718241008,2635.05154639175
3014,2814.43298969072,2220.37830927835,0.0,3810.55670103093,1.74454305847378e-13,0.0,-3.0474989132658097e-30,0.0,28264.8737401008,2814.43298969072
3015,2696.90721649485,662.083082474227,0.0,3810.55670103093,2.437934965218e-13,0.0,-1.5864196724179897e-30,0.0,28810.7612416008,2696.9072164948507
3016,2684.53608247423,0.0,0.0,2289.75491752577,-1.2121541395753e-13,0.0,3.90523345585547e-31,0.0,28810.7612416008,2684.53608247423
3017,238.4802,0.0,0.0,0.0,2786.56839175258,0.0,-5.962418400473171e-14,0.0,25618.8157756758,3025.04859175258
3018,91.08582,0.0,0.0,0.0,2826.62858487973,0.0,-1.71420871124753e-13,0.0,22380.9823451148,2917.71440487973
3019,63.48279,0.0,0.0,0.0,2754.2058347079,0.0,1.7587745630491e-13,0.0,19226.1073912684,2817.6886247079
3020,0.0,0.0,0.0,0.0,2962.19931271478,0.0,1.20831332721046e-14,0.0,15832.9810307704,2962.19931271478
3021,0.0,0.0,0.0,0.0,2831.61512027491,0.0,-1.45036666907084e-13,0.0,12589.4356467212,2831.61512027491
3022,0.0,0.0,0.0,0.0,2886.59793814433,0.0,2.5591258779912202e-14,0.0,9282.90879890412,2886.59793814433
3023,0.0,0.0,0.0,0.0,2865.9793814433,0.0,-1.87267127349167e-13,0.0,6000.0,2865.9793814433
3024,0.0,0.0,0.0,0.0,0.0,0.0,2400.0,0.0,12000.0,2400.0
3025,0.0,0.0,0.0,0.0,0.0,0.0,2460.0,0.0,12000.0,2460.0
3026,0.0,0.0,0.0,0.0,0.0,0.0,2430.0,0.0,12000.0,2430.0
3027,0.0,0.0,0.0,0.0,281.134373883162,0.0,2244.5696916,0.0,11677.9674984156,2525.704065483162
3028,29.88342,0.0,0.0,0.0,2722.80994570447,0.0,2.93930390173082e-14,0.0,8559.05576221348,2752.69336570447
3029,612.0303,0.0,0.0,0.0,2234.05568041237,0.0,3.89840261057592e-14,0.0,6000.0,2846.0859804123697
3030,2678.35051546392,336.178484536083,0.0,0.0,2.01554965121099e-13,0.0,-7.39173599208328e-30,0.0,6277.1791605,2678.35051546392
3031,2777.31958762887,2913.61741237113,0.0,0.0,8.997724304597591e-14,0.0,-3.6393224284692894e-30,0.0,8679.456717,2777.31958762887
3032,2647.42268041237,5187.95031958763,0.0,0.0,-2.05692476758932e-13,0.0,1.08175089545092e-29,0.0,12956.9217555,2647.42268041237
3033,2542.26804123711,6885.51395876289,0.0,0.0,2.2865562439482e-13,0.0,1.0301645177353399e-29,0.0,18634.0280145,2542.2680412371105
3034,2628.86597938144,7792.25802061856,0.0,0.0,-2.47931008159633e-13,0.0,5.01219263484387e-30,0.0,25058.7447525,2628.8659793814395
3035,2517.52577319588,6869.03322680412,0.0,0.0,3.91263775445419e-15,0.0,-2.46041953736201e-32,0.0,30722.262648,2517.52577319588
3036,2536.0824742268,4337.11082474227,0.0,3810.55670103093,4.6151169155155304e-14,0.0,2.7130756222812103e-31,0.0,34298.210523,2536.0824742268
3037,2529.8969072165,6225.36009278351,0.0,0.0,-1.3635328608451e-13,0.0,-9.7590300528972e-30,0.0,39431.0199195,2529.8969072165
3038,2573.19587628866,3317.60162599378,4.54747350886464e-13,1324.27749771756,1.30628231956557e-13,0.0,8.631310774316031e-31,0.0,42166.3824601319,2573.19587628866
3039,2505.15463917526,2001.55036082474,0.0,0.0,1.44178561593418e-13,0.0,-1.3089874619771299e-30,0.0,43816.6607326319,2505.15463917526
3040,2256.492,0.0,0.0,0.0,235.05470790378,0.0,1.4691442869430601e-15,0.0,43547.4113535897,2491.5467079037803
3041,1179.7359,0.0,0.0,0.0,1383.34040893471,0.0,1.86008371530994e-14,0.0,41962.828983676,2563.07630893471
3042,638.3202,0.0,0.0,0.0,1984.91340893471,0.0,-6.92336616322558e-14,0.0,39689.1595576339,2623.23360893471
3043,122.78952,0.0,0.0,0.0,2543.97957113402,0.0,9.77422224422036e-14,0.0,36775.0936113178,2666.76909113402
3044,0.0,0.0,0.0,0.0,2776.6323024055,0.0,8.13298447298036e-14,0.0,33594.5296910366,2776.6323024055
3045,0.0,0.0,0.0,0.0,2756.01374570447,0.0,-1.31528541399276e-13,0.0,30437.5838196683,2756.01374570447
3046,0.0,0.0,0.0,0.0,2639.17525773196,0.0,-1.46742750825744e-13,0.0,27414.473558807,2639.17525773196
3047,0.0,0.0,0.0,0.0,2707.90378006873,0.0,1.65790765613971e-13,0.0,24312.6364682357,2707.90378006873
3048,0.0,0.0,0.0,0.0,2646.04810996564,0.0,-7.57899554493846e-14,0.0,21281.6535244033,2646.04810996564
3049,0.0,0.0,0.0,0.0,2687.2852233677,0.0,-4.70676205151085e-14,0.0,18203.434482745,2687.2852233677
3050,0.0,0.0,0.0,0.0,2707.90378006873,0.0,1.65790765613971e-13,0.0,15101.5973921738,2707.90378006873
3051,0.0,0.0,0.0,0.0,2666.66666666667,0.0,1.37068430679695e-13,0.0,12046.9963994284,2666.66666666667
3052,22.80201,0.0,0.0,0.0,2586.34828213058,0.0,1.13733641672785e-13,0.0,9084.39813811048,2609.15029213058
3053,44.62962,0.0,0.0,0.0,2692.67957457045,0.0,1.4393584914986e-13,0.0,6000.0,2737.30919457045
3054,2418.55670103093,-1.0159368506264901e-14,1.0159368506264901e-14,577.933298969072,1.15490359829577e-13,0.0,-9.28642232105115e-30,0.0,6000.0,2418.55670103093
3055,2461.85567010309,0.0,0.0,3104.42532989691,-1.22802956447649e-13,0.0,1.01064696559482e-29,0.0,6000.0,2461.85567010309
3056,2492.78350515464,1350.88679381443,0.0,3810.55670103093,-2.20830348885912e-13,-7.64294306540785e-14,6.679555560264071e-31,0.0,7113.8061615,2492.78350515464
3057,2486.59793814433,2952.48436082474,0.0,3810.55670103093,1.01940030192717e-13,-7.64294306540785e-14,3.90450534248468e-30,0.0,9548.129517,2486.59793814433
3058,2449.48453608247,4137.9827628866,0.0,3810.55670103093,1.74629673913147e-14,-7.64294306540785e-14,5.5797954624942105e-31,0.0,12959.896305,2449.48453608247
3059,2567.01030927835,4479.87398969072,0.0,3810.55670103093,-5.18762232831074e-14,-7.64294306540785e-14,1.85160258643337e-30,0.0,16653.5524095,2567.01030927835
3060,2591.75257731959,4445.24072164948,0.0,3810.55670103093,1.72866763357259e-13,-7.64294306540785e-14,6.66844739709689e-30,0.0,20318.6533845,2591.75257731959
3061,2672.16494845361,3707.82235051546,0.0,3810.55670103093,1.90505098814342e-14,-7.64294306540785e-14,-8.938599210179621e-31,0.0,23375.7529125,2672.16494845361
3062,2690.72164948454,2500.93864948453,0.0,3810.55670103093,6.128904128213531e-14,-7.64294306540785e-14,-5.9794816341622105e-31,0.0,25437.776829,2690.72164948454
3063,2721.64948453608,684.968814432989,0.0,3810.55670103093,-3.67383511561274e-14,0.0,9.82346860789029e-31,0.0,26002.5336165,2721.64948453608
3064,2628.86597938144,0.0,0.0,2356.47102061856,-2.47931008159633e-13,0.0,5.01219263484387e-30,0.0,26002.5336165,2628.8659793814395
3065,2530.353,0.0,0.0,0.0,33.8574914089347,0.0,1.24091832647605e-16,0.0,25963.7506939239,2564.2104914089346
3066,677.8443,0.0,0.0,0.0,2078.45478694158,0.0,-1.8821130469792e-13,0.0,23582.9319230859,2756.29908694158
3067,157.34229,0.0,0.0,0.0,2753.01028487973,0.0,-1.29714887213908e-13,0.0,20429.426442124,2910.35257487973
3068,0.0,0.0,0.0,0.0,3017.18213058419,0.0,1.8271105895909998e-13,0.0,16973.318617858,3017.18213058419
3069,0.0,0.0,0.0,0.0,3030.92783505155,0.0,-7.237778761206299e-14,0.0,13501.4654276501,3030.92783505155
3070,0.0,0.0,0.0,0.0,2989.69072164948,0.0,-1.01100122546339e-13,0.0,10076.8483352681,2989.69072164948
3071,0.0,0.0,0.0,0.0,2886.59793814433,672.490658544704,2.5591258779912202e-14,0.0,6000.0,2886.59793814433
3072,0.0,0.0,0.0,0.0,2578.20618556701,0.0,251.226,0.0,9046.72830977433,2829.43218556701
3073,0.0,0.0,0.0,0.0,2659.79381443299,0.0,6.61156353033352e-14,0.0,6000.0,2659.79381443299
3074,0.0,0.0,0.0,0.0,0.0,0.0,2346.0,0.0,6000.0,2346.0
3075,0.0,0.0,0.0,0.0,0.0,0.0,2322.0,0.0,6000.0,2322.0
3076,97.15839,0.0,0.0,0.0,0.0,0.0,2101.7563617,0.0,6000.0,2198.9147517
3077,852.4635,0.0,0.0,0.0,0.0,0.0,1345.110405,0.0,6000.0,2197.573905
3078,2350.51546391753,751.247536082474,0.0,0.0,1.29040689466438e-13,0.0,1.05790773877943e-29,0.0,6619.4035935,2350.51546391753
3079,2480.41237113402,3184.90462886598,0.0,0.0,-8.0564425046948e-14,0.0,4.8929768514864396e-30,0.0,9245.35746,2480.41237113402
3080,2461.85567010309,5169.67032989691,0.0,0.0,-1.22802956447649e-13,0.0,1.01064696559482e-29,0.0,13507.750647,2461.85567010309
3081,2437.11340206186,5241.17959793814,0.0,0.0,1.57728891230278e-13,0.0,-3.4811060013858595e-30,0.0,17829.1032255,2437.11340206186
3082,2585.56701030928,5588.03198969072,0.0,0.0,-9.637691882406331e-15,0.0,-6.07187936996662e-31,0.0,22436.435601,2585.56701030928
3083,2505.15463917526,7840.01236082474,0.0,0.0,1.44178561593418e-13,0.0,-1.3089874619771299e-30,0.0,28900.5257925,2505.15463917526
3084,2622.68041237113,7716.77458762887,0.0,0.0,7.48393709189958e-14,0.0,-2.77006670282495e-30,0.0,35263.00644,2622.68041237113
3085,2560.82474226804,3981.03225773196,0.0,0.0,-2.34380678522772e-13,0.0,-1.9197544152819e-29,0.0,38545.3675365,2560.82474226804
3086,2517.52577319588,3191.57622680412,0.0,0.0,3.91263775445419e-15,0.0,-2.46041953736201e-32,0.0,41176.8221355,2517.52577319588
3087,2659.79381443299,727.98918556701,0.0,0.0,1.59316433720398e-13,0.0,8.840565936505619e-30,0.0,41777.049219,2659.79381443299
3088,2659.79381443299,2353.17918556701,0.0,0.0,1.59316433720398e-13,0.0,8.840565936505619e-30,0.0,43717.2454575,2659.79381443299
3089,1903.8222,0.0,0.0,0.0,764.367085910653,0.0,2.3299348381141702e-14,0.0,42841.6817852083,2668.189285910653
3090,600.4656,0.0,0.0,0.0,1937.62699656357,0.0,4.8007157354425804e-14,0.0,40622.1777799808,2538.0925965635697
3091,90.13368,0.0,0.0,0.0,0.0,0.0,2384.5703304,0.0,40622.1777799808,2474.7040104
3092,0.0,0.0,0.0,0.0,1151.60814896795,0.0,1640.64608595098,0.0,39303.0390068217,2792.25423491893
3093,0.0,0.0,0.0,0.0,3168.38487972509,0.0,1.55694807943485e-13,0.0,35673.7321571939,3168.38487972509
3094,0.0,0.0,0.0,0.0,3182.13058419244,0.0,-9.939403862767831e-14,0.0,32028.6799416241,3182.13058419244
3095,0.0,0.0,0.0,0.0,3168.38487972509,0.0,1.55694807943485e-13,0.0,28399.3730919962,3168.38487972509
3096,0.0,0.0,0.0,0.0,3030.92783505155,0.0,-7.237778761206299e-14,0.0,24927.5199017883,3030.92783505155
3097,0.0,0.0,0.0,0.0,3037.80068728522,0.0,-1.4249922357030702e-15,0.0,21447.7940286093,3037.80068728522
3098,0.0,0.0,0.0,0.0,2934.70790378007,0.0,1.25266389090548e-13,0.0,18086.1583999953,2934.70790378007
3099,0.0,0.0,0.0,0.0,3017.18213058419,0.0,1.8271105895909998e-13,0.0,14630.0505757293,3017.18213058419
3100,10.718841,0.0,0.0,0.0,2854.06955810997,0.0,2.5533476769563602e-14,0.0,11360.7841861417,2864.7883991099698
3101,884.0979,0.0,0.0,0.0,2007.35972164948,0.0,1.51618446182935e-14,0.0,9061.40306168641,2891.45762164948
3102,334.8618,0.0,0.0,0.0,2672.60487285223,0.0,-1.9261285033982e-13,0.0,6000.0,3007.46667285223
3103,2777.31958762887,953.372412371134,0.0,0.0,8.997724304597591e-14,0.0,-3.6393224284692894e-30,0.0,6786.055554,2777.31958762887
3104,2845.36082474227,1886.04417525773,0.0,0.0,7.642691340911531e-14,0.0,-1.4672038890605599e-30,0.0,8341.0989765,2845.36082474227
3105,2764.94845360825,3470.66554639175,0.0,0.0,2.3024316688494e-13,0.0,-2.1451919381263398e-29,0.0,11202.6627195,2764.9484536082505
3106,2857.73195876289,1465.83204123711,0.0,0.0,-6.38390104298484e-14,0.0,5.3265839396064894e-30,0.0,12411.2412375,2857.73195876289
3107,2734.0206185567,429.818381443299,0.0,0.0,-1.7700427499509099e-13,0.0,-3.2426744346710094e-30,0.0,12765.626493,2734.0206185567
3108,2703.09278350515,4205.06721649484,0.0,0.0,-7.89768825568285e-14,0.0,-4.822969458876259e-30,0.0,16232.704413,2703.09278350515
3109,1009.7262,0.0,0.0,0.0,1826.53560824742,0.0,-8.77048911571744e-14,0.0,14140.452857161,2836.26180824742
3110,2857.73195876289,4733.99904123711,0.0,0.0,-6.38390104298484e-14,0.0,5.3265839396064894e-30,0.0,18043.635066661,2857.73195876289
3111,2715.46391752577,4295.49108247423,0.0,0.0,-2.19242806395792e-13,0.0,-9.0479907543363e-30,0.0,21585.267464161,2715.46391752577
3112,2511.34020618557,281.659793814433,0.0,0.0,-1.78591817485211e-13,0.0,6.473271875691689e-30,0.0,21817.495964161,2511.34020618557
3113,278.8716,0.0,0.0,0.0,2556.12204810997,0.0,-3.13844558375288e-14,0.0,18889.5211095104,2834.99364810997
3114,0.0,0.0,0.0,0.0,2989.69072164948,0.0,-1.01100122546339e-13,0.0,15464.9040171284,2989.69072164948
3115,0.0,0.0,0.0,0.0,2565.26670523492,0.0,286.522166329919,0.0,12526.4541829533,2851.788871564839
3116,0.0,0.0,0.0,0.0,2845.36082474227,0.0,-3.1310761543638905e-15,0.0,9267.16343296214,2845.36082474227
3117,0.0,0.0,0.0,0.0,2852.23367697594,0.0,6.782171922199599e-14,0.0,6000.0,2852.23367697594
3118,0.0,0.0,0.0,0.0,0.0,0.0,2640.0,0.0,6000.0,2640.0
3119,0.0,0.0,0.0,0.0,0.0,0.0,2604.0,0.0,6000.0,2604.0
3120,0.0,0.0,0.0,0.0,0.0,0.0,2418.0,0.0,12000.0,2418.0
3121,0.0,0.0,0.0,0.0,0.0,0.0,2598.0,0.0,12000.0,2598.0
3122,0.0,0.0,0.0,0.0,0.0,0.0,2484.0,0.0,12000.0,2484.0
3123,0.0,0.0,0.0,0.0,0.0,0.0,2544.0,0.0,12000.0,2544.0
3124,55.77327,0.0,0.0,0.0,0.0,0.0,2267.8999281,0.0,12000.0,2323.6731981000003
3125,3.965262,0.0,0.0,0.0,0.0,0.0,2312.15369586,0.0,12000.0,2316.11895786
3126,196.12068,0.0,0.0,0.0,0.0,0.0,2161.7629404,0.0,12000.0,2357.8836204
3127,171.72645,0.0,0.0,0.0,2496.47805670103,0.0,-1.48360474027418e-13,0.0,9140.34586861279,2668.20450670103
3128,2020.5843,0.0,0.0,0.0,366.590182130584,0.0,1.0200889345900401e-14,0.0,8720.42584326275,2387.174482130584
3129,2400.0,2745.84,0.0,0.0,7.32518284288763e-14,0.0,-4.07292951658934e-30,0.0,10984.3709232628,2400.0
3130,2468.0412371134,3139.0007628866,0.0,0.0,5.97014987920158e-14,0.0,-1.90081097718061e-30,0.0,13572.4770522628,2468.0412371134
3131,2406.18556701031,5569.04743298969,0.0,0.0,-2.49518550649752e-13,0.0,-7.309479303047609e-30,0.0,18164.1566607628,2406.1855670103096
3132,2369.07216494845,4022.86583505155,0.0,0.0,1.71279220867139e-13,0.0,-5.653224540794589e-30,0.0,21481.0095417628,2369.07216494845
3133,1897.5852,0.0,0.0,0.0,736.932824742268,0.0,2.9276017742927e-14,0.0,20636.8711399961,2634.518024742268
3134,2802.0618556701,1862.5631443299,0.0,0.0,-1.90554604631952e-13,0.0,-1.0705558952622799e-30,0.0,22172.5544524961,2802.0618556701
3135,2758.76288659794,2125.60611340206,0.0,0.0,4.77387116452748e-14,0.0,1.5741703759925098e-30,0.0,23925.1166929961,2758.76288659794
3136,2777.31958762887,785.015412371134,0.0,0.0,8.997724304597591e-14,0.0,-3.6393224284692894e-30,0.0,24572.3619004961,2777.31958762887
3137,2185.974,0.0,0.0,0.0,0.0,0.0,375.60522,0.0,24572.3619004961,2561.57922
3138,599.3211,0.0,0.0,0.0,0.0,0.0,2046.658533,0.0,24572.3619004961,2645.979633
3139,105.11445,0.0,0.0,0.0,0.0,0.0,2448.0389835,0.0,24572.3619004961,2553.1534335
3140,0.0,0.0,0.0,0.0,0.0,0.0,2574.0,0.0,24572.3619004961,2574.0
3141,0.0,0.0,0.0,0.0,0.0,0.0,2418.0,0.0,24572.3619004961,2418.0
3142,0.0,0.0,0.0,0.0,2969.07216494845,0.0,8.303592864846451e-14,0.0,21171.3628570271,2969.07216494845
3143,0.0,0.0,0.0,0.0,2900.34364261168,0.0,1.67496849532632e-13,0.0,17849.090643268,2900.34364261168
3144,0.0,0.0,0.0,0.0,2934.70790378007,0.0,1.25266389090548e-13,0.0,14487.455014654,2934.70790378007
3145,0.0,0.0,0.0,0.0,3010.30927835052,0.0,1.11758263582741e-13,0.0,11039.219873359,3010.30927835052
3146,0.0,0.0,0.0,0.0,2893.47079037801,0.0,9.654405415627211e-14,0.0,7724.82034257089,2893.47079037801
3147,0.0,0.0,0.0,0.0,1505.76815906439,0.0,1229.46439713679,0.0,6000.0,2735.23255620118
3148,98.08953,0.0,0.0,0.0,0.0,0.0,2310.8531559,0.0,6000.0,2408.9426859
3149,947.9106,0.0,0.0,0.0,0.0,0.0,1612.526718,0.0,6000.0,2560.437318
3150,2635.05154639175,796.768453608247,0.0,0.0,-6.54265529199679e-14,0.0,4.0237211258421e-30,0.0,6656.93559,2635.05154639175
3151,2758.76288659794,3431.34411340206,0.0,0.0,4.77387116452748e-14,0.0,1.5741703759925098e-30,0.0,9486.0788115,2758.76288659794
3152,2696.90721649485,5618.73578350516,0.0,0.0,2.437934965218e-13,0.0,-1.5864196724179897e-30,0.0,14118.726465,2696.9072164948507
3153,2628.86597938144,665.864319587628,0.0,3810.55670103093,-2.47931008159633e-13,0.0,5.01219263484387e-30,0.0,14667.7315965,2628.8659793814395
3154,2820.61855670103,7232.38132401831,-9.09494701772928e-13,872.922119280654,-1.48316073231251e-13,0.0,4.73476042440301e-30,0.0,20630.8299981531,2820.61855670103
3155,2727.83505154639,1133.03594845361,0.0,0.0,1.45766104083537e-13,0.0,1.10126844759144e-29,0.0,21565.0181376531,2727.83505154639
3156,2703.09278350515,4551.21021649484,0.0,0.0,-7.89768825568285e-14,0.0,-4.822969458876259e-30,0.0,25317.4909611531,2703.09278350515
3157,2665.9793814433,485.532618556701,0.0,0.0,-1.63453945358231e-13,0.0,-5.41479297407974e-30,0.0,25717.8126051531,2665.9793814433
3158,2709.27835051546,2817.10264948454,0.0,0.0,1.03527572682836e-13,0.0,5.2073681562490696e-30,0.0,28040.5137396531,2709.27835051546
3159,2635.05154639175,597.436453608247,0.0,0.0,-6.54265529199679e-14,0.0,4.0237211258421e-30,0.0,28533.1000956531,2635.05154639175
3160,1833.8712,0.0,0.0,0.0,759.616192439862,0.0,2.56783326911856e-14,0.0,27662.9784548285,2593.487392439862
3161,169.87572,0.0,0.0,0.0,2704.71999037801,0.0,-1.7118267693949099e-13,0.0,24564.7883169385,2874.59571037801
3162,145.59951,0.0,0.0,0.0,2697.32929587629,0.0,-7.7063103816719e-14,0.0,21475.0640375842,2842.92880587629
3163,39.18033,0.0,0.0,0.0,2788.08142027491,0.0,4.8153625833924205e-14,0.0,18281.3854347492,2827.2617502749104
3164,0.0,0.0,0.0,0.0,2900.34364261168,0.0,1.67496849532632e-13,0.0,14959.1132209901,2900.34364261168
3165,0.0,0.0,0.0,0.0,2625.4295532646,0.0,1.08346095745419e-13,0.0,11951.7483260708,2625.4295532646
3166,0.0,0.0,0.0,0.0,2549.82817869416,0.0,1.21854221253227e-13,0.0,9030.98294383234,2549.82817869416
3167,0.0,0.0,0.0,0.0,2646.04810996564,0.0,-7.57899554493846e-14,0.0,6000.0,2646.04810996564
3168,0.0,0.0,0.0,0.0,0.0,0.0,2268.0,0.0,12000.0,2268.0
3169,0.0,0.0,0.0,0.0,0.0,0.0,2442.0,0.0,12000.0,2442.0
3170,0.0,0.0,0.0,0.0,0.0,0.0,2538.0,0.0,12000.0,2538.0
3171,0.0,0.0,0.0,0.0,2600.63720652921,0.0,369.6437187,0.0,9021.03412768705,2970.28092522921
3172,100.60029,0.0,0.0,0.0,2637.36279347079,0.0,-1.84035253181721e-13,0.0,6000.0,2737.96308347079
3173,984.9546,0.0,0.0,0.0,0.0,0.0,1600.594038,0.0,6000.0,2585.548638
3174,2653.60824742268,850.556752577319,0.0,0.0,-2.3188021519266902e-14,0.0,-1.1897716786196999e-30,0.0,6701.2840425,2653.60824742268
3175,2498.96907216495,1328.00792783505,0.0,0.0,-3.83258936462469e-14,0.0,-3.20515952975361e-31,0.0,7796.226579,2498.96907216495
3176,2468.0412371134,1785.0467628866,0.0,0.0,5.97014987920158e-14,0.0,-1.90081097718061e-30,0.0,9267.997635,2468.0412371134
3177,2474.22680412371,1016.87619587629,0.0,0.0,2.42205954031681e-13,0.0,-1.39080916103095e-29,0.0,10106.4120585,2474.2268041237103
3178,2498.96907216495,1522.95092783505,0.0,0.0,-3.83258936462469e-14,0.0,-3.20515952975361e-31,0.0,11362.0850985,2498.96907216495
3179,2474.22680412371,5365.89219587629,0.0,0.0,2.42205954031681e-13,0.0,-1.39080916103095e-29,0.0,15786.263214,2474.2268041237103
3180,2412.37113402062,4660.07186597938,0.0,0.0,-6.70140954100875e-14,0.0,2.72085831207771e-30,0.0,19628.4924675,2412.37113402062
3181,2517.52577319588,4552.67022680412,0.0,0.0,3.91263775445419e-15,0.0,-2.46041953736201e-32,0.0,23382.1690695,2517.52577319588
3182,2455.67010309278,2479.70789690722,0.0,0.0,1.9996742263098e-13,0.0,2.32421031827943e-30,0.0,25426.6882305,2455.67010309278
3183,2313.40206185567,2877.16793814433,0.0,0.0,4.4563626665035705e-14,0.0,-1.0315552515362699e-30,0.0,27798.9131955,2313.40206185567
3184,2313.40206185567,3229.94693814433,0.0,0.0,4.4563626665035705e-14,0.0,-1.0315552515362699e-30,0.0,30462.004446,2313.40206185567
3185,2125.578,0.0,0.0,0.0,153.71058419244,0.0,6.38371237505531e-15,0.0,30285.9327573489,2279.28858419244
3186,188.25933,0.0,0.0,0.0,2299.41403195876,0.0,-1.91456781038897e-13,0.0,27652.0106130662,2487.67336195876
3187,135.59679,0.0,0.0,0.0,664.461914347688,0.0,1334.39586247447,0.0,26890.8858543632,2134.454566822158
3188,0.0,0.0,0.0,0.0,0.0,0.0,2184.0,0.0,26890.8858543632,2184.0
3189,0.0,0.0,0.0,0.0,0.0,0.0,2118.0,0.0,26890.8858543632,2118.0
3190,0.0,0.0,0.0,0.0,2261.16838487973,0.0,-7.92021232867062e-14,0.0,24300.7731569065,2261.16838487973
3191,0.0,0.0,0.0,0.0,2281.78694158076,0.0,1.33656262842373e-13,0.0,21687.0424105368,2281.78694158076
3192,0.0,0.0,0.0,0.0,2302.40549828179,0.0,1.19140973528221e-13,0.0,19049.6936152541,2302.40549828179
3193,0.0,0.0,0.0,0.0,2371.13402061856,0.0,-1.3494070923659799e-13,0.0,16333.6179902615,2371.13402061856
3194,0.0,0.0,0.0,0.0,2274.91408934708,0.0,6.27034674660135e-14,0.0,13727.7599268628,2274.91408934708
3195,0.0,0.0,0.0,0.0,2295.53264604811,0.0,-1.2143258372878998e-13,0.0,11098.2838145511,2295.53264604811
3196,123.20889,0.0,0.0,0.0,2234.23525395189,0.0,1.94053191744729e-13,0.0,8539.02235527056,2357.44414395189
3197,126.73962,0.0,0.0,0.0,2216.5665161512,0.0,-5.47249951734031e-14,0.0,6000.0,2343.3061361512
3198,1985.56701030928,1395.55898969072,0.0,0.0,-2.79506489896254e-14,0.0,4.11044442150674e-31,0.0,7150.638387,1985.56701030928
3199,2028.86597938144,4026.16902061856,0.0,0.0,-1.3606548107705101e-14,0.0,2.6770845014002404e-31,0.0,10470.2147445,2028.86597938144
3200,1886.59793814433,5032.39806185567,0.0,0.0,8.36270730854978e-14,0.0,2.16803544060024e-30,0.0,14619.4269465,1886.59793814433
3201,1886.59793814433,958.18806185567,0.0,0.0,8.36270730854978e-14,0.0,2.16803544060024e-30,0.0,15409.4530035,1886.59793814433
3202,1967.01030927835,389.334989690721,0.0,3810.55670103093,-7.01891803903265e-14,0.0,1.15132684548933e-31,0.0,15730.4597025,1967.01030927835
3203,2010.30927835052,726.682020618556,0.0,3810.55670103093,-5.5845079508406205e-14,0.0,-1.4055544479776e-30,0.0,16329.6090285,2010.30927835052
3204,1929.89690721649,2468.44639175258,0.0,3810.55670103093,9.79711739674181e-14,0.0,-4.8620562539898396e-30,0.0,18364.8430785,1929.89690721649
3205,2053.60824742268,0.0,0.0,2009.63975257732,-4.1500978626485904e-14,0.0,2.5831629815594097e-30,0.0,18364.8430785,2053.60824742268
3206,1905.15463917526,3701.84365979381,0.0,3810.55670103093,1.25865604486199e-13,0.0,7.973351760265529e-30,0.0,21417.013176,1905.15463917526
3207,1997.9381443299,98.0342621607702,-2.55795384873636e-13,1925.35959350933,8.44208443305576e-14,0.0,-2.68993771458111e-30,0.0,21497.8424251516,1997.9381443299
3208,2059.79381443299,913.47018556701,0.0,0.0,1.41003476613179e-13,0.0,-3.9147130895059094e-30,0.0,22250.9985931516,2059.79381443299
3209,1997.772,0.0,0.0,0.0,247.607285223368,0.0,-2.0328498258532903e-15,0.0,21967.3705459312,2245.379285223368
3210,588.6027,0.0,0.0,0.0,1792.732395189,0.0,-8.662806934866831e-14,0.0,19913.8397381546,2381.335095189
3211,28.72086,0.0,0.0,0.0,2311.73054501718,0.0,-1.13673105515102e-13,0.0,17265.8093314911,2340.45140501718
3212,0.0,0.0,0.0,0.0,2529.20962199313,0.0,-9.10041648758531e-14,0.0,14368.6619981657,2529.20962199313
3213,0.0,0.0,0.0,0.0,2467.35395189003,0.0,6.44095513846744e-14,0.0,11542.3688115791,2467.35395189003
3214,0.0,0.0,0.0,0.0,2426.11683848797,0.0,3.56872164503982e-14,0.0,8763.31172281858,2426.11683848797
3215,0.0,0.0,0.0,0.0,2412.37113402062,0.0,-1.06218374302322e-13,0.0,6000.0,2412.37113402062
3216,0.0,0.0,0.0,0.0,0.0,0.0,2142.0,0.0,12000.0,2142.0
3217,0.0,0.0,0.0,0.0,0.0,0.0,2124.0,0.0,12000.0,2124.0
3218,0.0,0.0,0.0,0.0,0.0,0.0,2160.0,0.0,12000.0,2160.0
3219,0.0,0.0,0.0,0.0,0.0,0.0,2094.0,0.0,12000.0,2094.0
3220,60.67026,0.0,0.0,0.0,0.0,0.0,2053.1498478,0.0,12000.0,2113.8201078
3221,34.70187,0.0,0.0,0.0,0.0,0.0,2156.3391861,0.0,12000.0,2191.0410561
3222,1889.6073,0.0,0.0,0.0,0.0,0.0,465.080919,0.0,12000.0,2354.688219
3223,1014.573,0.0,0.0,0.0,1010.15371134021,0.0,-3.4352010812096205e-15,0.0,10842.8938014431,2024.72671134021
3224,691.4754,0.0,0.0,0.0,1417.26101030928,0.0,6.55000693866535e-14,0.0,9219.45621804183,2108.73641030928
3225,617.0493,0.0,0.0,0.0,0.0,0.0,1315.462179,0.0,9219.45621804183,1932.511479
3226,2090.72164948454,2030.17135051546,0.0,0.0,0.0,0.0,3.75181214847019e-14,0.0,10893.3324965418,2090.72164948454
3227,2146.39175257732,628.086247422681,0.0,0.0,0.0,0.0,1.48140835223138e-13,0.0,11411.1896075418,2146.39175257732
3228,2288.65979381443,1623.03120618557,0.0,0.0,-1.8017935997533e-13,0.0,-5.8484000621997896e-30,0.0,12749.3788370418,2288.65979381443
3229,2369.07216494845,1553.43383505155,0.0,0.0,1.71279220867139e-13,0.0,-5.653224540794589e-30,0.0,14030.1850340418,2369.07216494845
3230,2362.88659793814,2370.47140206185,0.0,0.0,-1.12252343725259e-14,0.0,-5.32699610245165e-31,0.0,15984.6387050418,2362.88659793814
3231,2350.51546391753,3024.60253608247,0.0,0.0,1.29040689466438e-13,0.0,1.05790773877943e-29,0.0,18478.4234960418,2350.51546391753
3232,1189.8558,0.0,0.0,0.0,1241.51188316151,0.0,-1.71213942878241e-14,0.0,17056.302209488,2431.3676831615103
3233,2086.3269,0.0,0.0,0.0,238.560030927835,0.0,-1.28153482327805e-15,0.0,16783.0375692499,2324.8869309278352
3234,608.9685,0.0,0.0,0.0,1941.92503436426,0.0,6.21119600807494e-14,0.0,14558.6102675726,2550.89353436426
3235,69.22314,0.0,0.0,0.0,0.0,0.0,2158.8535542,0.0,14558.6102675726,2228.0766942
3236,0.0,0.0,0.0,0.0,0.0,0.0,2256.0,0.0,14558.6102675726,2256.0
3237,0.0,0.0,0.0,0.0,0.0,0.0,2274.0,0.0,14558.6102675726,2274.0
3238,0.0,0.0,0.0,0.0,0.0,0.0,2178.0,0.0,14558.6102675726,2178.0
3239,0.0,0.0,0.0,0.0,0.0,0.0,1986.0,0.0,14558.6102675726,1986.0
3240,0.0,0.0,0.0,0.0,0.0,0.0,2202.0,0.0,14558.6102675726,2202.0
3241,0.0,0.0,0.0,0.0,0.0,0.0,2202.0,0.0,14558.6102675726,2202.0
3242,0.0,0.0,0.0,0.0,411.35784812699,0.0,1830.88459858514,0.0,14087.4099833493,2242.24244671213
3243,0.0,0.0,0.0,0.0,2474.22680412371,0.0,1.35362346761034e-13,0.0,11253.2441137918,2474.22680412371
3244,196.23744,0.0,0.0,0.0,2235.56664742268,0.0,-3.65013501248109e-14,0.0,8692.45757607964,2431.80408742268
3245,0.0,0.0,0.0,0.0,2350.51546391753,0.0,4.9195341958205904e-14,0.0,6000.0,2350.51546391753
3246,2103.09278350515,9.339216494845,0.0,0.0,-9.72898396640475e-14,0.0,4.4593697633664e-30,0.0,6007.700184,2103.09278350515
3247,2171.13402061856,1219.14797938144,0.0,0.0,-1.10840169300908e-13,0.0,-4.3873208213519595e-30,0.0,7012.887693,2171.13402061856
3248,2381.44329896907,0.0,0.0,2762.75870103093,3.10132970281752e-14,0.0,1.14056328787246e-30,0.0,7012.887693,2381.44329896907
3249,2381.44329896907,0.0,0.0,1055.20670103093,3.10132970281752e-14,0.0,1.14056328787246e-30,0.0,7012.887693,2381.44329896907
3250,2282.47422680412,0.0,0.0,2442.00077319588,1.42591019103298e-13,0.0,8.40695884838557e-30,0.0,7012.887693,2282.47422680412
3251,2307.21649484536,1888.77276837665,-2.27373675443232e-13,1125.80973677799,-1.37940828574629e-13,0.0,-4.30837425345009e-32,0.0,8570.18084052655,2307.21649484536
3252,2381.44329896907,5534.50670103093,0.0,0.0,3.10132970281752e-14,0.0,1.14056328787246e-30,0.0,13133.3816155266,2381.44329896907
3253,2443.29896907217,4461.24903092783,0.0,0.0,-1.6504148784835e-13,0.0,4.30115333628296e-30,0.0,16811.6814415265,2443.29896907217
3254,2369.07216494845,4401.20183505155,0.0,0.0,1.71279220867139e-13,0.0,-5.653224540794589e-30,0.0,20440.4723545266,2369.07216494845
3255,2338.14432989691,2064.82067010309,0.0,0.0,-2.35968221012892e-13,0.0,1.25560204057978e-29,0.0,22142.9169970266,2338.1443298969098
3256,2369.07216494845,1381.54883505155,0.0,0.0,1.71279220867139e-13,0.0,-5.653224540794589e-30,0.0,23282.0040115266,2369.07216494845
3257,2288.65979381443,570.700206185566,0.0,0.0,-1.8017935997533e-13,0.0,-5.8484000621997896e-30,0.0,23752.5463315266,2288.65979381443
3258,231.8904,0.0,0.0,0.0,2216.57080412371,0.0,1.57608518309681e-14,0.0,21213.5190644891,2448.4612041237096
3259,28.18137,0.0,0.0,0.0,2635.35403333333,0.0,-1.55844485701569e-13,0.0,18194.7859220683,2663.5354033333297
3260,0.0,0.0,0.0,0.0,2680.41237113402,0.0,-1.18020415891468e-13,0.0,15124.439563381,2680.41237113402
3261,0.0,0.0,0.0,0.0,2639.17525773196,0.0,-1.46742750825744e-13,0.0,12101.3293025197,2639.17525773196
3262,0.0,0.0,0.0,0.0,2646.04810996564,0.0,-7.57899554493846e-14,0.0,9070.34635868731,2646.04810996564
3263,0.0,0.0,0.0,0.0,2680.41237113402,0.0,-1.18020415891468e-13,0.0,6000.0,2680.41237113402
3264,0.0,0.0,0.0,0.0,0.0,0.0,2280.0,0.0,12000.0,2280.0
3265,0.0,0.0,0.0,0.0,2066.37061512027,0.0,512.058453,0.0,9633.02335037769,2578.42906812027
3266,0.0,0.0,0.0,0.0,0.0,0.0,2334.0,0.0,9633.02335037769,2334.0
3267,0.0,0.0,0.0,0.0,0.0,0.0,2394.0,0.0,9633.02335037769,2394.0
3268,146.05395,0.0,0.0,0.0,0.0,0.0,2174.3276685,0.0,9633.02335037769,2320.3816185
3269,384.7767,0.0,0.0,0.0,2328.4840790378,0.0,2.00523759002596e-14,0.0,6965.80218309499,2713.2607790378
3270,1844.6484,0.0,0.0,0.0,685.785855670103,0.0,-1.5493764749994e-14,0.0,6180.25137476726,2530.434255670103
3271,2351.16,0.0,0.0,0.0,157.359450171822,0.0,4.514361240687181e-15,0.0,6000.0,2508.519450171822
3272,2418.55670103093,1068.93429896907,0.0,0.0,1.15490359829577e-13,0.0,-9.28642232105115e-30,0.0,6881.3363295,2418.55670103093
3273,2406.18556701031,2448.36343298969,0.0,0.0,-2.49518550649752e-13,0.0,-7.309479303047609e-30,0.0,8900.01198,2406.1855670103096
3274,2418.55670103093,643.747298969072,0.0,0.0,1.15490359829577e-13,0.0,-9.28642232105115e-30,0.0,9430.781628,2418.55670103093
3275,2235.618,0.0,0.0,0.0,230.756632302406,0.0,6.94123216331387e-16,0.0,9166.45558870744,2466.374632302406
3276,555.6705,0.0,0.0,0.0,1760.59520618557,0.0,8.20261107147246e-14,0.0,7149.73713946853,2316.26570618557
3277,2177.31958762887,2929.79641237113,0.0,0.0,7.166428593875681e-14,0.0,-5.37579233035373e-30,0.0,9565.35428146853,2177.31958762887
3278,2319.58762886598,172.188371134021,0.0,0.0,2.27068081904701e-13,0.0,-2.02002676053804e-30,0.0,9707.32359346853,2319.58762886598
3279,2288.65979381443,1660.78920618557,0.0,0.0,-1.8017935997533e-13,0.0,-5.8484000621997896e-30,0.0,11076.6442939685,2288.65979381443
3280,2087.9502,0.0,0.0,0.0,216.137807560138,0.0,4.10718180809535e-15,0.0,10829.0637583899,2304.088007560138
3281,1135.4889,0.0,0.0,0.0,1405.01233333333,0.0,3.41007441543676e-14,0.0,9219.65673280762,2540.5012333333298
3282,186.26244,0.0,0.0,0.0,2301.63279862543,0.0,1.09135159218399e-13,0.0,6583.19304595146,2487.89523862543
3283,51.2967,0.0,0.0,0.0,0.0,0.0,2134.242201,0.0,6583.19304595146,2185.538901
3284,0.0,0.0,0.0,0.0,0.0,0.0,2232.0,0.0,6583.19304595146,2232.0
3285,0.0,0.0,0.0,0.0,0.0,0.0,2226.0,0.0,6583.19304595146,2226.0
3286,0.0,0.0,0.0,0.0,0.0,0.0,2298.0,0.0,6583.19304595146,2298.0
3287,0.0,0.0,0.0,0.0,0.0,0.0,2310.0,0.0,6583.19304595146,2310.0
3288,0.0,0.0,0.0,0.0,0.0,0.0,2292.0,0.0,6583.19304595146,2292.0
3289,0.0,0.0,0.0,0.0,0.0,0.0,2280.0,0.0,6583.19304595146,2280.0
3290,0.0,0.0,0.0,0.0,0.0,0.0,2244.0,0.0,6583.19304595146,2244.0
3291,0.0,0.0,0.0,0.0,0.0,0.0,2286.0,0.0,6583.19304595146,2286.0
3292,212.5662,0.0,0.0,0.0,0.0,0.0,2019.810786,0.0,6583.19304595146,2232.376986
3293,1109.136,0.0,0.0,0.0,509.127529115627,0.0,861.669747082058,0.0,6000.0,2479.933276197685
3294,2437.11340206186,-6.88412332494514e-14,6.88412332494514e-14,1105.83859793814,1.57728891230278e-13,0.0,-3.4811060013858595e-30,0.0,6000.0,2437.11340206186
3295,2424.74226804124,0.0,0.0,3756.31373195876,-2.07280019249051e-13,0.0,-1.5041629833823198e-30,0.0,6000.0,2424.74226804124
3296,2437.11340206186,1964.65289690722,0.0,3810.55670103093,1.57728891230278e-13,0.0,-3.4811060013858595e-30,0.0,7619.8563135,2437.11340206186
3297,2517.52577319588,3424.29652577319,0.0,3810.55670103093,3.91263775445419e-15,0.0,-2.46041953736201e-32,0.0,10443.188799,2517.52577319588
3298,2437.11340206186,2557.83989690722,0.0,3810.55670103093,1.57728891230278e-13,0.0,-3.4811060013858595e-30,0.0,12552.127794,2437.11340206186
3299,2387.62886597938,3418.51798363424,0.0,2693.85515038638,2.1351775226784e-13,0.0,1.52091778870695e-31,0.0,15370.6958715064,2387.62886597938
3300,2554.63917525773,2171.13612371134,0.0,3810.55670103093,8.83897005558564e-14,0.0,-4.94218524223368e-30,0.0,17160.7976055064,2554.63917525773
3301,2573.19587628866,253.423422680411,0.0,3810.55670103093,1.30628231956557e-13,0.0,8.631310774316031e-31,0.0,17369.7452175064,2573.19587628866
3302,2783.50515463918,3934.18484536082,0.0,0.0,-2.32793136032653e-13,0.0,-6.87587221492756e-30,0.0,20613.4806225064,2783.50515463918
3303,2820.61855670103,2850.80944329897,0.0,0.0,-1.48316073231251e-13,0.0,4.73476042440301e-30,0.0,22963.9730085064,2820.61855670103
3304,2808.24742268041,0.0,0.0,1498.20157731959,-8.05014939228682e-15,0.0,-6.81676263748158e-31,0.0,22963.9730085064,2808.24742268041
3305,2347.59,0.0,0.0,0.0,120.089003436427,0.0,5.543814357559049e-16,0.0,22826.4140125884,2467.679003436427
3306,929.6091,0.0,0.0,0.0,1516.92917869416,0.0,-7.7795673585445e-14,0.0,21088.8089969021,2446.53827869416
3307,64.3104,0.0,0.0,0.0,2574.59210996564,0.0,-5.2270024557604605e-14,0.0,18139.6771412714,2638.90250996564
3308,0.0,0.0,0.0,0.0,2673.53951890034,0.0,-1.88973211267828e-13,0.0,15077.203465555,2673.53951890034
3309,0.0,0.0,0.0,0.0,2570.44673539519,0.0,-6.22818299415769e-14,0.0,12132.8200344036,2570.44673539519
3310,0.0,0.0,0.0,0.0,2673.53951890034,0.0,-1.88973211267828e-13,0.0,9070.34635868731,2673.53951890034
3311,0.0,0.0,0.0,0.0,2680.41237113402,0.0,-1.18020415891468e-13,0.0,6000.0,2680.41237113402
3312,0.0,0.0,0.0,0.0,0.0,0.0,2448.0,0.0,12000.0,2448.0
3313,0.0,0.0,0.0,0.0,0.0,0.0,2508.0,0.0,12000.0,2508.0
3314,0.0,0.0,0.0,0.0,0.0,0.0,2532.0,0.0,12000.0,2532.0
3315,0.0,0.0,0.0,0.0,0.0,0.0,2568.0,0.0,12000.0,2568.0
3316,0.0,0.0,0.0,0.0,0.0,0.0,2430.0,0.0,12000.0,2430.0
3317,44.40891,0.0,0.0,0.0,0.0,0.0,2386.9233573,0.0,12000.0,2431.3322673
3318,224.511,0.0,0.0,0.0,808.388625429552,0.0,1662.50106,0.0,11074.0107383396,2695.400685429552
3319,1113.3444,0.0,0.0,0.0,1649.548604811,0.0,7.68266314651296e-14,0.0,9184.49343615057,2762.893004811
3320,1947.0129,0.0,0.0,0.0,675.140305841924,0.0,-6.87247537839766e-15,0.0,8411.1368429754,2622.153205841924
3321,1661.6586,0.0,0.0,0.0,1184.64050171821,0.0,-9.79400729375644e-14,0.0,7054.16032325236,2846.2991017182103
3322,2084.8401,0.0,0.0,0.0,666.328869415808,0.0,-2.5646455857824802e-14,0.0,6290.89701349772,2751.168969415808
3323,2474.535,0.0,0.0,0.0,253.953092783505,0.0,9.26184123667807e-15,0.0,6000.0,2728.4880927835047
3324,2672.16494845361,586.531051546392,0.0,0.0,1.90505098814342e-14,0.0,-8.938599210179621e-31,0.0,6483.594852,2672.16494845361
3325,2610.30927835052,81.8067216494846,0.0,0.0,2.1510529475795998e-13,0.0,-9.563854531492008e-30,0.0,6551.044494,2610.30927835052
3326,2653.60824742268,2043.52475257732,0.0,0.0,-2.3188021519266902e-14,0.0,-1.1897716786196999e-30,0.0,8235.9306525,2653.60824742268
3327,2653.60824742268,2130.04475257732,0.0,0.0,-2.3188021519266902e-14,0.0,-1.1897716786196999e-30,0.0,9992.152551,2653.60824742268
3328,2579.38144329897,2786.55955670103,0.0,0.0,-1.92142147122071e-13,0.0,8.645390415100429e-30,0.0,12289.6709055,2579.38144329897
3329,1305.969,0.0,0.0,0.0,1435.52127147766,0.0,4.91616014945565e-14,0.0,10645.316642639,2741.49027147766
3330,26.47848,0.0,0.0,0.0,2843.43170034364,0.0,1.74216963878038e-13,0.0,7388.23565713653,2869.91018034364
3331,220.6386,0.0,0.0,0.0,1211.92972868019,0.0,1181.96590486219,0.0,6000.0,2614.53423354238
3332,0.0,0.0,0.0,0.0,0.0,0.0,2466.0,0.0,6000.0,2466.0
3333,0.0,0.0,0.0,0.0,0.0,0.0,2346.0,0.0,6000.0,2346.0
3334,0.0,0.0,0.0,0.0,0.0,0.0,2448.0,0.0,6000.0,2448.0
3335,0.0,0.0,0.0,0.0,0.0,0.0,2400.0,0.0,6000.0,2400.0
3336,0.0,0.0,0.0,0.0,0.0,0.0,2334.0,0.0,6000.0,2334.0
3337,0.0,0.0,0.0,0.0,0.0,0.0,2454.0,0.0,6000.0,2454.0
3338,0.0,0.0,0.0,0.0,0.0,0.0,2400.0,0.0,6000.0,2400.0
3339,0.0,0.0,0.0,0.0,0.0,0.0,2424.0,0.0,6000.0,2424.0
3340,137.75685,0.0,0.0,0.0,0.0,0.0,2038.3758555,0.0,6000.0,2176.1327055
3341,1139.9283,0.0,0.0,0.0,0.0,0.0,1306.269549,0.0,6000.0,2446.197849
3342,2486.59793814433,1.65886225723295e-13,-1.65886225723295e-13,966.62106185567,1.01940030192717e-13,0.0,3.90450534248468e-30,0.0,6000.0,2486.59793814433
3343,2449.48453608247,0.0,0.0,3531.96646391753,1.74629673913147e-14,0.0,5.5797954624942105e-31,0.0,6000.0,2449.48453608247
3344,2344.32989690722,1853.82040206186,0.0,3810.55670103093,-5.3463765773226904e-14,-7.64294306540785e-14,5.48739772668981e-31,0.0,7528.4749215,2344.32989690722
3345,2567.01030927835,3184.65698969072,0.0,3810.55670103093,-5.18762232831074e-14,-7.64294306540785e-14,1.85160258643337e-30,0.0,10154.2246095,2567.01030927835
3346,2529.8969072165,4321.66639175258,0.0,3810.55670103093,-1.3635328608451e-13,-7.64294306540785e-14,-9.7590300528972e-30,0.0,13717.4385495,2529.8969072165
3347,2542.26804123711,4702.73025773196,0.0,3810.55670103093,2.2865562439482e-13,-7.64294306540785e-14,1.0301645177353399e-29,0.0,17594.839647,2542.2680412371105
3348,2622.68041237113,4485.25088659794,0.0,3810.55670103093,7.48393709189958e-14,-7.64294306540785e-14,-2.77006670282495e-30,0.0,21292.929003,2622.68041237113
3349,2536.0824742268,4044.76982474227,0.0,3810.55670103093,4.6151169155155304e-14,-7.64294306540785e-14,2.7130756222812103e-31,0.0,24627.8417235,2536.0824742268
3350,2622.68041237113,2812.72688659794,0.0,3810.55670103093,7.48393709189958e-14,-7.64294306540785e-14,-2.77006670282495e-30,0.0,26946.9350415,2622.68041237113
3351,2579.38144329897,1247.9088556701,0.0,3810.55670103093,-1.92142147122071e-13,-7.64294306540785e-14,8.645390415100429e-30,0.0,27975.835893,2579.38144329897
3352,2511.34020618557,0.0,0.0,3007.85879381443,-1.78591817485211e-13,891.886563573883,6.473271875691689e-30,0.0,26954.2017995591,2511.34020618557
3353,2468.0412371134,0.0,0.0,480.232762886598,5.97014987920158e-14,2104.14853871271,-1.90081097718061e-30,0.0,24543.9514688458,2468.0412371134
3354,825.0375,0.0,0.0,0.0,1853.05111683849,0.0,3.535136826265e-14,0.0,22421.3270509323,2678.08861683849
3355,248.2788,0.0,0.0,0.0,2555.74978694158,0.0,-7.049338928243721e-14,0.0,19493.7786122822,2804.02858694158
3356,0.0,0.0,0.0,0.0,2982.81786941581,0.0,-1.72052917922699e-13,0.0,16077.0342028712,2982.81786941581
3357,0.0,0.0,0.0,0.0,2879.72508591065,0.0,-4.53615365964477e-14,0.0,12778.3800380251,2879.72508591065
3358,0.0,0.0,0.0,0.0,2975.94501718213,0.0,1.5398872402482399e-13,0.0,9369.50831158505,2975.94501718213
3359,0.0,0.0,0.0,0.0,2941.58075601375,0.0,1.96219184466908e-13,0.0,6000.0,2941.58075601375
3360,0.0,0.0,0.0,0.0,0.0,0.0,2430.0,0.0,12000.0,2430.0
3361,0.0,0.0,0.0,0.0,0.0,0.0,2490.0,0.0,12000.0,2490.0
3362,0.0,0.0,0.0,0.0,0.0,0.0,2436.0,0.0,12000.0,2436.0
3363,0.0,0.0,0.0,0.0,1274.21778316151,0.0,1281.6078753,0.0,10540.4149104679,2555.82565846151
3364,171.64791,0.0,0.0,0.0,2434.7096532646,0.0,6.07135846544519e-14,0.0,7751.51496400216,2606.3575632646
3365,1153.7316,0.0,0.0,0.0,1529.07256357388,0.0,-6.95886502847041e-14,0.0,6000.0,2682.80416357388
3366,2554.63917525773,-6.66356652386822e-14,6.66356652386822e-14,1006.05782474227,8.83897005558564e-14,0.0,-4.94218524223368e-30,0.0,6000.0,2554.63917525773
3367,2529.8969072165,0.0,0.0,3556.5540927835,-1.3635328608451e-13,0.0,-9.7590300528972e-30,0.0,6000.0,2529.8969072165
3368,2567.01030927835,1641.89198969072,0.0,3810.55670103093,-5.18762232831074e-14,0.0,1.85160258643337e-30,0.0,7353.7399455,2567.01030927835
3369,2548.45360824742,3156.48869072165,0.0,3810.55670103093,-9.41147546838085e-14,0.0,-3.9537137332319194e-30,0.0,9956.264871,2548.45360824742
3370,2591.75257731959,3921.33272164948,0.0,3810.55670103093,1.72866763357259e-13,0.0,6.66844739709689e-30,0.0,13189.4037,2591.75257731959
3371,2548.45360824742,8106.40039175258,0.0,0.0,-9.41147546838085e-14,0.0,-3.9537137332319194e-30,0.0,19873.130823,2548.45360824742
3372,2597.9381443299,4164.96315463918,0.0,3810.55670103093,-1.4990361572137e-13,0.0,-7.58691151348847e-30,0.0,23307.142944,2597.9381443299
3373,2529.8969072165,3835.62139175258,0.0,3810.55670103093,-1.3635328608451e-13,0.0,-9.7590300528972e-30,0.0,26469.6127815,2529.8969072165
3374,2647.42268041237,4117.15198113264,0.0,2395.37333845499,-2.05692476758932e-13,0.0,1.08175089545092e-29,0.0,29864.2045899439,2647.42268041237
3375,2554.63917525773,5095.24082474227,0.0,0.0,8.83897005558564e-14,0.0,-4.94218524223368e-30,0.0,34065.2306499439,2554.63917525773
3376,2393.81443298969,3135.46456701031,0.0,0.0,-1.09252626810789e-13,0.0,-3.0844580075875697e-30,0.0,36650.4211854439,2393.81443298969
3377,2276.28865979381,696.135340206185,0.0,0.0,-3.99134361363664e-14,0.0,-1.6233787667397498e-30,0.0,37224.3847734439,2276.28865979381
3378,797.9433,0.0,0.0,0.0,1690.7159209622,0.0,-8.59274265792074e-15,0.0,35287.7113244608,2488.6592209622
3379,242.4366,0.0,0.0,0.0,2246.08991752577,0.0,1.05398516434586e-13,0.0,32714.8706400098,2488.52651752577
3380,0.0,0.0,0.0,0.0,2515.46391752577,0.0,1.6408468169530998e-13,0.0,29833.4686726263,2515.46391752577
3381,0.0,0.0,0.0,0.0,2584.19243986254,0.0,7.96237608111428e-14,0.0,26873.3398755329,2584.19243986254
3382,0.0,0.0,0.0,0.0,2460.48109965636,0.0,-6.543243991685521e-15,0.0,24054.9193719173,2460.48109965636
3383,0.0,0.0,0.0,0.0,2384.87972508591,0.0,6.96488151612213e-15,0.0,21323.0983809827,2384.87972508591
3384,0.0,0.0,0.0,0.0,2240.54982817869,0.0,1.04933927908097e-13,0.0,18756.603732439,2240.54982817869
3385,0.0,0.0,0.0,0.0,2343.64261168385,0.0,1.47863308462497e-13,0.0,16072.0188393303,2343.64261168385
3386,0.0,0.0,0.0,0.0,2309.27835051546,0.0,2.04730070239298e-14,0.0,13426.7973610767,2309.27835051546
3387,0.0,0.0,0.0,0.0,2226.80412371134,0.0,-3.69716628446225e-14,0.0,10876.0480784749,2226.80412371134
3388,234.5469,0.0,0.0,0.0,1966.19645704467,0.0,5.897184333222451e-14,0.0,8623.81845986703,2200.74335704467
3389,0.0,0.0,0.0,0.0,2268.0412371134,0.0,-8.249327910346331e-15,0.0,6025.83307943931,2268.0412371134
3390,2088.9813,0.0,0.0,0.0,22.5522783505154,0.0,-5.49689576788887e-16,0.0,6000.0,2111.533578350515
3391,2208.24742268041,-3.66261846354949e-14,3.66261846354949e-14,2720.78857731959,-2.6363106499505902e-14,0.0,-1.0407950251167099e-30,0.0,6000.0,2208.24742268041
3392,2536.0824742268,1471.89182474227,0.0,3810.55670103093,4.6151169155155304e-14,0.0,2.7130756222812103e-31,0.0,7213.5748095,2536.0824742268
3393,2492.78350515464,2923.97579381443,0.0,3810.55670103093,-2.20830348885912e-13,0.0,6.679555560264071e-31,0.0,9624.3928515,2492.78350515464
3394,2474.22680412371,4065.27649484536,0.0,3810.55670103093,2.42205954031681e-13,0.0,-1.39080916103095e-29,0.0,12976.2133215,2474.2268041237103
3395,2381.44329896907,4666.659,0.0,3810.55670103093,3.10132970281752e-14,0.0,1.14056328787246e-30,0.0,16823.873667,2381.44329896907
3396,2474.22680412371,4589.87749484536,0.0,3810.55670103093,2.42205954031681e-13,0.0,-1.39080916103095e-29,0.0,20608.2276615,2474.2268041237103
3397,2505.15463917526,3985.77565979382,0.0,3810.55670103093,1.44178561593418e-13,0.0,-1.3089874619771299e-30,0.0,23894.499693,2505.15463917526
3398,2517.52577319588,2904.25252577319,0.0,3810.55670103093,3.91263775445419e-15,0.0,-2.46041953736201e-32,0.0,26289.0559005,2517.52577319588
3399,2567.01030927835,0.0,0.0,3476.76869072165,-5.18762232831074e-14,0.0,1.85160258643337e-30,0.0,26289.0559005,2567.01030927835
3400,2511.34020618557,0.0,0.0,1564.82279381443,-1.78591817485211e-13,0.0,6.473271875691689e-30,0.0,26289.0559005,2511.34020618557
3401,2412.37113402062,0.0,0.0,402.279865979381,-6.70140954100875e-14,2766.11381385128,2.72085831207771e-30,0.0,23120.5406498112,2412.37113402062
3402,1190.2002,0.0,0.0,0.0,1392.33196563574,0.0,4.1581550586108604e-14,0.0,21525.658673138,2582.53216563574
3403,92.21163,0.0,0.0,0.0,2722.28490137457,0.0,-4.01842383344072e-14,0.0,18407.3483622851,2814.4965313745697
3404,0.0,0.0,0.0,0.0,2776.6323024055,0.0,8.13298447298036e-14,0.0,15226.7844420039,2776.6323024055
3405,0.0,0.0,0.0,0.0,2776.6323024055,0.0,8.13298447298036e-14,0.0,12046.2205217227,2776.6323024055
3406,0.0,0.0,0.0,0.0,2577.31958762887,0.0,8.670965434782951e-15,0.0,9093.96440760029,2577.31958762887
3407,0.0,0.0,0.0,0.0,2701.03092783505,0.0,9.48379702376113e-14,0.0,6000.0,2701.03092783505
3408,0.0,0.0,0.0,0.0,0.0,0.0,2262.0,0.0,12000.0,2262.0
3409,0.0,0.0,0.0,0.0,0.0,0.0,2226.0,0.0,12000.0,2226.0
3410,0.0,0.0,0.0,0.0,0.0,0.0,2256.0,0.0,12000.0,2256.0
3411,0.0,0.0,0.0,0.0,0.0,0.0,2208.0,0.0,12000.0,2208.0
3412,39.42183,0.0,0.0,0.0,0.0,0.0,2097.7608249,0.0,12000.0,2137.1826549
3413,0.0,0.0,0.0,0.0,0.0,0.0,2082.0,0.0,12000.0,2082.0
3414,529.4436,0.0,0.0,0.0,0.0,0.0,1658.439708,0.0,12000.0,2187.883308
3415,513.0993,0.0,0.0,0.0,0.0,0.0,1818.293679,0.0,12000.0,2331.392979
3416,508.8825,0.0,0.0,0.0,0.0,0.0,1822.383975,0.0,12000.0,2331.266475
3417,439.0155,0.0,0.0,0.0,0.0,0.0,1920.154965,0.0,12000.0,2359.170465
3418,2047.668,0.0,0.0,0.0,0.0,0.0,413.76204,0.0,12000.0,2461.43004
3419,1117.3827,0.0,0.0,0.0,0.0,0.0,1220.138781,0.0,12000.0,2337.521481
3420,1339.8525,0.0,0.0,0.0,0.0,0.0,1010.343075,0.0,12000.0,2350.195575
3421,969.5322,0.0,0.0,0.0,0.0,0.0,1375.553766,0.0,12000.0,2345.085966
3422,1614.0663,0.0,0.0,0.0,0.0,0.0,786.355689,0.0,12000.0,2400.421989
3423,861.0042,0.0,0.0,0.0,0.0,0.0,1552.825926,0.0,12000.0,2413.830126
3424,2129.799,0.0,0.0,0.0,0.0,0.0,316.09497,0.0,12000.0,2445.89397
3425,27.66813,0.0,0.0,0.0,0.0,0.0,2361.1619139,0.0,12000.0,2388.8300439
3426,532.2765,0.0,0.0,0.0,0.0,0.0,1853.691795,0.0,12000.0,2385.968295
3427,29.89476,0.0,0.0,0.0,0.0,0.0,2425.0020828,0.0,12000.0,2454.8968428000003
3428,0.0,0.0,0.0,0.0,0.0,0.0,2598.0,0.0,12000.0,2598.0
3429,0.0,0.0,0.0,0.0,0.0,0.0,2340.0,0.0,12000.0,2340.0
3430,0.0,0.0,0.0,0.0,0.0,0.0,2418.0,0.0,12000.0,2418.0
3431,0.0,0.0,0.0,0.0,0.0,0.0,2466.0,0.0,12000.0,2466.0
3432,0.0,0.0,0.0,0.0,0.0,0.0,2418.0,0.0,12000.0,2418.0
3433,0.0,0.0,0.0,0.0,0.0,0.0,2454.0,0.0,12000.0,2454.0
3434,0.0,0.0,0.0,0.0,0.0,0.0,2310.0,0.0,12000.0,2310.0
3435,0.0,0.0,0.0,0.0,0.0,0.0,2280.0,0.0,12000.0,2280.0
3436,246.6933,0.0,0.0,0.0,2186.37743298969,0.0,-1.3026668200490499e-13,0.0,9495.55849600264,2433.07073298969
3437,1202.4516,0.0,0.0,0.0,1316.86362886598,0.0,7.009657499577671e-14,0.0,7987.12364048606,2519.3152288659803
3438,2400.0,1109.709,0.0,0.0,7.32518284288763e-14,0.0,-4.07292951658934e-30,0.0,8902.07871098606,2400.0
3439,2505.15463917526,3461.61736082474,0.0,0.0,1.44178561593418e-13,0.0,-1.3089874619771299e-30,0.0,11756.1822249861,2505.15463917526
3440,2579.38144329897,1362.88555670103,0.0,0.0,-1.92142147122071e-13,0.0,8.645390415100429e-30,0.0,12879.8813664861,2579.38144329897
3441,1667.9397,0.0,0.0,0.0,882.128855670103,0.0,-2.70821074798453e-14,0.0,11869.4244871389,2550.068555670103
3442,2548.45360824742,3625.48339175258,0.0,0.0,-9.41147546838085e-14,0.0,-3.9537137332319194e-30,0.0,14858.6355436389,2548.45360824742
3443,2536.0824742268,3183.0575257732,0.0,0.0,4.6151169155155304e-14,0.0,2.7130756222812103e-31,0.0,17483.0664736389,2536.0824742268
3444,295.68,0.0,0.0,0.0,2503.08178694158,0.0,1.79069349192214e-13,0.0,14615.8479318959,2798.76178694158
3445,1716.0948,0.0,0.0,0.0,808.004632302406,0.0,2.83790850948805e-14,0.0,13690.2985249058,2524.099432302406
3446,2604.12371134021,4676.84928865979,0.0,0.0,3.26008395182947e-14,0.0,2.4434261016368497e-30,0.0,17546.3607634058,2604.12371134021
3447,1921.7037,0.0,0.0,0.0,730.753048109965,0.0,2.5286000934183703e-14,0.0,16709.3011435776,2652.456748109965
3448,2051.8134,0.0,0.0,0.0,531.203896907217,0.0,-2.29306282461522e-14,0.0,16100.8201620115,2583.017296907217
3449,1925.6034,0.0,0.0,0.0,637.072969072165,0.0,3.0008125707098804e-14,0.0,15371.0687655944,2562.676369072165
3450,485.352,0.0,0.0,0.0,2354.19079037801,0.0,-9.26793028270758e-14,0.0,12674.4011935692,2839.54279037801
3451,8.536962,0.0,0.0,0.0,2870.23957257732,0.0,3.51118948539716e-14,0.0,9386.61245063983,2878.77653457732
3452,0.0,0.0,0.0,0.0,0.0,0.0,2442.0,0.0,9386.61245063983,2442.0
3453,0.0,0.0,0.0,0.0,0.0,0.0,2346.0,0.0,9386.61245063983,2346.0
3454,0.0,0.0,0.0,0.0,626.615762192074,0.0,1612.96443960632,0.0,8668.83952716666,2239.5802017983942
3455,0.0,0.0,0.0,0.0,2329.89690721649,0.0,5.9577177097773706e-15,0.0,6000.0,2329.89690721649
3456,0.0,0.0,0.0,0.0,0.0,0.0,1866.0,0.0,12000.0,1866.0
3457,0.0,0.0,0.0,0.0,0.0,0.0,1998.0,0.0,12000.0,1998.0
3458,0.0,0.0,0.0,0.0,0.0,0.0,2028.0,0.0,12000.0,2028.0
3459,0.0,0.0,0.0,0.0,0.0,0.0,1968.0,0.0,12000.0,1968.0
3460,246.9222,0.0,0.0,0.0,1272.20071546392,0.0,581.8542414,0.0,10542.7254118397,2100.97715686392
3461,166.13058,0.0,0.0,0.0,2179.67163505155,0.0,-1.41192530316212e-13,0.0,8045.965234232,2345.80221505155
3462,514.1346,0.0,0.0,0.0,1786.12764948454,0.0,4.95570298566231e-14,0.0,6000.0,2300.26224948454
3463,2146.39175257732,449.90124742268,0.0,0.0,1.69691678377019e-13,0.0,4.06272176956811e-30,0.0,6370.9435785,2146.39175257732
3464,2158.76288659794,229.231113402062,0.0,0.0,2.94257545380557e-14,0.0,-1.6229952589192702e-31,0.0,6559.9446315,2158.76288659794
3465,2195.87628865979,2141.84171134021,0.0,0.0,1.13902817339458e-13,0.0,4.29523989311555e-31,0.0,8325.8931225,2195.87628865979
3466,2183.50515463918,2464.52984536082,0.0,0.0,-2.51106093139872e-13,0.0,-1.96311512409391e-29,0.0,10357.89798,2183.50515463918
3467,2072.16494845361,3639.28905154639,0.0,0.0,2.45561441567615e-13,0.0,1.2439983131679299e-30,0.0,13358.491803,2072.1649484536106
3468,2214.43298969072,5084.36901030928,0.0,0.0,1.56141348740159e-13,0.0,6.2348403089768394e-30,0.0,17550.554052,2214.43298969072
3469,2263.9175257732,7884.4584742268,0.0,0.0,1.0035248770259699e-13,0.0,2.6016425287202897e-30,0.0,24051.290064,2263.9175257732
3470,2313.40206185567,6733.73393814433,0.0,0.0,4.4563626665035705e-14,0.0,-1.0315552515362699e-30,0.0,29603.253696,2313.40206185567
3471,2270.10309278351,5144.8499072165,0.0,0.0,-2.22417891376031e-13,0.0,1.03839018663891e-29,0.0,33845.1824445,2270.10309278351
3472,2288.65979381443,1549.15320618557,0.0,0.0,-1.8017935997533e-13,0.0,-5.8484000621997896e-30,0.0,35122.459263,2288.65979381443
3473,2208.24742268041,772.933577319588,0.0,0.0,-2.6363106499505902e-14,0.0,-1.0407950251167099e-30,0.0,35759.7429975,2208.24742268041
3474,570.1983,0.0,0.0,0.0,1881.91025085911,0.0,-2.64430073378124e-14,0.0,33604.0611523006,2452.10855085911
3475,341.397,0.0,0.0,0.0,2314.82807560137,0.0,-1.31684386495554e-14,0.0,30952.4826006381,2656.22507560137
3476,0.0,0.0,0.0,0.0,2742.26804123711,0.0,1.23560305171887e-13,0.0,27811.2820952118,2742.26804123711
3477,0.0,0.0,0.0,0.0,2597.9381443299,0.0,-1.7546508576002099e-13,0.0,24835.4079321764,2597.9381443299
3478,0.0,0.0,0.0,0.0,2694.15807560137,0.0,2.3885174861251402e-14,0.0,21749.3162075471,2694.15807560137
3479,0.0,0.0,0.0,0.0,0.0,0.0,2250.0,0.0,21749.3162075471,2250.0
3480,0.0,0.0,0.0,0.0,1904.13363338107,0.0,689.691338058323,0.0,19568.17802498,2593.8249714393933
3481,0.0,0.0,0.0,0.0,2859.10652920962,0.0,1.38774514598356e-13,0.0,16293.1419090469,2859.10652920962
3482,0.0,0.0,0.0,0.0,2680.41237113402,0.0,-1.18020415891468e-13,0.0,13222.7955503596,2680.41237113402
3483,0.0,0.0,0.0,0.0,2714.77663230241,0.0,-1.60250876333552e-13,0.0,10113.0857768173,2714.77663230241
3484,254.5242,0.0,0.0,0.0,2253.27780756014,0.0,-8.285411857478641e-14,0.0,7532.01154135324,2507.80200756014
3485,1221.0408,0.0,0.0,0.0,1337.44607560137,0.0,2.534052270349e-14,0.0,6000.0,2558.4868756013702
3486,2542.26804123711,-7.95380049549572e-15,7.95380049549572e-15,938.103958762887,2.2865562439482e-13,0.0,1.0301645177353399e-29,0.0,6000.0,2542.2680412371105
3487,2560.82474226804,0.0,0.0,3315.64725773196,-2.34380678522772e-13,0.0,-1.9197544152819e-29,0.0,6000.0,2560.82474226804
3488,2585.56701030928,1346.40828865979,0.0,3810.55670103093,-9.637691882406331e-15,0.0,-6.07187936996662e-31,0.0,7110.113634,2585.56701030928
3489,2585.56701030928,2647.16928865979,0.0,3810.55670103093,-9.637691882406331e-15,0.0,-6.07187936996662e-31,0.0,9292.7047125,2585.56701030928
3490,2604.12371134021,3348.80758762887,0.0,3810.55670103093,3.26008395182947e-14,0.0,2.4434261016368497e-30,0.0,12053.7965685,2604.12371134021
3491,2579.38144329897,3769.0638556701,0.0,3810.55670103093,-1.92142147122071e-13,0.0,8.645390415100429e-30,0.0,15161.3897175,2579.38144329897
3492,2684.53608247423,3596.14221649484,0.0,3810.55670103093,-1.2121541395753e-13,0.0,3.90523345585547e-31,0.0,18126.408975,2684.53608247423
3493,2622.68041237113,3219.45488659794,0.0,3810.55670103093,7.48393709189958e-14,0.0,-2.77006670282495e-30,0.0,20780.849529,2622.68041237113
3494,2839.17525773196,2163.61104123711,0.0,3810.55670103093,-1.0607754183054899e-13,0.0,-4.78732380058795e-31,0.0,22564.7468325,2839.17525773196
3495,2721.64948453608,1071.32238246571,-4.54747350886464e-13,3619.77613299821,-3.67383511561274e-14,0.0,9.82346860789029e-31,0.0,23448.052136843,2721.64948453608
3496,2585.56701030928,0.0,0.0,2828.86298969072,-9.637691882406331e-15,0.0,-6.07187936996662e-31,0.0,23448.052136843,2585.56701030928
3497,2548.45360824742,0.0,0.0,424.894391752577,-9.41147546838085e-14,0.0,-3.9537137332319194e-30,0.0,23448.052136843,2548.45360824742
3498,913.9494,0.0,0.0,0.0,1871.098604811,0.0,-5.23828116797436e-14,0.0,21304.7547659255,2785.0480048110003
3499,327.6315,0.0,0.0,0.0,2488.19867697595,0.0,1.835903849869e-13,0.0,18454.5844601111,2815.83017697595
3500,0.0,0.0,0.0,0.0,2824.74226804124,0.0,1.8100497504044e-13,0.0,15218.9117590329,2824.74226804124
3501,0.0,0.0,0.0,0.0,2673.53951890034,0.0,-1.88973211267828e-13,0.0,12156.4380833166,2673.53951890034
3502,0.0,0.0,0.0,0.0,2701.03092783505,0.0,9.48379702376113e-14,0.0,9062.47367571632,2701.03092783505
3503,0.0,0.0,0.0,0.0,2673.53951890034,0.0,-1.88973211267828e-13,0.0,6000.0,2673.53951890034
3504,0.0,0.0,0.0,0.0,0.0,0.0,2280.0,0.0,12000.0,2280.0
3505,0.0,0.0,0.0,0.0,0.0,0.0,2460.0,0.0,12000.0,2460.0
3506,0.0,0.0,0.0,0.0,0.0,0.0,2370.0,0.0,12000.0,2370.0
3507,0.0,0.0,0.0,0.0,1603.09766666667,0.0,1030.495737,0.0,10163.6911034746,2633.59340366667
3508,281.022,0.0,0.0,0.0,2258.20006872852,0.0,1.92731519754703e-13,0.0,7576.97853906622,2539.22206872852
3509,1247.5659,0.0,0.0,0.0,1376.70226460481,0.0,-7.78630091139687e-15,0.0,6000.0,2624.26816460481
3510,2511.34020618557,886.795793814433,0.0,0.0,-1.78591817485211e-13,0.0,6.473271875691689e-30,0.0,6731.163132,2511.34020618557
3511,2505.15463917526,3232.36036082474,0.0,0.0,1.44178561593418e-13,0.0,-1.3089874619771299e-30,0.0,9396.2442495,2505.15463917526
3512,2443.29896907217,5222.79303092784,0.0,0.0,-1.6504148784835e-13,0.0,4.30115333628296e-30,0.0,13702.4371035,2443.29896907217
3513,2387.62886597938,1215.69813402062,0.0,0.0,2.1351775226784e-13,0.0,1.52091778870695e-31,0.0,14704.780215,2387.62886597938
3514,2412.37113402062,4598.20586597938,0.0,0.0,-6.70140954100875e-14,0.0,2.72085831207771e-30,0.0,18496.0009515,2412.37113402062
3515,2369.07216494845,5455.86383505155,0.0,0.0,1.71279220867139e-13,0.0,-5.653224540794589e-30,0.0,22994.3606835,2369.07216494845
3516,2375.25773195876,4552.97826804124,0.0,0.0,-1.5149115821149e-13,0.0,2.12903479687423e-30,0.0,26748.2912655,2375.25773195876
3517,2344.32989690722,4833.15510309278,0.0,0.0,-5.3463765773226904e-14,0.0,5.48739772668981e-31,0.0,30733.227648,2344.32989690722
3518,2505.15463917526,3517.56136082474,0.0,0.0,1.44178561593418e-13,0.0,-1.3089874619771299e-30,0.0,33633.45699,2505.15463917526
3519,2424.74226804124,2578.52873195876,0.0,0.0,-2.07280019249051e-13,0.0,-1.5041629833823198e-30,0.0,35759.4539295,2424.74226804124
3520,2424.74226804124,397.930731958763,0.0,0.0,-2.07280019249051e-13,0.0,-1.5041629833823198e-30,0.0,36087.547818,2424.74226804124
3521,1040.7348,0.0,0.0,0.0,1414.07473539519,0.0,-5.4786264884052104e-14,0.0,34467.7600340422,2454.80953539519
3522,254.2869,0.0,0.0,0.0,2377.25281443299,0.0,-1.43115292391313e-13,0.0,31744.6754814271,2631.53971443299
3523,56.28987,0.0,0.0,0.0,2590.37666219931,0.0,-3.54163335774883e-14,0.0,28777.4628099502,2646.66653219931
3524,0.0,0.0,0.0,0.0,2577.31958762887,0.0,8.670965434782951e-15,0.0,25825.2066958278,2577.31958762887
3525,0.0,0.0,0.0,0.0,2329.89690721649,0.0,5.9577177097773706e-15,0.0,23156.3671686611,2329.89690721649
3526,0.0,0.0,0.0,0.0,2336.76975945017,0.0,-9.27102487945139e-14,0.0,20479.6549585235,2336.76975945017
3527,0.0,0.0,0.0,0.0,2329.89690721649,0.0,5.9577177097773706e-15,0.0,17810.8154313568,2329.89690721649
3528,0.0,0.0,0.0,0.0,2405.49828178694,0.0,-1.77171169678681e-13,0.0,15055.3763915092,2405.49828178694
3529,0.0,0.0,0.0,0.0,2370.10530112774,0.0,12.8980721154795,0.0,12340.4791393583,2383.00337324322
3530,0.0,0.0,0.0,0.0,0.0,0.0,2058.0,0.0,12340.4791393583,2058.0
3531,0.0,0.0,0.0,0.0,2350.51546391753,0.0,4.9195341958205904e-14,0.0,9648.02156327866,2350.51546391753
3532,241.0779,0.0,0.0,0.0,2075.77827835051,0.0,1.51480211979927e-13,0.0,7270.26866711541,2316.85617835051
3533,1253.4963,0.0,0.0,0.0,1108.94454639175,0.0,-5.7374648061185e-14,0.0,6000.0,2362.44084639175
3534,2251.54639175258,3.34290436067763e-13,1.20456914818701e-13,1364.06560824742,2.40618411541561e-13,0.0,1.78454729483074e-29,0.0,6000.0,2251.5463917525803
3535,2282.47422680412,2.5340721649477,0.0,3810.55670103093,1.42591019103298e-13,0.0,8.40695884838557e-30,0.0,6002.0893425,2282.47422680412
3536,2288.65979381443,1907.28550515464,0.0,3810.55670103093,-1.8017935997533e-13,0.0,-5.8484000621997896e-30,0.0,7574.6462415,2288.65979381443
3537,2301.03092783505,3294.33337113402,0.0,3810.55670103093,1.84829550504e-13,0.0,-7.825343080203319e-30,0.0,10290.824106,2301.03092783505
3538,2307.21649484536,3735.61580412371,0.0,3810.55670103093,-1.37940828574629e-13,0.0,-4.30837425345009e-32,0.0,13370.8393365,2307.21649484536
3539,2282.47422680412,1413.31407216495,0.0,3810.55670103093,1.42591019103298e-13,0.0,8.40695884838557e-30,0.0,14536.116789,2282.47422680412
3540,2325.77319587629,0.0,0.0,539.025804123711,-9.5702297173928e-14,0.0,-5.256576546996309e-30,0.0,14536.116789,2325.77319587629
3541,2313.40206185567,0.0,0.0,2814.77693814433,4.4563626665035705e-14,0.0,-1.0315552515362699e-30,0.0,14536.116789,2313.40206185567
3542,2356.70103092784,1495.45964457486,-4.54747350886464e-13,2863.6183244973,-1.93729689612191e-13,0.0,-3.67628152279106e-30,0.0,15769.123265952,2356.70103092784
3543,2270.10309278351,1857.32090721649,0.0,0.0,-2.22417891376031e-13,0.0,1.03839018663891e-29,0.0,17300.484353952,2270.10309278351
3544,2208.24742268041,3148.41157731959,0.0,0.0,-2.6363106499505902e-14,0.0,-1.0407950251167099e-30,0.0,19896.349699452,2208.24742268041
3545,2177.31958762887,599.258412371134,0.0,0.0,7.166428593875681e-14,0.0,-5.37579233035373e-30,0.0,20390.438260452,2177.31958762887
3546,1354.7919,0.0,0.0,0.0,831.445426116839,0.0,3.41050661953745e-14,0.0,19438.0380014407,2186.237326116839
3547,80.9088,0.0,0.0,0.0,2246.8710927835,0.0,1.40870197449742e-13,0.0,16864.3024999705,2327.7798927835
3548,0.0,0.0,0.0,0.0,2309.27835051546,0.0,2.04730070239298e-14,0.0,14219.0810217168,2309.27835051546
3549,0.0,0.0,0.0,0.0,2398.62542955326,0.0,1.48870472268842e-13,0.0,11471.5146648402,2398.62542955326
3550,0.0,0.0,0.0,0.0,2350.51546391753,0.0,4.9195341958205904e-14,0.0,8779.05708876056,2350.51546391753
3551,0.0,0.0,0.0,0.0,2426.11683848797,0.0,3.56872164503982e-14,0.0,6000.0,2426.11683848797
3552,0.0,0.0,0.0,0.0,0.0,0.0,2172.0,0.0,12000.0,2172.0
3553,0.0,0.0,0.0,0.0,0.0,0.0,2178.0,0.0,12000.0,2178.0
3554,0.0,0.0,0.0,0.0,0.0,0.0,2208.0,0.0,12000.0,2208.0
3555,0.0,0.0,0.0,0.0,1564.63366323024,0.0,830.074812,0.0,10207.7506721303,2394.70847523024
3556,309.2145,0.0,0.0,0.0,2288.73073883162,0.0,-2.7123656509048802e-17,0.0,7586.06597701964,2597.94523883162
3557,1240.4259,0.0,0.0,0.0,1384.63559793814,0.0,-7.962228992053231e-14,0.0,6000.0,2625.06149793814
3558,2511.34020618557,967.918793814433,0.0,0.0,-1.78591817485211e-13,0.0,6.473271875691689e-30,0.0,6798.0490455,2511.34020618557
3559,2523.71134020619,3337.36765979381,0.0,0.0,1.86417092994119e-13,0.0,4.4963288576881596e-30,0.0,9549.708681,2523.71134020619
3560,2554.63917525773,5233.02182474227,0.0,0.0,8.83897005558564e-14,0.0,-4.94218524223368e-30,0.0,13864.3351755,2554.63917525773
3561,2653.60824742268,6497.72975257732,0.0,0.0,-2.3188021519266902e-14,0.0,-1.1897716786196999e-30,0.0,19221.7133565,2653.60824742268
3562,2678.35051546392,5010.46348453608,0.0,0.0,2.01554965121099e-13,0.0,-7.39173599208328e-30,0.0,23352.8404995,2678.35051546392
3563,2678.35051546392,6631.20148453608,0.0,0.0,2.01554965121099e-13,0.0,-7.39173599208328e-30,0.0,28820.2661235,2678.35051546392
3564,2505.15463917526,2714.98829239059,4.54747350886464e-13,3234.33106843416,1.44178561593418e-13,0.0,-1.3089874619771299e-30,0.0,31058.773970576,2505.15463917526
3565,2591.75257731959,5926.58242268041,0.0,0.0,1.72866763357259e-13,0.0,6.66844739709689e-30,0.0,35945.241178076,2591.75257731959
3566,2505.15463917526,4260.98236082474,0.0,0.0,1.44178561593418e-13,0.0,-1.3089874619771299e-30,0.0,39458.421134576,2505.15463917526
3567,2579.38144329897,3313.19755670103,0.0,0.0,-1.92142147122071e-13,0.0,8.645390415100429e-30,0.0,42190.152520076,2579.38144329897
3568,2468.0412371134,2086.7957628866,0.0,0.0,5.97014987920158e-14,0.0,-1.90081097718061e-30,0.0,43910.715626576,2468.0412371134
3569,2301.03092783505,455.996072164948,0.0,0.0,1.84829550504e-13,0.0,-7.825343080203319e-30,0.0,44286.684388076,2301.03092783505
3570,850.2186,0.0,0.0,0.0,1735.72503780069,0.0,-3.2387026326928704e-14,0.0,42298.4541042265,2585.94363780069
3571,358.0689,0.0,0.0,0.0,2420.01508247423,0.0,-7.20987446057211e-14,0.0,39526.3864267073,2778.0839824742297
3572,0.0,0.0,0.0,0.0,2783.50515463918,0.0,1.52282640106164e-13,0.0,36337.9498234551,2783.50515463918
3573,0.0,0.0,0.0,0.0,2831.61512027491,0.0,-1.45036666907084e-13,0.0,33094.4044394059,2831.61512027491
3574,0.0,0.0,0.0,0.0,2804.12371134021,0.0,-3.185341108864e-14,0.0,29882.3497872407,2804.12371134021
3575,0.0,0.0,0.0,0.0,2804.12371134021,0.0,-3.185341108864e-14,0.0,26670.2951350756,2804.12371134021
3576,0.0,0.0,0.0,0.0,2742.26804123711,0.0,1.23560305171887e-13,0.0,23529.0946296493,2742.26804123711
3577,0.0,0.0,0.0,0.0,2714.77663230241,0.0,-1.60250876333552e-13,0.0,20419.384856107,2714.77663230241
3578,0.0,0.0,0.0,0.0,2859.10652920962,0.0,1.38774514598356e-13,0.0,17144.3487401739,2859.10652920962
3579,0.0,0.0,0.0,0.0,2859.10652920962,0.0,1.38774514598356e-13,0.0,13869.3126242408,2859.10652920962
3580,446.4894,0.0,0.0,0.0,2349.26149140893,0.0,-3.17519140022268e-14,0.0,11178.2914427872,2795.75089140893
3581,445.1223,0.0,0.0,0.0,2412.63616151203,0.0,-7.756882041307731e-14,0.0,8414.67613750428,2857.75846151203
3582,645.057,0.0,0.0,0.0,2108.01226804124,0.0,-7.856468850057531e-14,0.0,6000.0,2753.0692680412403
3583,2560.82474226804,-3.25624372329889e-13,-1.29122978556575e-13,478.442257731959,-2.34380678522772e-13,0.0,-1.9197544152819e-29,0.0,6000.0,2560.82474226804
3584,2443.29896907217,1807.60332989691,0.0,3810.55670103093,-1.6504148784835e-13,-7.64294306540785e-14,4.30115333628296e-30,0.0,7490.3689455,2443.29896907217
3585,2517.52577319588,3319.59052577319,0.0,3810.55670103093,3.91263775445419e-15,-7.64294306540785e-14,-2.46041953736201e-32,0.0,10227.371334,2517.52577319588
3586,2597.9381443299,4328.00715463917,0.0,3810.55670103093,-1.4990361572137e-13,-7.64294306540785e-14,-7.58691151348847e-30,0.0,13795.813233,2597.9381443299
3587,2567.01030927835,4931.94098969072,0.0,3810.55670103093,-5.18762232831074e-14,-7.64294306540785e-14,1.85160258643337e-30,0.0,17862.198579,2567.01030927835
3588,2622.68041237113,4837.23188659794,0.0,3810.55670103093,7.48393709189958e-14,-7.64294306540785e-14,-2.77006670282495e-30,0.0,21850.4962695,2622.68041237113
3589,2498.96907216495,4257.63222680412,0.0,3810.55670103093,-3.83258936462469e-14,-7.64294306540785e-14,-3.20515952975361e-31,0.0,25360.9140405,2498.96907216495
3590,2542.26804123711,1517.87025773196,0.0,3810.55670103093,2.2865562439482e-13,-7.64294306540785e-14,1.0301645177353399e-29,0.0,26612.398068,2542.2680412371105
3591,2696.90721649485,0.0,0.0,3533.64578350515,2.437934965218e-13,307.678797250859,-1.5864196724179897e-30,0.0,26259.9595831766,2696.9072164948507
3592,2764.94845360825,0.0,0.0,1404.66454639175,2.3024316688494e-13,804.364966972246,-2.1451919381263398e-29,0.0,25338.5793231854,2764.9484536082505
3593,2345.91,0.0,0.0,0.0,472.471134020619,0.0,1.43111676003482e-14,0.0,24797.3752750519,2818.381134020619
3594,1387.4532,0.0,0.0,0.0,1420.58464604811,0.0,-1.79663458146686e-15,0.0,23170.1305487654,2808.0378460481097
3595,408.3975,0.0,0.0,0.0,2604.64424398625,0.0,-1.14971775666131e-13,0.0,20186.5747137296,3013.04174398625
3596,0.0,0.0,0.0,0.0,3168.38487972509,0.0,1.55694807943485e-13,0.0,16557.2678641017,3168.38487972509
3597,0.0,0.0,0.0,0.0,3079.03780068729,0.0,2.7297342698573e-14,0.0,13030.3058930968,3079.03780068729
3598,0.0,0.0,0.0,0.0,3092.78350515464,0.0,1.69202933451293e-13,0.0,9487.59855614994,3092.78350515464
3599,0.0,0.0,0.0,0.0,3044.6735395189,0.0,6.952780314065681e-14,0.0,6000.0,3044.6735395189
3600,0.0,0.0,0.0,0.0,0.0,0.0,2682.0,0.0,12000.0,2682.0
3601,0.0,0.0,0.0,0.0,0.0,0.0,2616.0,0.0,12000.0,2616.0
3602,0.0,0.0,0.0,0.0,921.433342268041,0.0,1901.5886922,0.0,10944.5207992348,2823.022034468041
3603,0.0,0.0,0.0,0.0,0.0,0.0,2622.0,0.0,10944.5207992348,2622.0
3604,27.10764,0.0,0.0,0.0,2890.84259931271,0.0,-1.74944782928121e-13,0.0,7633.13179658562,2917.95023931271
3605,1463.2401,0.0,0.0,0.0,1425.72405841924,0.0,-6.317839752082361e-14,0.0,6000.0,2888.96415841924
3606,2641.23711340206,952.303886597938,0.0,0.0,1.17077902319697e-13,0.0,3.0352496168403298e-30,0.0,6785.1745545,2641.23711340206
3607,2734.0206185567,3332.1443814433,0.0,0.0,-1.7700427499509099e-13,0.0,-3.2426744346710094e-30,0.0,9532.527597,2734.0206185567
3608,2665.9793814433,1602.35291752577,0.0,3810.55670103093,-1.63453945358231e-13,0.0,-5.41479297407974e-30,0.0,10853.6675775,2665.9793814433
3609,2703.09278350515,6943.92921649484,0.0,0.0,-7.89768825568285e-14,0.0,-4.822969458876259e-30,0.0,16578.9372165,2703.09278350515
3610,2659.79381443299,8136.20118556701,0.0,0.0,1.59316433720398e-13,0.0,8.840565936505619e-30,0.0,23287.235094,2659.79381443299
3611,2690.72164948454,4806.96964948453,0.0,3810.55670103093,6.128904128213531e-14,0.0,-5.9794816341622105e-31,0.0,27250.58157,2690.72164948454
3612,2715.46391752577,4774.6253814433,0.0,3810.55670103093,-2.19242806395792e-13,0.0,-9.0479907543363e-30,0.0,31187.260197,2715.46391752577
3613,2635.05154639175,4224.07175257732,0.0,3810.55670103093,-6.54265529199679e-14,0.0,4.0237211258421e-30,0.0,34670.007357,2635.05154639175
3614,2721.64948453608,2963.04881443299,0.0,3810.55670103093,-3.67383511561274e-14,0.0,9.82346860789029e-31,0.0,37113.0411045,2721.64948453608
3615,2678.35051546392,3946.14857301179,0.0,1207.80791152429,2.01554965121099e-13,0.0,-7.39173599208328e-30,0.0,40366.6406029482,2678.35051546392
3616,2585.56701030928,0.0,0.0,3172.23398969072,-9.637691882406331e-15,0.0,-6.07187936996662e-31,0.0,40366.6406029482,2585.56701030928
3617,2567.01030927835,632.339690721649,0.0,0.0,-5.18762232831074e-14,0.0,1.85160258643337e-30,0.0,40888.0046779482,2567.01030927835
3618,968.2974,0.0,0.0,0.0,1680.12774570447,0.0,5.91458042466266e-14,0.0,38963.4597229603,2648.42514570447
3619,319.8573,0.0,0.0,0.0,2476.21812027491,0.0,-1.15175102872291e-14,0.0,36127.0128497931,2796.07542027491
3620,52.29714,0.0,0.0,0.0,2835.36285704467,0.0,-1.95197407445763e-14,0.0,32879.1745255724,2887.65999704467
3621,0.0,0.0,0.0,0.0,2865.9793814433,0.0,-1.87267127349167e-13,0.0,29596.2657266683,2865.9793814433
3622,0.0,0.0,0.0,0.0,2893.47079037801,0.0,9.654405415627211e-14,0.0,26281.8661958802,2893.47079037801
3623,0.0,0.0,0.0,0.0,2975.94501718213,0.0,1.5398872402482399e-13,0.0,22872.9944694402,2975.94501718213
3624,0.0,0.0,0.0,0.0,2893.47079037801,0.0,9.654405415627211e-14,0.0,19558.5949386521,2893.47079037801
3625,0.0,0.0,0.0,0.0,2865.9793814433,0.0,-1.87267127349167e-13,0.0,16275.686139748,2865.9793814433
3626,0.0,0.0,0.0,0.0,2762.88659793814,0.0,-6.057574602291611e-14,0.0,13110.8675854088,2762.88659793814
3627,0.0,0.0,0.0,0.0,2838.48797250859,0.0,-7.408387153072381e-14,0.0,9859.44951838862,2838.48797250859
3628,256.1685,0.0,0.0,0.0,2354.54359106529,0.0,5.44530804563145e-16,0.0,7162.3778218648,2610.71209106529
3629,1270.2249,0.0,0.0,0.0,1014.75583848797,0.0,3.2270640983412504e-14,0.0,6000.0,2284.98073848797
3630,2208.24742268041,1.61475089701756e-13,-1.61475089701756e-13,1357.95157731959,-2.6363106499505902e-14,0.0,-1.0407950251167099e-30,0.0,6000.0,2208.24742268041
3631,2282.47422680412,0.0,0.0,3654.87677319588,1.42591019103298e-13,0.0,8.40695884838557e-30,0.0,6000.0,2282.47422680412
3632,2338.14432989691,1660.46396907216,0.0,3810.55670103093,-2.35968221012892e-13,-7.64294306540785e-14,1.25560204057978e-29,0.0,7369.0525425,2338.1443298969098
3633,2294.84536082474,3122.77493814433,0.0,3810.55670103093,2.3250952643346703e-15,-7.64294306540785e-14,4.98841313778767e-32,0.0,9943.780479,2294.84536082474
3634,2387.62886597938,3855.71143298969,0.0,3810.55670103093,2.1351775226784e-13,-7.64294306540785e-14,1.52091778870695e-31,0.0,13122.8145555,2387.62886597938
3635,2406.18556701031,4210.45073195876,0.0,3810.55670103093,-2.49518550649752e-13,-7.64294306540785e-14,-7.309479303047609e-30,0.0,16594.331184,2406.1855670103096
3636,2313.40206185567,4146.3642371134,0.0,3810.55670103093,4.4563626665035705e-14,-7.64294306540785e-14,-1.0315552515362699e-30,0.0,20013.0084975,2313.40206185567
3637,2387.62886597938,3583.44643298969,0.0,3810.55670103093,2.1351775226784e-13,-7.64294306540785e-14,1.52091778870695e-31,0.0,22967.5600815,2387.62886597938
3638,2505.15463917526,2512.89865979382,0.0,3810.55670103093,1.44178561593418e-13,-7.64294306540785e-14,-1.3089874619771299e-30,0.0,25039.4450265,2505.15463917526
3639,2449.48453608247,1080.1937628866,0.0,3810.55670103093,1.74629673913147e-14,-7.64294306540785e-14,5.5797954624942105e-31,0.0,25930.064784,2449.48453608247
3640,2498.96907216495,0.0,0.0,2910.16892783505,-3.83258936462469e-14,0.0,-3.20515952975361e-31,0.0,25930.064784,2498.96907216495
3641,2672.16494845361,0.0,0.0,355.573051546392,1.90505098814342e-14,0.0,-8.938599210179621e-31,0.0,25930.064784,2672.16494845361
3642,956.3148,0.0,0.0,0.0,1824.02593814433,1239.44736708492,-8.38439967442917e-14,0.0,22420.9315592242,2780.34073814433
3643,312.3792,0.0,0.0,0.0,2553.25564261168,0.0,1.37776466933225e-13,0.0,19496.2401014789,2865.63484261168
3644,35.17941,0.0,0.0,0.0,2916.23822714777,0.0,-1.77628155336244e-13,0.0,16155.7610325811,2951.41763714777
3645,0.0,0.0,0.0,0.0,2955.3264604811,0.0,-5.88696621042553e-14,0.0,12770.5073550541,2955.3264604811
3646,0.0,0.0,0.0,0.0,2969.07216494845,0.0,8.303592864846451e-14,0.0,9369.50831158505,2969.07216494845
3647,0.0,0.0,0.0,0.0,2941.58075601375,0.0,1.96219184466908e-13,0.0,6000.0,2941.58075601375
3648,0.0,0.0,0.0,0.0,0.0,0.0,2358.0,0.0,12000.0,2358.0
3649,0.0,0.0,0.0,0.0,952.092017182131,0.0,1688.823669,0.0,10909.402042174,2640.915686182131
3650,0.0,0.0,0.0,0.0,2824.74226804124,0.0,1.8100497504044e-13,0.0,7673.7293410958,2824.74226804124
3651,0.0,0.0,0.0,0.0,0.0,0.0,2436.0,0.0,7673.7293410958,2436.0
3652,259.9254,0.0,0.0,0.0,0.0,0.0,2117.872362,0.0,7673.7293410958,2377.797762
3653,1264.3323,0.0,0.0,0.0,1461.16571477663,0.0,1.3964235483102201e-14,0.0,6000.0,2725.49801477663
3654,2616.49484536082,-3.17982988444798e-13,-1.36764362441666e-13,855.960154639175,-1.07665084320669e-13,0.0,-1.78159519382318e-30,0.0,6000.0,2616.49484536082
3655,2684.53608247423,0.0,0.0,3119.94791752577,-1.2121541395753e-13,0.0,3.90523345585547e-31,0.0,6000.0,2684.53608247423
3656,2567.01030927835,1320.96998969072,0.0,3810.55670103093,-5.18762232831074e-14,0.0,1.85160258643337e-30,0.0,7089.1397565,2567.01030927835
3657,2653.60824742268,2654.37105154639,0.0,3810.55670103093,-2.3188021519266902e-14,0.0,-1.1897716786196999e-30,0.0,9277.6686885,2653.60824742268
3658,2393.81443298969,3829.82786597938,0.0,3810.55670103093,-1.09252626810789e-13,0.0,-3.0844580075875697e-30,0.0,12435.361764,2393.81443298969
3659,2573.19587628866,4098.43942268041,0.0,3810.55670103093,1.30628231956557e-13,0.0,8.631310774316031e-31,0.0,15814.525068,2573.19587628866
3660,2567.01030927835,7427.70864975353,0.0,393.498040968119,-5.18762232831074e-14,0.0,1.85160258643337e-30,0.0,21938.6708497218,2567.01030927835
3661,2517.52577319588,7431.35022680412,0.0,0.0,3.91263775445419e-15,0.0,-2.46041953736201e-32,0.0,28065.8191117218,2517.52577319588
3662,2591.75257731959,6395.44942268041,0.0,0.0,1.72866763357259e-13,0.0,6.66844739709689e-30,0.0,33338.8671607218,2591.75257731959
3663,2548.45360824742,4982.04139175258,0.0,0.0,-9.41147546838085e-14,0.0,-3.9537137332319194e-30,0.0,37446.5602882218,2548.45360824742
3664,2560.82474226804,3008.06025773196,0.0,0.0,-2.34380678522772e-13,0.0,-1.9197544152819e-29,0.0,39926.7059707218,2560.82474226804
3665,2517.52577319588,627.938226804124,0.0,0.0,3.91263775445419e-15,0.0,-2.46041953736201e-32,0.0,40444.4410387218,2517.52577319588
3666,1014.8607,0.0,0.0,0.0,1559.6622233677,0.0,6.41614090273061e-14,0.0,38657.8863727794,2574.5229233677
3667,353.0016,0.0,0.0,0.0,2363.78974570447,0.0,-2.12669175679557e-14,0.0,35950.2234338281,2716.79134570447
3668,67.46838,0.0,0.0,0.0,2722.28599243986,0.0,-1.41592895643967e-13,0.0,32831.9118731868,2789.75437243986
3669,0.0,0.0,0.0,0.0,2797.25085910653,0.0,-1.02806206465e-13,0.0,29627.7299039926,2797.25085910653
3670,0.0,0.0,0.0,0.0,2920.96219931271,0.0,-1.66392016621715e-14,0.0,26281.8396413206,2920.96219931271
3671,0.0,0.0,0.0,0.0,2824.74226804124,0.0,1.8100497504044e-13,0.0,23046.1669402424,2824.74226804124
3672,0.0,0.0,0.0,0.0,2756.01374570447,0.0,-1.31528541399276e-13,0.0,19889.2210688742,2756.01374570447
3673,0.0,0.0,0.0,0.0,2769.75945017182,0.0,1.0377049353443801e-14,0.0,16716.5298315639,2769.75945017182
3674,0.0,0.0,0.0,0.0,2790.37800687285,0.0,-1.7375900184136e-13,0.0,13520.2205453407,2790.37800687285
3675,0.0,0.0,0.0,0.0,2810.99656357388,0.0,3.90993842877199e-14,0.0,10300.2932102046,2810.99656357388
3676,257.5692,0.0,0.0,0.0,2359.86010996564,0.0,-1.69521534392264e-13,0.0,7597.13157221415,2617.42930996564
3677,1318.3296,0.0,0.0,0.0,1394.29586254296,0.0,-9.11929045602918e-15,0.0,6000.0,2712.62546254296
3678,2665.9793814433,0.0,0.0,1003.6026185567,-1.63453945358231e-13,0.0,-5.41479297407974e-30,0.0,6000.0,2665.9793814433
3679,2604.12371134021,0.0,0.0,3507.65328865979,3.26008395182947e-14,0.0,2.4434261016368497e-30,0.0,6000.0,2604.12371134021
3680,2542.26804123711,1624.34025773196,0.0,3810.55670103093,2.2865562439482e-13,0.0,1.0301645177353399e-29,0.0,7339.2685425,2542.2680412371105
3681,2567.01030927835,3009.47498969072,0.0,3810.55670103093,-5.18762232831074e-14,0.0,1.85160258643337e-30,0.0,9820.5806715,2567.01030927835
3682,2641.23711340206,3802.50618556701,0.0,3810.55670103093,1.17077902319697e-13,0.0,3.0352496168403298e-30,0.0,12955.7470215,2641.23711340206
3683,2529.8969072165,4272.42139175258,0.0,3810.55670103093,-1.3635328608451e-13,0.0,-9.7590300528972e-30,0.0,16478.358459,2529.8969072165
3684,2628.86597938144,712.463319587628,0.0,3810.55670103093,-2.47931008159633e-13,0.0,5.01219263484387e-30,0.0,17065.784466,2628.8659793814395
3685,2567.01030927835,3652.15898969072,0.0,3810.55670103093,-5.18762232831074e-14,0.0,1.85160258643337e-30,0.0,20076.989553,2567.01030927835
3686,2628.86597938144,2721.95331958763,0.0,3810.55670103093,-2.47931008159633e-13,0.0,5.01219263484387e-30,0.0,22321.240065,2628.8659793814395
3687,2567.01030927835,1364.58698969072,0.0,3810.55670103093,-5.18762232831074e-14,0.0,1.85160258643337e-30,0.0,23446.342038,2567.01030927835
3688,2653.60824742268,0.0,0.0,3093.06275257732,-2.3188021519266902e-14,0.0,-1.1897716786196999e-30,0.0,23446.342038,2653.60824742268
3689,2758.76288659794,274.46601213623,-5.6843418860808e-14,254.615101265831,4.77387116452748e-14,0.0,1.5741703759925098e-30,0.0,23672.6392650063,2758.76288659794
3690,1025.7513,0.0,0.0,0.0,1870.58561168385,0.0,-8.5125532202419e-14,0.0,21529.9295150821,2896.33691168385
3691,329.7945,0.0,0.0,0.0,2643.87094501718,0.0,1.42030158203385e-13,0.0,18501.4404600796,2973.66544501718
3692,68.33988,0.0,0.0,0.0,2817.53759037801,0.0,5.684615016999221e-14,0.0,15274.0205398299,2885.87747037801
3693,0.0,0.0,0.0,0.0,2687.2852233677,0.0,-4.70676205151085e-14,0.0,12195.8014981716,2687.2852233677
3694,0.0,0.0,0.0,0.0,2701.03092783505,0.0,9.48379702376113e-14,0.0,9101.83709057128,2701.03092783505
3695,0.0,0.0,0.0,0.0,2707.90378006873,0.0,1.65790765613971e-13,0.0,6000.0,2707.90378006873
3696,0.0,0.0,0.0,0.0,0.0,0.0,2340.0,0.0,12000.0,2340.0
3697,0.0,0.0,0.0,0.0,0.0,0.0,2376.0,0.0,12000.0,2376.0
3698,0.0,0.0,0.0,0.0,0.0,0.0,2340.0,0.0,12000.0,2340.0
3699,0.0,0.0,0.0,0.0,0.0,0.0,2328.0,0.0,12000.0,2328.0
3700,385.2702,0.0,0.0,0.0,0.0,0.0,1924.287906,0.0,12000.0,2309.558106
3701,319.0425,0.0,0.0,0.0,0.0,0.0,2192.528775,0.0,12000.0,2511.571275
3702,461.2923,0.0,0.0,0.0,0.0,0.0,2096.546469,0.0,12000.0,2557.838769
3703,1519.3311,0.0,0.0,0.0,0.0,0.0,962.248833,0.0,12000.0,2481.579933
3704,1840.6332,0.0,0.0,0.0,0.0,0.0,710.585796,0.0,12000.0,2551.218996
3705,2635.05154639175,2421.81145360825,0.0,0.0,0.0,0.0,-5.7117380699132e-14,0.0,13996.7835435,2635.05154639175
3706,2616.49484536082,7864.75215463917,0.0,0.0,-1.07665084320669e-13,0.0,-1.78159519382318e-30,0.0,20481.271695,2616.49484536082
3707,2628.86597938144,8305.03602061855,0.0,0.0,-2.47931008159633e-13,0.0,5.01219263484387e-30,0.0,27328.773894,2628.8659793814395
3708,2758.76288659794,8075.32611340206,0.0,0.0,4.77387116452748e-14,0.0,1.5741703759925098e-30,0.0,33986.8802745,2758.76288659794
3709,2678.35051546392,7637.96248453608,0.0,0.0,2.01554965121099e-13,0.0,-7.39173599208328e-30,0.0,40284.380343,2678.35051546392
3710,2764.94845360825,6525.45154639175,0.0,0.0,2.3024316688494e-13,0.0,-2.1451919381263398e-29,0.0,45664.615143,2764.9484536082505
3711,2659.79381443299,5087.31618556701,0.0,0.0,1.59316433720398e-13,0.0,8.840565936505619e-30,0.0,49859.107338,2659.79381443299
3712,2740.20618556701,3032.35781443299,0.0,0.0,5.5001802445737005e-15,0.0,-9.9092522125117e-32,0.0,52359.286356,2740.20618556701
3713,2641.23711340206,647.866886597938,0.0,0.0,1.17077902319697e-13,0.0,3.0352496168403298e-30,0.0,52893.452604,2641.23711340206
3714,1022.3745,0.0,0.0,0.0,1620.0420790378,0.0,8.54144170131082e-14,0.0,51037.7343004057,2642.4165790378
3715,304.3614,0.0,0.0,0.0,2232.26740206186,0.0,9.900749980229381e-14,0.0,48480.7269670015,2536.6288020618604
3716,66.59856,0.0,0.0,0.0,0.0,0.0,2119.3993968,0.0,48480.7269670015,2185.9979568
3717,0.0,0.0,0.0,0.0,0.0,0.0,2190.0,0.0,48480.7269670015,2190.0
3718,0.0,0.0,0.0,0.0,0.0,0.0,2406.0,0.0,48480.7269670015,2406.0
3719,0.0,0.0,0.0,0.0,0.0,0.0,2310.0,0.0,48480.7269670015,2310.0
3720,0.0,0.0,0.0,0.0,2694.15807560137,0.0,2.3885174861251402e-14,0.0,45394.6352423722,2694.15807560137
3721,0.0,0.0,0.0,0.0,2652.92096219931,0.0,-4.8371600730247e-15,0.0,42355.7796155689,2652.92096219931
3722,0.0,0.0,0.0,0.0,2639.17525773196,0.0,-1.46742750825744e-13,0.0,39332.6693547076,2639.17525773196
3723,0.0,0.0,0.0,0.0,2536.0824742268,0.0,-2.00513694994932e-14,0.0,36427.6493384111,2536.0824742268
3724,189.93996,0.0,0.0,0.0,2325.0380742268,0.0,-1.50484002016379e-13,0.0,33764.3754847722,2514.9780342268
3725,0.0,0.0,0.0,0.0,2591.06529209622,0.0,1.50576556187503e-13,0.0,30796.3740047078,2591.06529209622
3726,248.3964,0.0,0.0,0.0,2486.89059793814,0.0,-2.0138751825381502e-14,0.0,27947.7020712162,2735.2869979381403
3727,2276.232,0.0,0.0,0.0,199.375670103093,0.0,-1.0275556991773501e-14,0.0,27719.3221512814,2475.607670103093
3728,1136.1,0.0,0.0,0.0,1418.07903780069,0.0,-1.1805527155316201e-14,0.0,26094.9475375349,2554.17903780069
3729,1685.7015,0.0,0.0,0.0,704.317920962199,0.0,3.49024239216117e-14,0.0,25288.1687048176,2390.019420962198
3730,927.4881,0.0,0.0,0.0,1697.98000343643,0.0,5.69037794723152e-14,0.0,23343.1744282581,2625.4681034364303
3731,660.009,0.0,0.0,0.0,2139.50890034364,0.0,1.4568170474466e-13,0.0,20892.4196741417,2799.51790034364
3732,1166.7096,0.0,0.0,0.0,1466.54259793814,0.0,3.5145976758921602e-15,0.0,19212.5312458047,2633.25219793814
3733,1572.585,0.0,0.0,0.0,1015.56993127148,0.0,4.20491551467554e-14,0.0,18049.2209007057,2588.15493127148
3734,1600.0341,0.0,0.0,0.0,909.469556701031,0.0,-2.8182442038708303e-15,0.0,17007.4459216667,2509.503656701031
3735,1478.3937,0.0,0.0,0.0,1092.73552233677,0.0,-2.10236530010079e-14,0.0,15755.744292415,2571.12922233677
3736,959.4018,0.0,0.0,0.0,1793.10452920962,0.0,4.7068312854764904e-14,0.0,13701.7872142825,2752.50632920962
3737,600.7848,0.0,0.0,0.0,2115.96648797251,0.0,-1.20842062600039e-13,0.0,11277.9997137413,2716.75128797251
3738,373.8168,0.0,0.0,0.0,0.0,0.0,2097.397704,0.0,11277.9997137413,2471.214504
3739,97.00824,0.0,0.0,0.0,0.0,0.0,2347.9020072,0.0,11277.9997137413,2444.9102472
3740,9.436455,0.0,0.0,0.0,0.0,0.0,2456.84663865,0.0,11277.9997137413,2466.28309365
3741,0.0,0.0,0.0,0.0,0.0,0.0,2406.0,0.0,11277.9997137413,2406.0
3742,0.0,0.0,0.0,0.0,1879.17141332636,0.0,747.483356166085,0.0,9125.45513948426,2626.6547694924448
3743,0.0,0.0,0.0,0.0,2728.52233676976,0.0,-1.8345285580832402e-14,0.0,6000.0,2728.52233676976
3744,0.0,0.0,0.0,0.0,0.0,0.0,2346.0,0.0,12000.0,2346.0
3745,0.0,0.0,0.0,0.0,0.0,0.0,2346.0,0.0,12000.0,2346.0
3746,0.0,0.0,0.0,0.0,0.0,0.0,2322.0,0.0,12000.0,2322.0
3747,0.0,0.0,0.0,0.0,0.0,0.0,2196.0,0.0,12000.0,2196.0
3748,159.37446,0.0,0.0,0.0,0.0,0.0,2005.4067738,0.0,12000.0,2164.7812338000003
3749,50.26917,0.0,0.0,0.0,0.0,0.0,2093.2389051,0.0,12000.0,2143.5080751
3750,26.53224,0.0,0.0,0.0,0.0,0.0,2104.2637272,0.0,12000.0,2130.7959672
3751,272.7291,0.0,0.0,0.0,2152.9795257732,0.0,51.9016470000001,0.0,9533.81497620482,2477.6102727732
3752,482.4036,0.0,0.0,0.0,2068.80699656357,0.0,-1.22744824088692e-13,0.0,7164.04751164173,2551.21059656357
3753,1423.5522,0.0,0.0,0.0,1016.21347766323,0.0,-8.54034447132927e-15,0.0,6000.0,2439.7656776632302
3754,2356.70103092784,88.6439690721645,0.0,0.0,-1.93729689612191e-13,0.0,-3.67628152279106e-30,0.0,6073.0869525,2356.70103092784
3755,2375.25773195876,1033.71426804124,0.0,0.0,-1.5149115821149e-13,0.0,2.12903479687423e-30,0.0,6925.3843665,2375.25773195876
3756,2319.58762886598,2475.74137113402,0.0,0.0,2.27068081904701e-13,0.0,-2.02002676053804e-30,0.0,8966.633127,2319.58762886598
3757,2449.48453608247,4816.26346391753,0.0,0.0,1.74629673913147e-14,0.0,5.5797954624942105e-31,0.0,12937.642353,2449.48453608247
3758,2369.07216494845,3787.72883505155,0.0,0.0,0.0,0.0,1.49526759817012e-13,0.0,16060.6247775,2369.07216494845
3759,2529.8969072165,3928.9260927835,0.0,0.0,0.0,0.0,-1.19036418751777e-13,0.0,19300.024341,2529.8969072165
3760,2585.56701030928,1640.07398969072,0.0,0.0,0.0,0.0,-8.41370501334073e-15,0.0,20652.2653455,2585.56701030928
3761,466.0782,0.0,0.0,0.0,0.0,0.0,2055.904146,0.0,20652.2653455,2521.982346
3762,1491.5187,0.0,0.0,0.0,0.0,0.0,1031.226861,0.0,20652.2653455,2522.745561
3763,430.5084,0.0,0.0,0.0,0.0,0.0,2162.406852,0.0,20652.2653455,2592.915252
3764,82.00374,0.0,0.0,0.0,0.0,0.0,2554.4563722,0.0,20652.2653455,2636.4601122
3765,0.0,0.0,0.0,0.0,0.0,0.0,2592.0,0.0,20652.2653455,2592.0
3766,0.0,0.0,0.0,0.0,3072.16494845361,0.0,-4.36554526777868e-14,0.0,17133.1760574661,3072.16494845361
3767,0.0,0.0,0.0,0.0,3003.43642611684,0.0,4.08054682063807e-14,0.0,13692.8135991421,3003.43642611684
3768,0.0,0.0,0.0,0.0,2859.10652920962,0.0,1.38774514598356e-13,0.0,10417.777483209,2859.10652920962
3769,0.0,0.0,0.0,0.0,853.283316724593,0.0,1805.08366449943,0.0,9440.36245832398,2658.3669812240228
3770,0.0,0.0,0.0,0.0,3003.43642611684,0.0,4.08054682063807e-14,0.0,6000.0,3003.43642611684
3771,0.0,0.0,0.0,0.0,0.0,0.0,2550.0,0.0,6000.0,2550.0
3772,365.0031,0.0,0.0,0.0,0.0,0.0,2099.946993,0.0,6000.0,2464.950093
3773,1382.6337,0.0,0.0,0.0,0.0,0.0,1232.845311,0.0,6000.0,2615.4790110000004
3774,2789.69072164948,770.145278350515,0.0,0.0,-5.02886807929879e-14,0.0,-2.3549391618657898e-30,0.0,6634.984782,2789.69072164948
3775,2746.39175257732,3174.51624742268,0.0,0.0,1.88004635484239e-13,0.0,-5.219617452674539e-30,0.0,9252.373428,2746.39175257732
3776,2703.09278350515,5141.16321649484,0.0,0.0,-7.89768825568285e-14,0.0,-4.822969458876259e-30,0.0,13491.2625,2703.09278350515
3777,2573.19587628866,1001.69542268041,0.0,3810.55670103093,1.30628231956557e-13,0.0,8.631310774316031e-31,0.0,14317.160376,2573.19587628866
3778,2690.72164948454,1462.61464948454,0.0,3810.55670103093,6.128904128213531e-14,0.0,-5.9794816341622105e-31,0.0,15523.0861545,2690.72164948454
3779,2746.39175257732,1750.65154639175,0.0,3810.55670103093,1.88004635484239e-13,0.0,-5.219617452674539e-30,0.0,16966.4983545,2746.39175257732
3780,2678.35051546392,0.0,0.0,3755.20948453608,2.01554965121099e-13,0.0,-7.39173599208328e-30,0.0,16966.4983545,2678.35051546392
3781,2690.72164948454,1635.92997533938,-2.27373675443232e-13,988.112375176084,6.128904128213531e-14,0.0,-5.9794816341622105e-31,0.0,18315.3226191673,2690.72164948454
3782,2746.39175257732,5211.97824742268,0.0,0.0,1.88004635484239e-13,0.0,-5.219617452674539e-30,0.0,22612.5986841673,2746.39175257732
3783,2795.87628865979,1423.90571134021,0.0,0.0,1.32215774446677e-13,0.0,-8.8528152329311e-30,0.0,23786.6089431673,2795.87628865979
3784,2703.09278350515,1549.13421649485,0.0,0.0,-7.89768825568285e-14,0.0,-4.822969458876259e-30,0.0,25063.8701046673,2703.09278350515
3785,2755.116,0.0,0.0,0.0,10.9249484536083,0.0,-2.32836064289173e-16,0.0,25051.3558452703,2766.0409484536085
3786,1372.8099,0.0,0.0,0.0,1471.21924054983,0.0,-8.310646528189061e-14,0.0,23366.1104379967,2844.02914054983
3787,235.8594,0.0,0.0,0.0,2700.13331271478,0.0,-9.29742801632564e-14,0.0,20273.1742264105,2935.99271271478
3788,0.0,0.0,0.0,0.0,3065.29209621993,0.0,-1.14608248054147e-13,0.0,16761.9576213476,3065.29209621993
3789,0.0,0.0,0.0,0.0,3092.78350515464,0.0,1.69202933451293e-13,0.0,13219.2502844007,3092.78350515464
3790,0.0,0.0,0.0,0.0,3168.38487972509,0.0,1.55694807943485e-13,0.0,9589.94343477285,3168.38487972509
3791,0.0,0.0,0.0,0.0,3134.0206185567,0.0,1.97925268385569e-13,0.0,6000.0,3134.0206185567
3792,0.0,0.0,0.0,0.0,2289.54639175258,0.0,575.226,0.0,9377.38099455604,2864.77239175258
3793,0.0,0.0,0.0,0.0,0.0,0.0,2670.0,0.0,9377.38099455604,2670.0
3794,0.0,0.0,0.0,0.0,2948.45360824742,0.0,-1.29822457480615e-13,0.0,6000.0,2948.45360824742
3795,0.0,0.0,0.0,0.0,0.0,0.0,2232.0,0.0,6000.0,2232.0
3796,377.5863,0.0,0.0,0.0,0.0,0.0,1763.741289,0.0,6000.0,2141.327589
3797,117.32553,0.0,0.0,0.0,0.0,0.0,2202.1942359,0.0,6000.0,2319.5197659
3798,891.4479,0.0,0.0,0.0,0.0,0.0,1493.295537,0.0,6000.0,2384.743437
3799,2393.81443298969,1484.61256701031,0.0,0.0,-1.09252626810789e-13,0.0,-3.0844580075875697e-30,0.0,7224.0630615,2393.81443298969
3800,2387.62886597938,2983.49913402062,0.0,0.0,2.1351775226784e-13,0.0,1.52091778870695e-31,0.0,9683.9580975,2387.62886597938
3801,2356.70103092784,3819.33596907216,0.0,0.0,-1.93729689612191e-13,0.0,-3.67628152279106e-30,0.0,12833.000604,2356.70103092784
3802,2356.70103092784,864.467969072165,0.0,0.0,-1.93729689612191e-13,0.0,-3.67628152279106e-30,0.0,13545.7544445,2356.70103092784
3803,2344.32989690722,3937.82010309278,0.0,0.0,-5.3463765773226904e-14,0.0,5.48739772668981e-31,0.0,16792.4871195,2344.32989690722
3804,2350.51546391753,5726.50453608247,0.0,0.0,1.29040689466438e-13,0.0,1.05790773877943e-29,0.0,21513.9901095,2350.51546391753
3805,2270.10309278351,5613.69590721649,0.0,0.0,-2.22417891376031e-13,0.0,1.03839018663891e-29,0.0,26142.482385,2270.10309278351
3806,2430.92783505155,6393.14616494845,0.0,0.0,-2.47755640093864e-14,0.0,2.6206778864767996e-31,0.0,31413.631398,2430.92783505155
3807,2443.29896907217,5039.94603092783,0.0,0.0,-1.6504148784835e-13,0.0,4.30115333628296e-30,0.0,35569.0669005,2443.29896907217
3808,2665.9793814433,2921.5536185567,0.0,0.0,-1.63453945358231e-13,0.0,-5.41479297407974e-30,0.0,37977.887859,2665.9793814433
3809,2227.344,0.0,0.0,0.0,459.881237113402,0.0,-2.65053536965105e-15,0.0,37451.1052277132,2687.225237113402
3810,681.7923,0.0,0.0,0.0,2135.92379037801,0.0,-1.549126626259e-13,0.0,35004.4571287693,2817.71609037801
3811,154.04256,0.0,0.0,0.0,2777.29520824742,0.0,-1.37857200840146e-13,0.0,31823.133866172,2931.33776824742
3812,16.160991,0.0,0.0,0.0,2813.65846360825,0.0,1.15046920370091e-13,0.0,28600.157390103,2829.81945460825
3813,0.0,0.0,0.0,0.0,0.0,0.0,2430.0,0.0,28600.157390103,2430.0
3814,0.0,0.0,0.0,0.0,2790.37800687285,0.0,-1.7375900184136e-13,0.0,25403.8481038798,2790.37800687285
3815,0.0,0.0,0.0,0.0,2824.74226804124,0.0,1.8100497504044e-13,0.0,22168.1754028016,2824.74226804124
3816,0.0,0.0,0.0,0.0,2810.99656357388,0.0,3.90993842877199e-14,0.0,18948.2480676655,2810.99656357388
3817,0.0,0.0,0.0,0.0,2893.47079037801,0.0,9.654405415627211e-14,0.0,15633.8485368774,2893.47079037801
3818,0.0,0.0,0.0,0.0,2756.01374570447,0.0,-1.31528541399276e-13,0.0,12476.9026655091,2756.01374570447
3819,0.0,0.0,0.0,0.0,2522.33676975945,0.0,-1.61956960252213e-13,0.0,9587.62801515466,2522.33676975945
3820,298.7145,0.0,0.0,0.0,1907.88551496198,0.0,108.662880438192,0.0,7402.19214463693,2315.262895400172
3821,1323.0399,0.0,0.0,0.0,1224.11374226804,0.0,-9.013924941167051e-14,0.0,6000.0,2547.15364226804
3822,2542.26804123711,6.35341143668786e-13,-1.80593792782322e-13,987.684958762886,2.2865562439482e-13,0.0,1.0301645177353399e-29,0.0,6000.0,2542.2680412371105
3823,2542.26804123711,0.0,0.0,3308.35295876289,2.2865562439482e-13,0.0,1.0301645177353399e-29,0.0,6000.0,2542.2680412371105
3824,2517.52577319588,1379.7365257732,0.0,3810.55670103093,3.91263775445419e-15,-7.64294306540785e-14,-2.46041953736201e-32,0.0,7137.5927655,2517.52577319588
3825,2529.8969072165,2677.51339175258,0.0,3810.55670103093,-1.3635328608451e-13,-7.64294306540785e-14,-9.7590300528972e-30,0.0,9345.202557,2529.8969072165
3826,2461.85567010309,3563.27362886598,0.0,3810.55670103093,-1.22802956447649e-13,-7.64294306540785e-14,1.01064696559482e-29,0.0,12283.121664,2461.85567010309
3827,2486.59793814433,3984.67636082474,0.0,3810.55670103093,1.01940030192717e-13,-7.64294306540785e-14,3.90450534248468e-30,0.0,15568.4873235,2486.59793814433
3828,2554.63917525773,3885.87012371134,0.0,3810.55670103093,8.83897005558564e-14,-7.64294306540785e-14,-4.94218524223368e-30,0.0,18772.3872405,2554.63917525773
3829,2517.52577319588,3499.03552577319,0.0,3810.55670103093,3.91263775445419e-15,-7.64294306540785e-14,-2.46041953736201e-32,0.0,21657.3420315,2517.52577319588
3830,2567.01030927835,2577.84098969072,0.0,3810.55670103093,-5.18762232831074e-14,-7.64294306540785e-14,1.85160258643337e-30,0.0,23782.7719275,2567.01030927835
3831,2498.96907216495,1268.74422680412,0.0,3810.55670103093,-3.83258936462469e-14,-7.64294306540785e-14,-3.20515952975361e-31,0.0,24828.8515425,2498.96907216495
3832,2573.19587628866,0.0,0.0,3110.55912371134,1.30628231956557e-13,777.775085910653,8.631310774316031e-31,0.0,23937.9293364168,2573.19587628866
3833,2567.01030927835,0.0,0.0,724.025690721649,-5.18762232831074e-14,370.685665674661,1.85160258643337e-30,0.0,23513.3180355294,2567.01030927835
3834,1122.954,0.0,0.0,0.0,1583.88845360825,0.0,4.85156598515037e-14,0.0,21699.0128194833,2706.8424536082503
3835,350.3871,0.0,0.0,0.0,2421.67756357388,0.0,-1.87146871220325e-13,0.0,18925.0408108076,2772.06466357388
3836,75.72327,0.0,0.0,0.0,2829.95238041237,0.0,4.50447721441314e-14,0.0,15683.4000543215,2905.67565041237
3837,0.0,0.0,0.0,0.0,2762.88659793814,0.0,-6.057574602291611e-14,0.0,12518.5814999823,2762.88659793814
3838,0.0,0.0,0.0,0.0,2838.48797250859,0.0,-7.408387153072381e-14,0.0,9267.16343296214,2838.48797250859
3839,0.0,0.0,0.0,0.0,2852.23367697594,0.0,6.782171922199599e-14,0.0,6000.0,2852.23367697594
3840,0.0,0.0,0.0,0.0,0.0,0.0,2466.0,0.0,12000.0,2466.0
3841,0.0,0.0,0.0,0.0,0.0,0.0,2496.0,0.0,12000.0,2496.0
3842,0.0,0.0,0.0,0.0,2687.2852233677,0.0,-4.70676205151085e-14,0.0,8921.7809583417,2687.2852233677
3843,31.04472,0.0,0.0,0.0,0.0,0.0,2333.8866216,0.0,8921.7809583417,2364.9313416
3844,269.7576,0.0,0.0,0.0,1232.65610309278,0.0,936.22635,0.0,7509.8037497589,2438.64005309278
3845,1325.0874,0.0,0.0,0.0,1318.05867353952,0.0,-9.565671157656031e-14,0.0,6000.0,2643.14607353952
3846,2560.82474226804,1.1264017685443e-13,-1.1264017685443e-13,1055.94225773196,-2.34380678522772e-13,0.0,-1.9197544152819e-29,0.0,6000.0,2560.82474226804
3847,2418.55670103093,0.0,0.0,3571.58829896907,1.15490359829577e-13,0.0,-9.28642232105115e-30,0.0,6000.0,2418.55670103093
3848,2455.67010309278,0.0,0.0,2908.17089690722,1.9996742263098e-13,0.0,2.32421031827943e-30,0.0,6000.0,2455.67010309278
3849,2461.85567010309,5454.90957162038,0.0,1493.79675827653,-1.22802956447649e-13,0.0,1.01064696559482e-29,0.0,10497.572941801,2461.85567010309
3850,2455.67010309278,7949.05289690721,0.0,0.0,1.9996742263098e-13,0.0,2.32421031827943e-30,0.0,17051.567055301,2455.67010309278
3851,2548.45360824742,8329.86139175258,0.0,0.0,-9.41147546838085e-14,0.0,-3.9537137332319194e-30,0.0,23919.537772801,2548.45360824742
3852,2573.19587628866,4592.67612371134,0.0,0.0,1.30628231956557e-13,0.0,8.631310774316031e-31,0.0,27706.199236801,2573.19587628866
3853,2529.8969072165,3428.89509278351,0.0,0.0,-1.3635328608451e-13,0.0,-9.7590300528972e-30,0.0,30533.323240801,2529.8969072165
3854,2678.35051546392,3309.23248453608,0.0,0.0,2.01554965121099e-13,0.0,-7.39173599208328e-30,0.0,33261.785424301,2678.35051546392
3855,2529.8969072165,1818.90909278351,0.0,0.0,-1.3635328608451e-13,0.0,-9.7590300528972e-30,0.0,34761.475971301,2529.8969072165
3856,2505.15463917526,3140.90536082474,0.0,0.0,1.44178561593418e-13,0.0,-1.3089874619771299e-30,0.0,37351.152441301,2505.15463917526
3857,2369.07216494845,344.904835051546,0.0,0.0,1.71279220867139e-13,0.0,-5.653224540794589e-30,0.0,37635.526477801,2369.07216494845
3858,1125.6525,0.0,0.0,0.0,1388.45025773196,0.0,8.36387852447231e-14,0.0,36045.0909019339,2514.10275773196
3859,375.4128,0.0,0.0,0.0,2304.52415120275,0.0,1.9100319816805402e-14,0.0,33405.3152419079,2679.93695120275
3860,82.78515,0.0,0.0,0.0,2492.20893986254,0.0,-1.52006036309404e-13,0.0,30550.5512787205,2574.99408986254
3861,0.0,0.0,0.0,0.0,2460.48109965636,0.0,-6.543243991685521e-15,0.0,27732.130775105,2460.48109965636
3862,0.0,0.0,0.0,0.0,2426.11683848797,0.0,3.56872164503982e-14,0.0,24953.0736863444,2426.11683848797
3863,0.0,0.0,0.0,0.0,2556.70103092783,0.0,1.92807016629586e-13,0.0,22024.435621135,2556.70103092783
3864,0.0,0.0,0.0,0.0,2419.2439862543,0.0,-3.5265578925961603e-14,0.0,19253.2512153454,2419.2439862543
3865,0.0,0.0,0.0,0.0,2694.15807560137,0.0,2.3885174861251402e-14,0.0,16167.1594907161,2694.15807560137
3866,0.0,0.0,0.0,0.0,2687.2852233677,0.0,-4.70676205151085e-14,0.0,13088.9404490578,2687.2852233677
3867,21.72555,0.0,0.0,0.0,2628.78146219931,0.0,-1.95419180460378e-13,0.0,10077.7360250036,2650.5070121993103
3868,339.8388,0.0,0.0,0.0,2076.00958075601,0.0,-1.2683170814476301e-14,0.0,7699.71817763135,2415.84838075601
3869,1349.1135,0.0,0.0,0.0,1236.38018900344,0.0,-3.5093030367854804e-14,0.0,6283.47512035364,2585.49368900344
3870,2214.387,0.0,0.0,0.0,247.473780068728,0.0,9.875609272691451e-15,0.0,6000.0,2461.860780068728
3871,2369.07216494845,2773.87932153235,0.0,611.867513519201,1.71279220867139e-13,0.0,-5.653224540794589e-30,0.0,8287.06350060342,2369.07216494845
3872,2430.92783505155,4385.77716494845,0.0,0.0,-2.47755640093864e-14,0.0,2.6206778864767996e-31,0.0,11903.1367731034,2430.92783505155
3873,2430.92783505155,5073.56916494845,0.0,0.0,-2.47755640093864e-14,0.0,2.6206778864767996e-31,0.0,16086.2945496034,2430.92783505155
3874,2486.59793814433,6043.30806185567,0.0,0.0,1.01940030192717e-13,0.0,3.90450534248468e-30,0.0,21069.0020466034,2486.59793814433
3875,2381.44329896907,4101.19370103093,0.0,0.0,3.10132970281752e-14,0.0,1.14056328787246e-30,0.0,24450.4362531034,2381.44329896907
3876,2517.52577319588,2430.26322680412,0.0,0.0,3.91263775445419e-15,0.0,-2.46041953736201e-32,0.0,26454.1882836034,2517.52577319588
3877,2430.92783505155,1606.11216494845,0.0,0.0,-2.47755640093864e-14,0.0,2.6206778864767996e-31,0.0,27778.4277636034,2430.92783505155
3878,1499.946,0.0,0.0,0.0,1089.4070790378,0.0,6.40081891117422e-14,0.0,26530.5387841787,2589.3530790378
3879,1126.2657,0.0,0.0,0.0,1463.37029896907,0.0,9.69595431480902e-14,0.0,24854.2841461843,2589.63599896907
3880,2152.57731958763,151.521680412371,0.0,0.0,-1.53078700701609e-13,0.0,-1.01926371410173e-29,0.0,24979.2137716843,2152.57731958763
3881,285.7953,0.0,0.0,0.0,1964.23660824742,0.0,4.07784679059507e-14,0.0,22729.2291116071,2250.03190824742
3882,49.65912,0.0,0.0,0.0,2192.24588041237,0.0,-5.47681973010363e-14,0.0,20218.0654456135,2241.9050004123696
3883,0.0,0.0,0.0,0.0,2419.2439862543,0.0,-3.5265578925961603e-14,0.0,17446.881039824,2419.2439862543
3884,0.0,0.0,0.0,0.0,2570.44673539519,0.0,-6.22818299415769e-14,0.0,14502.4976086725,2570.44673539519
3885,0.0,0.0,0.0,0.0,2577.31958762887,0.0,8.670965434782951e-15,0.0,11550.2414945501,2577.31958762887
3886,0.0,0.0,0.0,0.0,2432.98969072165,0.0,1.06640011826758e-13,0.0,8763.31172281858,2432.98969072165
3887,0.0,0.0,0.0,0.0,2412.37113402062,0.0,-1.06218374302322e-13,0.0,6000.0,2412.37113402062
3888,0.0,0.0,0.0,0.0,0.0,0.0,2100.0,0.0,12000.0,2100.0
3889,0.0,0.0,0.0,0.0,0.0,0.0,2136.0,0.0,12000.0,2136.0
3890,0.0,0.0,0.0,0.0,0.0,0.0,2130.0,0.0,12000.0,2130.0
3891,0.0,0.0,0.0,0.0,0.0,0.0,2148.0,0.0,12000.0,2148.0
3892,424.6767,0.0,0.0,0.0,0.0,0.0,1694.063601,0.0,12000.0,2118.740301
3893,405.5625,0.0,0.0,0.0,0.0,0.0,1814.604375,0.0,12000.0,2220.166875
3894,446.8401,0.0,0.0,0.0,0.0,0.0,1846.565103,0.0,12000.0,2293.405203
3895,2164.029,0.0,0.0,0.0,0.0,0.0,66.8918700000001,0.0,12000.0,2230.92087
3896,2344.32989690722,986.816103092783,0.0,0.0,0.0,0.0,-4.66738675200271e-14,0.0,12813.629877,2344.32989690722
3897,2190.405,0.0,0.0,0.0,150.40910652921,0.0,-7.17930762567461e-15,0.0,12641.3399497042,2340.81410652921
3898,1699.4124,0.0,0.0,0.0,695.956439862543,0.0,-1.02461036280087e-14,0.0,11844.1389876624,2395.3688398625427
3899,1706.712,0.0,0.0,0.0,722.210034364261,0.0,-9.403660011805461e-15,0.0,11016.865179685,2428.922034364261
3900,1500.0132,0.0,0.0,0.0,938.129663230241,0.0,4.1115785732924105e-14,0.0,9942.26075444988,2438.1428632302413
3901,1569.3636,0.0,0.0,0.0,957.293594501718,0.0,3.95582119852053e-14,0.0,8845.70451790725,2526.6571945017176
3902,2319.58762886598,6614.16937113402,0.0,0.0,2.27068081904701e-13,0.0,-2.02002676053804e-30,0.0,14299.0871644072,2319.58762886598
3903,2220.61855670103,5197.48444329897,0.0,0.0,-1.6662903033847e-13,0.0,-8.02051860160852e-30,0.0,18584.4130879072,2220.61855670103
3904,1456.1211,0.0,0.0,0.0,780.713096219931,0.0,-1.7485190013708602e-14,0.0,17690.1254633712,2236.834196219931
3905,608.0508,0.0,0.0,0.0,1537.44641924399,0.0,-9.344801125045171e-14,0.0,15929.018453928,2145.49721924399
3906,1228.0779,0.0,0.0,0.0,965.365907216495,0.0,2.62432903358078e-15,0.0,14823.2155819732,2193.443807216495
3907,12.92718,0.0,0.0,0.0,0.0,0.0,2117.4606354,0.0,14823.2155819732,2130.3878154
3908,37.71957,0.0,0.0,0.0,0.0,0.0,2063.4120171,0.0,14823.2155819732,2101.1315871
3909,0.0,0.0,0.0,0.0,0.0,0.0,2130.0,0.0,14823.2155819732,2130.0
3910,0.0,0.0,0.0,0.0,0.0,0.0,2202.0,0.0,14823.2155819732,2202.0
3911,0.0,0.0,0.0,0.0,0.0,0.0,2268.0,0.0,14823.2155819732,2268.0
3912,0.0,0.0,0.0,0.0,0.0,0.0,2268.0,0.0,14823.2155819732,2268.0
3913,0.0,0.0,0.0,0.0,0.0,0.0,2166.0,0.0,14823.2155819732,2166.0
3914,0.0,0.0,0.0,0.0,0.0,0.0,2070.0,0.0,14823.2155819732,2070.0
3915,0.0,0.0,0.0,0.0,0.0,0.0,2040.0,0.0,14823.2155819732,2040.0
3916,249.7404,0.0,0.0,0.0,1895.6783199011,0.0,142.824638726337,0.0,12651.7627527623,2288.243358627437
3917,244.1544,0.0,0.0,0.0,2044.86853608247,0.0,5.729260361434721e-14,0.0,10309.4162051306,2289.02293608247
3918,376.2339,0.0,0.0,0.0,2014.95202405498,0.0,-1.46106202264651e-14,0.0,8001.33828525092,2391.18592405498
3919,660.5382,0.0,0.0,0.0,1747.16832302406,0.0,5.858277120833591e-14,0.0,6000.0,2407.70652302406
3920,2294.84536082474,3.2302478635525104e-15,-3.2302478635525104e-15,32.2066391752578,2.3250952643346703e-15,0.0,4.98841313778767e-32,0.0,6000.0,2294.84536082474
3921,2338.14432989691,19.8389690721633,0.0,3810.55670103093,-2.35968221012892e-13,0.0,1.25560204057978e-29,0.0,6016.35723,2338.1443298969098
3922,2362.88659793814,4234.76570103093,0.0,3810.55670103093,-1.12252343725259e-14,0.0,-5.32699610245165e-31,0.0,9507.9215505,2362.88659793814
3923,2331.9587628866,4826.33053608247,0.0,3810.55670103093,8.68021580657368e-14,-7.64294306540785e-14,4.77376106812902e-30,0.0,13487.2310775,2331.9587628866
3924,2356.70103092784,4860.87126804124,0.0,3810.55670103093,-1.93729689612191e-13,-7.64294306540785e-14,-3.67628152279106e-30,0.0,17495.019438,2356.70103092784
3925,2418.55670103093,4269.29059793814,0.0,3810.55670103093,1.15490359829577e-13,0.0,-9.28642232105115e-30,0.0,21015.049536,2418.55670103093
3926,2468.0412371134,3157.73106185567,0.0,3810.55670103093,5.97014987920158e-14,0.0,-1.90081097718061e-30,0.0,23618.5987965,2468.0412371134
3927,2505.15463917526,1590.11665979381,0.0,3810.55670103093,1.44178561593418e-13,0.0,-1.3089874619771299e-30,0.0,24929.6499825,2505.15463917526
3928,2591.75257731959,0.0,0.0,3315.19042268041,1.72866763357259e-13,0.0,6.66844739709689e-30,0.0,24929.6499825,2591.75257731959
3929,2523.71134020619,0.0,0.0,897.965659793815,1.86417092994119e-13,0.0,4.4963288576881596e-30,0.0,24929.6499825,2523.71134020619
3930,1175.202,0.0,0.0,0.0,1381.5052233677,0.0,6.11164545165503e-14,0.0,23347.1697724568,2556.7072233677
3931,371.9163,0.0,0.0,0.0,2438.99334364261,0.0,1.8213873670383899e-13,0.0,20553.3629641606,2810.90964364261
3932,97.22811,0.0,0.0,0.0,2764.82100034364,0.0,8.58563371514685e-14,0.0,17386.3285995058,2862.04911034364
3933,0.0,0.0,0.0,0.0,2852.23367697594,0.0,6.782171922199599e-14,0.0,14119.1651665436,2852.23367697594
3934,0.0,0.0,0.0,0.0,2893.47079037801,1252.97964400085,9.654405415627211e-14,0.0,9369.50831158505,2893.47079037801
3935,0.0,0.0,0.0,0.0,2941.58075601375,0.0,1.96219184466908e-13,0.0,6000.0,2941.58075601375
3936,0.0,0.0,0.0,0.0,0.0,0.0,2550.0,0.0,12000.0,2550.0
3937,0.0,0.0,0.0,0.0,0.0,0.0,2550.0,0.0,12000.0,2550.0
3938,0.0,0.0,0.0,0.0,1222.25882130584,0.0,1470.968049,0.0,10599.9326216428,2693.22687030584
3939,28.98588,0.0,0.0,0.0,0.0,0.0,2509.8836964,0.0,10599.9326216428,2538.8695764000004
3940,310.4766,0.0,0.0,0.0,2466.02256357388,0.0,-3.35016891815008e-15,0.0,7775.16450758336,2776.49916357388
3941,1370.2017,0.0,0.0,0.0,1549.71861512027,0.0,7.00554611923115e-14,0.0,6000.0,2919.92031512027
3942,2665.9793814433,968.8686185567,0.0,0.0,-1.63453945358231e-13,0.0,-5.41479297407974e-30,0.0,6798.832176,2665.9793814433
3943,2350.51546391753,3674.36353608247,0.0,0.0,1.29040689466438e-13,0.0,1.05790773877943e-29,0.0,9828.3449115,2350.51546391753
3944,2430.92783505155,2253.82520498008,0.0,3288.23295996837,-2.47755640093864e-14,0.0,2.6206778864767996e-31,0.0,11686.6237930061,2430.92783505155
3945,2319.58762886598,3295.55867010309,0.0,3810.55670103093,2.27068081904701e-13,0.0,-2.02002676053804e-30,0.0,14403.8119165061,2319.58762886598
3946,2313.40206185567,8059.42193814433,0.0,0.0,4.4563626665035705e-14,0.0,-1.0315552515362699e-30,0.0,21048.8053045061,2313.40206185567
3947,2270.10309278351,8537.94590721649,0.0,0.0,-2.22417891376031e-13,0.0,1.03839018663891e-29,0.0,28088.3417050061,2270.10309278351
3948,2208.24742268041,8579.78857731959,0.0,0.0,-2.6363106499505902e-14,0.0,-1.0407950251167099e-30,0.0,35162.3773870061,2208.24742268041
3949,2232.98969072165,8079.75330927835,0.0,0.0,1.9837988014086e-13,0.0,-9.997461619612059e-30,0.0,41824.1339905061,2232.98969072165
3950,2400.0,6936.579,0.0,0.0,7.32518284288763e-14,0.0,-4.07292951658934e-30,0.0,47543.3433760061,2400.0
3951,2313.40206185567,5554.12193814433,0.0,0.0,4.4563626665035705e-14,0.0,-1.0315552515362699e-30,0.0,52122.7169140061,2313.40206185567
3952,2245.36082474227,3682.54017525773,0.0,0.0,5.81139563018963e-14,0.0,-3.203673790945e-30,0.0,55158.9712885061,2245.36082474227
3953,2115.46391752577,1341.34608247423,0.0,0.0,-2.37555763503011e-13,0.0,2.3434846790635904e-31,0.0,56264.9111335061,2115.4639175257694
3954,1160.1156,0.0,0.0,0.0,1150.84520962199,0.0,6.252570942710281e-14,0.0,54946.6462885782,2310.96080962199
3955,347.9805,0.0,0.0,0.0,2135.69176975945,0.0,-1.75793748096008e-14,0.0,52500.2639635388,2483.67226975945
3956,91.2324,0.0,0.0,0.0,2400.34887972509,0.0,3.0639222500861304e-14,0.0,49750.723436935,2491.5812797250896
3957,0.0,0.0,0.0,0.0,2446.735395189,0.0,-1.48448834744405e-13,0.0,46948.0482992615,2446.735395189
3958,0.0,0.0,0.0,0.0,2453.60824742268,0.0,-7.74960393680454e-14,0.0,44137.5004786169,2453.60824742268
3959,0.0,0.0,0.0,0.0,2529.20962199313,0.0,-9.10041648758531e-14,0.0,41240.3531452915,2529.20962199313
3960,0.0,0.0,0.0,0.0,2371.13402061856,0.0,-1.3494070923659799e-13,0.0,38524.2775202989,2371.13402061856
3961,0.0,0.0,0.0,0.0,2453.60824742268,0.0,-7.74960393680454e-14,0.0,35713.7296996543,2453.60824742268
3962,0.0,0.0,0.0,0.0,2364.26116838488,0.0,1.91100932710926e-13,0.0,33005.5267576327,2364.26116838488
3963,0.0,0.0,0.0,0.0,2556.70103092783,0.0,1.92807016629586e-13,0.0,30076.8886924233,2556.70103092783
3964,242.6592,0.0,0.0,0.0,2170.24120962199,0.0,-4.9805064588742504e-14,0.0,27590.9308348952,2412.90040962199
3965,752.8059,0.0,0.0,0.0,1816.46996219931,0.0,-6.93055036254732e-14,0.0,25510.2092287104,2569.27586219931
3966,570.3915,0.0,0.0,0.0,2067.26259450172,0.0,1.55557811244658e-13,0.0,23142.2108386741,2637.65409450172
3967,516.1842,0.0,0.0,0.0,2086.25581443299,0.0,9.192692085668061e-14,0.0,20752.4561829662,2602.44001443299
3968,2387.62886597938,2553.94413402062,0.0,0.0,2.1351775226784e-13,0.0,1.52091778870695e-31,0.0,22858.1831214662,2387.62886597938
3969,2356.70103092784,4361.55596907216,0.0,0.0,-1.93729689612191e-13,0.0,-3.67628152279106e-30,0.0,26454.2860179662,2356.70103092784
3970,2356.70103092784,2228.83796907216,0.0,0.0,-1.93729689612191e-13,0.0,-3.67628152279106e-30,0.0,28291.9629234662,2356.70103092784
3971,1268.3097,0.0,0.0,0.0,1195.57799656357,0.0,9.284586965308171e-14,0.0,26922.4577727634,2463.88769656357
3972,913.8654,0.0,0.0,0.0,1596.27784879725,0.0,4.74007994611676e-14,0.0,25093.9608096508,2510.14324879725
3973,1443.6051,0.0,0.0,0.0,918.331103092784,0.0,1.78885015300039e-14,0.0,24042.0351474598,2361.936203092784
3974,1082.4156,0.0,0.0,0.0,1498.34692783505,0.0,-1.0526074362653301e-14,0.0,22325.7156424941,2580.76252783505
3975,2443.29896907217,3854.39103092783,0.0,0.0,-1.6504148784835e-13,0.0,4.30115333628296e-30,0.0,25503.6610474941,2443.29896907217
3976,2665.9793814433,1402.7706185567,0.0,0.0,-1.63453945358231e-13,0.0,-5.41479297407974e-30,0.0,26660.2454224941,2665.9793814433
3977,1618.2369,0.0,0.0,0.0,1136.66690378007,0.0,-2.39014729718788e-14,0.0,25358.2214777288,2754.90380378007
3978,51.17322,0.0,0.0,0.0,2836.61165704467,0.0,-1.02281540291492e-13,0.0,22108.9526838632,2887.7848770446703
3979,0.0,0.0,0.0,0.0,2846.62084765178,0.0,-2.81399422028063e-14,0.0,18848.2186086607,2846.62084765178
3980,0.0,0.0,0.0,0.0,2911.34020618557,0.0,1.10672964492738e-13,0.0,15513.3501021481,2911.34020618557
3981,0.0,0.0,0.0,0.0,2675.48682703322,0.0,7.751219546575999e-14,0.0,12448.6458329233,2675.48682703322
3982,0.0,0.0,0.0,0.0,2742.84077892325,0.0,-1.35189920096005e-13,0.0,9306.7892705828,2742.84077892325
3983,0.0,0.0,0.0,0.0,2886.82703321879,0.0,-1.80408884217054e-13,0.0,6000.0,2886.82703321879
3984,0.0,0.0,0.0,0.0,0.0,0.0,2463.6,0.0,12000.0,2463.6
3985,0.0,0.0,0.0,0.0,0.0,0.0,2554.1,0.0,12000.0,2554.1
3986,0.0,0.0,0.0,0.0,0.0,0.0,2543.2,0.0,12000.0,2543.2
3987,0.0,0.0,0.0,0.0,0.0,0.0,2451.9,0.0,12000.0,2451.9
3988,107.6397,0.0,0.0,0.0,0.0,0.0,2310.189491,0.0,12000.0,2417.8291910000003
3989,619.7793,0.0,0.0,0.0,0.0,0.0,1859.614079,0.0,12000.0,2479.393379
3990,538.1838,0.0,0.0,0.0,0.0,0.0,2024.161714,0.0,12000.0,2562.345514
3991,173.77605,0.0,0.0,0.0,0.0,0.0,2404.8372315,0.0,12000.0,2578.6132815
3992,247.8693,0.0,0.0,0.0,2548.87374455899,0.0,-1.0279266550029e-13,0.0,9080.32789855785,2796.74304455899
3993,563.7261,0.0,0.0,0.0,996.168134878135,0.0,1183.13090125139,0.0,7939.24183340535,2743.025136129525
3994,2712.0618556701,223.801144329897,0.0,0.0,0.0,0.0,9.04537384284004e-14,0.0,8123.76587690535,2712.0618556701
3995,1042.0788,0.0,0.0,0.0,1854.04761053837,0.0,3.2169906934843997e-14,0.0,6000.0,2896.12641053837
3996,2463.741,0.0,0.0,0.0,0.0,0.0,305.67123,0.0,6000.0,2769.41223
3997,1907.514,0.0,0.0,0.0,0.0,0.0,827.91142,0.0,6000.0,2735.42542
3998,2059.9215,0.0,0.0,0.0,0.0,0.0,734.776145,0.0,6000.0,2794.697645
3999,951.0648,0.0,0.0,0.0,0.0,0.0,1722.267144,0.0,6000.0,2673.331944
4000,938.469,0.0,0.0,0.0,0.0,0.0,1756.68507,0.0,6000.0,2695.15407
4001,609.1911,0.0,0.0,0.0,0.0,0.0,2006.784633,0.0,6000.0,2615.975733
4002,47.98899,0.0,0.0,0.0,0.0,0.0,2543.9506797,0.0,6000.0,2591.9396697
4003,36.66012,0.0,0.0,0.0,0.0,0.0,2580.4396836,0.0,6000.0,2617.0998036
4004,97.7214,0.0,0.0,0.0,0.0,0.0,2554.510242,0.0,6000.0,2652.231642
4005,0.0,0.0,0.0,0.0,0.0,0.0,2573.4,0.0,6000.0,2573.4
4006,0.0,0.0,0.0,0.0,0.0,0.0,2602.6,0.0,6000.0,2602.6
4007,0.0,0.0,0.0,0.0,0.0,0.0,2556.1,0.0,6000.0,2556.1
4008,0.0,0.0,0.0,0.0,0.0,0.0,2494.4,0.0,6000.0,2494.4
4009,0.0,0.0,0.0,0.0,0.0,0.0,2592.2,0.0,6000.0,2592.2
4010,0.0,0.0,0.0,0.0,0.0,0.0,2547.5,0.0,6000.0,2547.5
4011,0.0,0.0,0.0,0.0,0.0,0.0,2534.0,0.0,6000.0,2534.0
4012,329.7252,0.0,0.0,0.0,0.0,0.0,2106.666556,0.0,6000.0,2436.391756
4013,413.7294,0.0,0.0,0.0,0.0,0.0,2144.182482,0.0,6000.0,2557.9118820000003
4014,1888.8366,0.0,0.0,0.0,0.0,0.0,773.428498,0.0,6000.0,2662.265098
4015,2567.31958762887,3242.03641237113,0.0,0.0,-2.13346369839929e-13,0.0,-7.24522460227006e-30,0.0,8673.059022,2567.31958762887
4016,1768.2777,0.0,0.0,0.0,928.946885452463,0.0,3.92387790784536e-15,0.0,7608.97324255846,2697.224585452463
4017,1710.9309,0.0,0.0,0.0,1103.89121076747,0.0,2.44708985710806e-14,0.0,6344.49304694853,2814.82211076747
4018,2750.72164948454,2505.45235051546,0.0,0.0,-1.29613362695564e-13,0.0,-7.92952201825901e-30,0.0,8410.23850994853,2750.72164948454
4019,2645.013,0.0,0.0,0.0,6.22839633447887,0.0,-2.89140451431395e-16,0.0,8403.10403533859,2651.241396334479
4020,2464.22680412371,1660.50919587629,0.0,0.0,-7.064039654997861e-14,0.0,-4.0887197393798594e-30,0.0,9772.19386733859,2464.22680412371
4021,2456.80412371134,7228.26987628866,0.0,0.0,-6.5657929686168e-14,0.0,3.51843913879954e-30,0.0,15731.9023803386,2456.80412371134
4022,2580.30927835052,2279.11172164948,0.0,0.0,-1.86904809205737e-13,0.0,1.22374245257892e-31,0.0,17611.0299948386,2580.30927835052
4023,2519.58762886598,976.030371134021,0.0,0.0,2.3317240094044e-13,0.0,1.69234784136353e-29,0.0,18415.7670358386,2519.5876288659806
4024,2511.9587628866,3203.3592371134,0.0,0.0,-1.18843330120549e-14,0.0,1.60327191973159e-31,0.0,21056.9367268386,2511.9587628866
4025,2466.18556701031,883.230432989691,0.0,0.0,4.9226822959348205e-14,0.0,-1.3829923236861799e-30,0.0,21785.1602188386,2466.18556701031
4026,1147.8348,0.0,0.0,0.0,1443.98653379152,0.0,1.68895769082261e-14,0.0,20131.1092064772,2591.8213337915204
4027,331.2939,0.0,0.0,0.0,2329.37562084765,0.0,-6.18005635629124e-14,0.0,17462.8668000079,2660.6695208476503
4028,88.75293,0.0,0.0,0.0,2584.77624043528,0.0,7.280358758598611e-14,0.0,14502.0692737361,2673.5291704352803
4029,0.0,0.0,0.0,0.0,1942.35229498652,0.0,560.726446476764,0.0,12277.1525555385,2503.078741463284
4030,0.0,0.0,0.0,0.0,2723.94043528064,0.0,6.668432994288881e-14,0.0,9156.94587136823,2723.94043528064
4031,0.0,0.0,0.0,0.0,2756.01374570447,0.0,-1.31528541399276e-13,0.0,6000.0,2756.01374570447
4032,0.0,0.0,0.0,0.0,0.0,0.0,2298.6,0.0,12000.0,2298.6
4033,0.0,0.0,0.0,0.0,0.0,0.0,2483.0,0.0,12000.0,2483.0
4034,0.0,0.0,0.0,0.0,0.0,0.0,2410.4,0.0,12000.0,2410.4
4035,20.22405,0.0,0.0,0.0,1791.12671935853,0.0,776.329045499999,0.0,9948.30845434303,2587.679814858529
4036,257.0022,0.0,0.0,0.0,2262.55196563574,0.0,6.45004973265553e-14,0.0,7356.61089920473,2519.55416563574
4037,1297.2036,0.0,0.0,0.0,1184.32131500573,0.0,2.02936713034165e-14,0.0,6000.0,2481.52491500573
4038,2370.92783505155,1177.00116494845,0.0,0.0,1.66126839968313e-13,0.0,4.8389393624586894e-30,0.0,6970.4374605,2370.92783505155
4039,2472.16494845361,1212.70677295564,0.0,2193.21727859075,1.29461908456945e-14,0.0,-5.5444912796885e-31,0.0,7970.31419480192,2472.16494845361
4040,2488.24742268041,1406.95687628866,0.0,3810.55670103093,-1.06370381327934e-13,0.0,2.44899911267758e-30,0.0,9130.35013930192,2488.24742268041
4041,2698.0412371134,2566.88806185567,0.0,3810.55670103093,-2.18318557953474e-14,0.0,-3.9219085189787904e-31,0.0,11246.7493463019,2698.0412371134
4042,2599.58762886598,3482.07367010309,0.0,3810.55670103093,1.3143375034477899e-13,0.0,9.72504765297219e-30,0.0,14117.7190873019,2599.58762886598
4043,2496.70103092784,7749.84996907217,0.0,0.0,1.89040901327419e-14,0.0,5.70005825350223e-31,0.0,20507.4703868019,2496.70103092784
4044,2567.01030927835,7606.29269072165,0.0,0.0,-5.18762232831074e-14,0.0,1.85160258643337e-30,0.0,26778.8587103019,2567.01030927835
4045,2688.0412371134,5961.3547628866,0.0,0.0,1.70596627941287e-13,0.0,6.564501723611381e-31,0.0,31693.9957123019,2688.0412371134
4046,2714.32989690722,4891.32410309278,0.0,0.0,4.6382545921355304e-14,0.0,7.76589549270686e-31,0.0,35726.8924353019,2714.32989690722
4047,2601.85567010309,3773.74432989691,0.0,0.0,8.98308232972836e-14,0.0,-2.17545668210111e-30,0.0,38838.3446353019,2601.85567010309
4048,2791.75257731959,1501.97042268041,0.0,0.0,1.78971082392998e-13,0.0,3.574334323016e-30,0.0,40076.7192488019,2791.75257731959
4049,2688.35051546392,10.5064845360821,0.0,0.0,-6.50057534702878e-15,0.0,-1.8509674062635402e-31,0.0,40085.3818453019,2688.35051546392
4050,1304.688,0.0,0.0,0.0,1478.86900343643,0.0,-6.08102563798304e-14,0.0,38391.373823038,2783.55700343643
4051,471.6201,0.0,0.0,0.0,2257.99370332188,0.0,-1.1905154722807701e-14,0.0,35804.8976451206,2729.61380332188
4052,99.204,0.0,0.0,0.0,2585.42052691867,0.0,9.59968469638971e-14,0.0,32843.3621045494,2684.62452691867
4053,0.0,0.0,0.0,0.0,2822.79495990836,0.0,-2.77275181305676e-14,0.0,29609.9199969797,2822.79495990836
4054,0.0,0.0,0.0,0.0,2794.38717067583,0.0,-3.8392097188778803e-17,0.0,26409.0183123567,2794.38717067583
4055,0.0,0.0,0.0,0.0,2800.91638029782,0.0,1.23664485550097e-13,0.0,23200.6375789113,2800.91638029782
4056,0.0,0.0,0.0,0.0,2688.54524627721,0.0,-1.43235730009699e-14,0.0,20120.9752120417,2688.54524627721
4057,0.0,0.0,0.0,0.0,2558.1901489118,0.0,-3.82019924158218e-14,0.0,17190.6313988552,2558.1901489118
4058,0.0,0.0,0.0,0.0,2512.37113402062,0.0,1.81052881736232e-14,0.0,14312.7721388087,2512.37113402062
4059,11.624676,0.0,0.0,0.0,2462.11233021764,0.0,1.5534971057145998e-13,0.0,11492.4831007587,2473.73700621764
4060,344.4378,0.0,0.0,0.0,2025.08056586483,0.0,1.92860493190935e-14,0.0,9172.80318567869,2369.5183658648302
4061,1308.7977,0.0,0.0,0.0,826.765442153494,0.0,-4.1732367886465e-14,0.0,8225.76373304009,2135.563142153494
4062,2302.0618556701,48.9091443298967,0.0,0.0,-2.05815402221301e-13,0.0,-4.35408233418716e-30,0.0,8266.08932254009,2302.0618556701
4063,2246.80412371134,3220.41987628866,0.0,0.0,1.05039178283233e-13,0.0,2.14296210769651e-30,0.0,10921.3255105401,2246.80412371134
4064,2419.48453608247,2741.47546391752,0.0,0.0,1.2072769774591099e-13,0.0,4.2281797573605e-30,0.0,13181.6720305401,2419.48453608247
4065,2347.83505154639,0.0,0.0,3686.45194845361,2.38348276125589e-13,0.0,1.18334757235717e-29,0.0,13181.6720305401,2347.8350515463903
4066,2390.51546391753,1045.98583505155,0.0,3810.55670103093,-1.66652524624793e-13,0.0,8.614938433455979e-30,0.0,14044.0873515401,2390.51546391753
4067,2462.98969072165,3689.60960824742,0.0,3810.55670103093,1.01219468822003e-13,0.0,-2.9882634996451596e-30,0.0,17086.1704735401,2462.98969072165
4068,2433.60824742268,2726.38405154639,0.0,3810.55670103093,-1.34083150668538e-13,0.0,-3.747032828161449e-30,0.0,19334.0741240401,2433.60824742268
4069,2380.41237113402,1421.36292783505,0.0,3810.55670103093,-8.36165845648178e-14,0.0,-4.578775735600209e-30,0.0,20505.9878580401,2380.41237113402
4070,2429.79381443299,99.2344845360817,0.0,3810.55670103093,-2.4879798927903897e-13,0.0,2.16209077873364e-29,0.0,20587.8066905401,2429.7938144329896
4071,2423.81443298969,0.0,0.0,3347.88856701031,-1.96890300433891e-13,0.0,1.51827519177604e-30,0.0,20587.8066905401,2423.81443298969
4072,2388.24742268041,2359.55857731959,0.0,0.0,-1.09422540845804e-13,0.0,3.99605564971802e-30,0.0,22533.2627375401,2388.24742268041
4073,2255.77319587629,418.765804123711,0.0,0.0,-2.02019187046394e-13,0.0,-4.6250179400351694e-30,0.0,22878.5351430401,2255.77319587629
4074,424.809,0.0,0.0,0.0,2135.55013745704,0.0,-1.67191504840757e-13,0.0,20432.3150543149,2560.35913745704
4075,20.589051,0.0,0.0,0.0,2558.68112317297,0.0,-1.5234270534283799e-13,0.0,17501.4088422039,2579.2701741729697
4076,5.09565,0.0,0.0,0.0,2531.33702119129,0.0,1.80483782623482e-13,0.0,14601.8246254899,2536.4326711912904
4077,0.0,0.0,0.0,0.0,2520.5040091638,0.0,1.21802131064122e-13,0.0,11714.649357261,2520.5040091638
4078,0.0,0.0,0.0,0.0,2512.14203894616,0.0,-1.72889006153294e-13,0.0,8837.05251998021,2512.14203894616
4079,0.0,0.0,0.0,0.0,2476.74684994273,0.0,8.53446146641494e-14,0.0,6000.0,2476.74684994273
4080,0.0,0.0,0.0,0.0,0.0,0.0,2143.4,0.0,12000.0,2143.4
4081,0.0,0.0,0.0,0.0,0.0,0.0,2062.5,0.0,12000.0,2062.5
4082,0.0,0.0,0.0,0.0,852.072686139749,0.0,1235.440545,0.0,11023.9717226349,2087.5132311397488
4083,0.0,0.0,0.0,0.0,2329.43871706758,0.0,1.90584328260477e-13,0.0,8355.65704099962,2329.43871706758
4084,247.2015,0.0,0.0,0.0,2056.48859679267,0.0,1.86597201633146e-14,0.0,6000.0,2303.69009679267
4085,606.6333,0.0,0.0,0.0,0.0,0.0,1415.865699,0.0,6000.0,2022.498999
4086,2092.0618556701,377.580144329897,0.0,0.0,-3.86418078891274e-15,0.0,-2.0250166846787504e-31,0.0,6311.314829,2092.0618556701
4087,2296.18556701031,3102.68343298969,0.0,0.0,-4.45151696994943e-14,0.0,8.04449387694774e-31,0.0,8869.4773195,2296.18556701031
4088,2295.77319587629,1844.04080412371,0.0,0.0,7.562433180668451e-15,0.0,-2.0902519536933803e-31,0.0,10389.8889625,2295.77319587629
4089,2349.8969072165,3188.13909278351,0.0,0.0,-3.76667950067179e-14,0.0,-1.01354275519368e-30,0.0,13018.5096445,2349.8969072165
4090,2447.73195876289,2136.44204123711,0.0,0.0,1.1638083523530599e-13,0.0,1.5446419879001899e-30,0.0,14780.0061075,2447.73195876289
4091,1491.4893,0.0,0.0,0.0,892.159655211913,0.0,3.0461250686663103e-14,0.0,13758.0591943134,2383.648955211913
4092,2353.71134020619,1834.63365979381,0.0,0.0,7.70480436037829e-14,0.0,-4.343865122437359e-30,0.0,15270.7146468134,2353.71134020619
4093,2322.47422680412,7014.33577319588,0.0,0.0,-1.53102194987932e-13,0.0,6.44281989404725e-30,0.0,21054.0344918134,2322.47422680412
4094,2307.11340206186,6097.38059793815,0.0,0.0,2.42314405335511e-13,0.0,-6.536782663709039e-30,0.0,26081.3247948134,2307.1134020618606
4095,2303.09278350515,4704.60721649485,0.0,0.0,-9.11855206283078e-14,0.0,1.3652566892855098e-30,0.0,29960.2734448134,2303.09278350515
4096,2359.8969072165,2890.12409278351,0.0,0.0,-2.45722335474846e-13,0.0,1.44572033393586e-29,0.0,32343.1807593134,2359.8969072165
4097,2392.78350515464,798.313494845361,0.0,0.0,-2.23882508403782e-13,0.0,-8.803797031060239e-30,0.0,33001.3902358134,2392.78350515464
4098,1386.1827,0.0,0.0,0.0,1028.75461741123,0.0,-2.13646795945067e-14,0.0,31822.97715745,2414.9373174112297
4099,5.481588,0.0,0.0,0.0,2765.38700989691,0.0,-3.3286463345844e-14,0.0,28655.2944427915,2770.86859789691
4100,81.92037,0.0,0.0,0.0,0.0,0.0,2428.9372411,0.0,28655.2944427915,2510.8576111
4101,0.0,0.0,0.0,0.0,0.0,0.0,2433.9,0.0,28655.2944427915,2433.9
4102,0.0,0.0,0.0,0.0,2886.71248568156,0.0,1.21088405943371e-13,0.0,25348.6363835915,2886.71248568156
4103,0.0,0.0,0.0,0.0,0.0,0.0,2551.5,0.0,25348.6363835915,2551.5
4104,0.0,0.0,0.0,0.0,0.0,0.0,2507.1,0.0,25348.6363835915,2507.1
4105,0.0,0.0,0.0,0.0,0.0,0.0,2562.9,0.0,25348.6363835915,2562.9
4106,0.0,0.0,0.0,0.0,2892.78350515464,0.0,-1.37197305063178e-13,0.0,22035.0241211005,2892.78350515464
4107,0.0,0.0,0.0,0.0,1870.86598383759,0.0,807.533996109779,0.0,19891.9932117791,2678.399979947369
4108,353.8626,0.0,0.0,0.0,2138.89264375716,0.0,8.74729491395903e-14,0.0,17441.9443644055,2492.75524375716
4109,135.79419,0.0,0.0,0.0,2233.08091145475,0.0,1.82682457448377e-13,0.0,14884.0051760266,2368.87510145475
4110,74.31816,0.0,0.0,0.0,2400.70032623139,0.0,-1.39435662436271e-13,0.0,12134.0620761052,2475.01848623139
4111,279.4638,0.0,0.0,0.0,2194.63930584192,0.0,1.75408830675428e-14,0.0,9620.15680022673,2474.10310584192
4112,581.847,0.0,0.0,0.0,1801.04056128293,0.0,3.27578685266924e-14,0.0,7557.10919280069,2382.8875612829297
4113,1407.2163,0.0,0.0,0.0,838.717284077892,0.0,-1.69274065270068e-14,0.0,6596.37919958432,2245.933584077892
4114,1759.4661,0.0,0.0,0.0,520.639041237113,0.0,2.0478976809878302e-14,0.0,6000.0,2280.105141237113
4115,2206.0824742268,4111.51382474227,0.0,3810.55670103093,1.40259420956142e-13,0.0,5.8279751034287596e-30,0.0,9389.9431485,2206.0824742268
4116,2150.41237113402,4088.89592783505,0.0,3810.55670103093,1.35438267540389e-14,0.0,-5.6916473144001205e-31,0.0,12761.237841,2150.41237113402
4117,2173.09278350515,3552.03051546392,0.0,3810.55670103093,9.02705020841877e-15,0.0,-3.0424226514239704e-31,0.0,15689.887001,2173.09278350515
4118,2434.84536082474,5336.76535794302,0.0,842.736281232237,2.14958875009267e-13,0.0,-8.099988785123819e-30,0.0,20090.050038624,2434.84536082474
4119,2607.31958762887,800.138711340205,0.0,3810.55670103093,-1.9391806344360302e-14,0.0,1.29399499656405e-30,0.0,20749.764406124,2607.31958762887
4120,2602.0618556701,2837.2111443299,0.0,0.0,-1.96658923667691e-13,0.0,2.02355717881861e-30,0.0,23089.044994624,2602.0618556701
4121,2621.23711340206,663.456886597938,0.0,0.0,2.79141489376591e-14,0.0,1.47404241628854e-31,0.0,23636.065197624,2621.23711340206
4122,1297.7097,0.0,0.0,0.0,1415.71774455899,0.0,-4.9099004427405996e-14,0.0,22014.3953871326,2713.42744455899
4123,459.5514,0.0,0.0,0.0,2358.23040320733,0.0,-1.06314547559792e-13,0.0,19313.1005380979,2817.7818032073296
4124,0.0,0.0,0.0,0.0,2889.23253150057,0.0,1.28823587409067e-13,0.0,16003.5558284752,2889.23253150057
4125,0.0,0.0,0.0,0.0,2873.42497136312,0.0,2.1929880083183502e-14,0.0,12712.1182896859,2873.42497136312
4126,0.0,0.0,0.0,0.0,2923.71134020619,0.0,1.82090274130442e-13,0.0,9363.0789538254,2923.71134020619
4127,0.0,0.0,0.0,0.0,2935.96792668958,0.0,1.00257523042106e-13,0.0,6000.0,2935.96792668958
4128,0.0,0.0,0.0,0.0,0.0,0.0,2436.6,0.0,12000.0,2436.6
4129,0.0,0.0,0.0,0.0,0.0,0.0,2502.9,0.0,12000.0,2502.9
4130,0.0,0.0,0.0,0.0,0.0,0.0,2454.1,0.0,12000.0,2454.1
4131,0.0,0.0,0.0,0.0,0.0,0.0,2459.7,0.0,12000.0,2459.7
4132,397.7694,0.0,0.0,0.0,0.0,0.0,2083.563682,0.0,12000.0,2481.333082
4133,29.54154,0.0,0.0,0.0,0.0,0.0,2590.5447062,0.0,12000.0,2620.0862462
4134,1051.8018,0.0,0.0,0.0,0.0,0.0,1501.752254,0.0,12000.0,2553.554054
4135,2756.80412371134,364.005876288659,0.0,0.0,0.0,0.0,-4.9325766838723505e-14,0.0,12300.122845,2756.80412371134
4136,2685.67010309278,311.890896907216,0.0,0.0,0.0,0.0,1.03392941402077e-13,0.0,12557.2768895,2685.67010309278
4137,274.6758,0.0,0.0,0.0,0.0,0.0,2447.464474,0.0,12557.2768895,2722.140274
4138,503.8341,0.0,0.0,0.0,0.0,0.0,2119.580923,0.0,12557.2768895,2623.415023
4139,1626.1581,0.0,0.0,0.0,0.0,0.0,1005.226643,0.0,12557.2768895,2631.384743
4140,1579.7649,0.0,0.0,0.0,0.0,0.0,961.128047,0.0,12557.2768895,2540.892947
4141,776.3658,0.0,0.0,0.0,0.0,0.0,1811.425174,0.0,12557.2768895,2587.790974
4142,1760.0709,0.0,0.0,0.0,0.0,0.0,989.531227,0.0,12557.2768895,2749.602127
4143,1702.4826,0.0,0.0,0.0,0.0,0.0,922.591878,0.0,12557.2768895,2625.074478
4144,2614.94845360825,17.9265463917527,0.0,0.0,0.0,0.0,1.9700548180190199e-13,0.0,12572.057327,2614.94845360825
4145,2612.78350515464,706.56049484536,0.0,0.0,0.0,0.0,-9.86379820891877e-14,0.0,13154.616455,2612.78350515464
4146,1346.0244,0.0,0.0,0.0,0.0,0.0,1261.256332,0.0,13154.616455,2607.280732
4147,0.0,0.0,0.0,0.0,0.0,0.0,2630.4,0.0,13154.616455,2630.4
4148,34.65735,0.0,0.0,0.0,0.0,0.0,2596.0823705,0.0,13154.616455,2630.7397205
4149,0.0,0.0,0.0,0.0,0.0,0.0,2528.5,0.0,13154.616455,2528.5
4150,0.0,0.0,0.0,0.0,0.0,0.0,2636.2,0.0,13154.616455,2636.2
4151,0.0,0.0,0.0,0.0,0.0,0.0,2560.4,0.0,13154.616455,2560.4
4152,0.0,0.0,0.0,0.0,229.792398891975,0.0,2189.99123576731,0.0,12891.3949213322,2419.7836346592853
4153,0.0,0.0,0.0,0.0,2911.4547537228,0.0,-1.33071412105105e-13,0.0,9556.39520343669,2911.4547537228
4154,0.0,0.0,0.0,0.0,2880.18327605956,0.0,-2.6144717039152604e-15,0.0,6257.21619305918,2880.18327605956
4155,26.33064,0.0,0.0,0.0,0.0,0.0,2504.8592792,0.0,6257.21619305918,2531.1899192
4156,265.5408,0.0,0.0,0.0,0.0,0.0,2187.725424,0.0,6257.21619305918,2453.266224
4157,1259.0886,0.0,0.0,0.0,0.0,0.0,1330.284058,0.0,6257.21619305918,2589.372658
4158,2439.864,0.0,0.0,0.0,224.549736540664,0.0,1.0289635342070101e-14,0.0,6000.0,2664.413736540664
4159,2690.20618556701,5.521205862053621e-15,-5.521205862053621e-15,17.8068144329895,3.9741004856387805e-15,0.0,-1.4239823862839002e-32,0.0,6000.0,2690.20618556701
4160,2655.46391752577,57.7553814432981,0.0,3810.55670103093,-1.27133456865993e-14,0.0,-3.3023919159824503e-31,0.0,6047.619312,2655.46391752577
4161,2636.59793814433,2225.99236082474,0.0,3810.55670103093,1.06518269469522e-13,0.0,-3.92548402513953e-30,0.0,7882.9500135,2636.59793814433
4162,2636.90721649485,0.0,0.0,1889.62178350515,-7.0578933818794e-14,0.0,3.4970759049682896e-30,0.0,7882.9500135,2636.90721649485
4163,2653.60824742268,0.0,0.0,1080.40175257732,-2.3188021519266902e-14,0.0,-1.1897716786196999e-30,0.0,7882.9500135,2653.60824742268
4164,2630.72164948454,2738.45164948454,0.0,3810.55670103093,-2.37456332326965e-13,0.0,-1.20338397048412e-29,0.0,10140.8033985,2630.72164948454
4165,2207.62886597938,2886.67543298969,0.0,3810.55670103093,-1.93070590972662e-13,0.0,6.64950079911771e-30,0.0,12520.867293,2207.62886597938
4166,2236.70103092783,2530.84742396609,-4.54747350886464e-13,3555.10854510607,2.03702175074702e-13,0.0,5.4862881922103495e-30,0.0,14607.55099406,2236.70103092783
4167,2197.01030927835,4985.80869072165,0.0,0.0,-1.67349591709183e-13,0.0,7.124330804515829e-30,0.0,18718.35025956,2197.01030927835
4168,2097.9381443299,3424.3268556701,0.0,0.0,9.52865322141742e-14,0.0,4.0315258751634495e-30,0.0,21541.70775206,2097.9381443299
4169,2258.35051546392,1031.71948453608,0.0,0.0,8.455551693608831e-14,0.0,4.1639250565829494e-30,0.0,22392.36046706,2258.35051546392
4170,1182.5037,0.0,0.0,0.0,1140.28798510882,0.0,-9.66546167811287e-14,0.0,21086.1886628117,2322.7916851088203
4171,337.1991,0.0,0.0,0.0,2053.16938487973,0.0,-1.3414128583932e-13,0.0,18734.3336973137,2390.3684848797297
4172,82.26288,0.0,0.0,0.0,2465.64147353952,0.0,-1.40684545837751e-13,0.0,15910.0021125033,2547.9043535395203
4173,0.0,0.0,0.0,0.0,2768.49942726231,0.0,3.53859154018862e-14,0.0,12738.7542004044,2768.49942726231
4174,0.0,0.0,0.0,0.0,2962.08476517755,0.0,-8.34140138913541e-14,0.0,9345.75905128922,2962.08476517755
4175,0.0,0.0,0.0,0.0,2920.84765177549,0.0,-1.1213634882562999e-13,0.0,6000.0,2920.84765177549
4176,0.0,0.0,0.0,0.0,2889.3470790378,0.0,-1.72673702751358e-13,0.0,8690.3240789945,2889.3470790378
4177,0.0,0.0,0.0,0.0,2348.6529209622,0.0,559.826,0.0,6000.0,2908.4789209622
4178,0.0,0.0,0.0,0.0,0.0,0.0,2561.7,0.0,6000.0,2561.7
4179,20.498688,0.0,0.0,0.0,0.0,0.0,2482.31627264,0.0,6000.0,2502.81496064
4180,256.8279,0.0,0.0,0.0,0.0,0.0,2124.476937,0.0,6000.0,2381.304837
4181,1241.0391,0.0,0.0,0.0,0.0,0.0,1337.892073,0.0,6000.0,2578.931173
4182,2664.63917525773,730.976824742268,0.0,0.0,-1.0098662366290799e-13,0.0,3.4809263205939496e-30,0.0,6602.690392,2664.63917525773
4183,2673.29896907217,2912.95303092783,0.0,0.0,-2.46574842435713e-13,0.0,1.68285825856928e-29,0.0,9004.420166,2673.2989690721697
4184,2608.14432989691,750.824969072164,0.0,3810.55670103093,-1.23547012104686e-13,0.0,-2.18846039937127e-30,0.0,9623.475353,2608.14432989691
4185,2648.45360824742,1440.47569072165,0.0,3810.55670103093,-9.106259516593861e-14,0.0,-5.500770270272359e-30,0.0,10811.14756,2648.45360824742
4186,2768.65979381443,1762.50850515464,0.0,3810.55670103093,2.35565461818781e-13,0.0,1.60694486788131e-29,0.0,12264.3358225,2768.6597938144305
4187,2469.17525773196,2299.02004123711,0.0,3810.55670103093,-2.2155091025662499e-13,0.0,-6.2248132861034296e-30,0.0,14159.8778465,2469.17525773196
4188,2251.34020618557,2691.0710927835,0.0,3810.55670103093,2.18333241882426e-14,0.0,3.79571685804105e-31,0.0,16378.6659625,2251.34020618557
4189,2272.47422680412,6462.26577319588,0.0,0.0,-1.70255331478361e-13,0.0,-3.811287528939e-30,0.0,21706.8040925,2272.47422680412
4190,2259.69072164948,2346.38867078557,0.0,3579.42660756494,3.77152519722593e-14,0.0,7.864368913521891e-31,0.0,23641.4015515627,2259.69072164948
4191,2293.60824742268,4927.66175257732,0.0,0.0,1.74184960636317e-13,0.0,5.28239379266024e-30,0.0,27704.2586665627,2293.60824742268
4192,2257.9381443299,3309.8758556701,0.0,0.0,1.36633119816251e-13,0.0,1.0037206176098299e-29,0.0,30433.2513095627,2257.9381443299
4193,2228.86597938144,1092.20002061856,0.0,0.0,2.45135188087181e-13,0.0,-1.96079303119191e-29,0.0,31333.7702265627,2228.8659793814404
4194,1183.1463,0.0,0.0,0.0,1126.05737571592,0.0,6.99850086784365e-14,0.0,30043.8992349064,2309.2036757159203
4195,341.4747,0.0,0.0,0.0,2033.29844329897,0.0,-3.52690349044967e-14,0.0,27714.8059436132,2374.77314329897
4196,79.23321,0.0,0.0,0.0,2261.79127869416,0.0,-3.09977976110535e-14,0.0,25123.9797366325,2341.02448869416
4197,0.0,0.0,0.0,0.0,2234.8224513173,0.0,-8.652488068016361e-14,0.0,22564.0456572313,2234.8224513173
4198,0.0,0.0,0.0,0.0,2178.57961053837,0.0,-6.2523178438066e-14,0.0,20068.5363668093,2178.57961053837
4199,0.0,0.0,0.0,0.0,2193.35624284078,0.0,-1.36620748060706e-13,0.0,17556.1008079997,2193.35624284078
4200,0.0,0.0,0.0,0.0,2015.00572737686,0.0,-4.9171323497573305e-14,0.0,15247.9613722874,2015.00572737686
4201,0.0,0.0,0.0,0.0,2056.35738831615,0.0,-1.52325516843071e-13,0.0,12892.4546273662,2056.35738831615
4202,0.0,0.0,0.0,0.0,2050.05727376861,0.0,1.42339575279793e-13,0.0,10544.1645085018,2050.05727376861
4203,18.47349,0.0,0.0,0.0,1890.9286537228,0.0,-8.28156589461266e-14,0.0,8378.15230492476,1909.4021437228
4204,254.856,0.0,0.0,0.0,1590.82437571592,0.0,-8.880571944353491e-14,0.0,6555.90216092026,1845.68037571592
4205,1254.2586,0.0,0.0,0.0,485.302586483391,0.0,-1.6190955089564e-14,0.0,6000.0,1739.5611864833909
4206,1700.92783505155,6.850695913365431e-14,-6.850695913365431e-14,1778.01616494845,4.93105213543743e-14,0.0,9.83739070193304e-31,0.0,6000.0,1700.92783505155
4207,1744.43298969072,206.10830927835,0.0,3810.55670103093,3.76158207962133e-14,-7.64294306540785e-14,2.03581593997265e-30,0.0,6169.936301,1744.43298969072
4208,1713.81443298969,1950.80986597938,0.0,3810.55670103093,-2.58269333223461e-14,-7.64294306540785e-14,-3.7719942984070904e-31,0.0,7778.3790355,1713.81443298969
4209,1844.22680412371,3042.13549484536,0.0,3810.55670103093,6.67067817541645e-14,0.0,3.42539996268987e-30,0.0,10286.619751,1844.22680412371
4210,1892.37113402062,3596.62816494845,0.0,3810.55670103093,6.55717140461787e-14,-7.64294306540785e-14,4.19401350321995e-31,0.0,13252.039673,1892.37113402062
4211,1801.75257731959,3894.20172164948,0.0,3810.55670103093,-5.1792524888081305e-14,0.0,-1.2910705817506899e-30,0.0,16462.8089925,1801.75257731959
4212,1765.25773195876,3878.23856701031,0.0,3810.55670103093,3.04378967836723e-14,-7.64294306540785e-14,-1.3090830780932698e-30,0.0,19660.416691,1765.25773195876
4213,1711.44329896907,3784.696,0.0,3810.55670103093,-9.361654995151021e-14,-7.64294306540785e-14,3.56519929491588e-32,0.0,22780.898543,1711.44329896907
4214,1680.41237113402,3125.09992783505,0.0,3810.55670103093,-1.0498170118990699e-13,-7.64294306540785e-14,-4.7681891004442e-30,0.0,25357.5434335,1680.41237113402
4215,1680.51546391753,1965.46083505155,0.0,3810.55670103093,1.22243708524993e-14,-7.64294306540785e-14,-1.6287860705051401e-31,0.0,26978.065892,1680.51546391753
4216,1685.46391752577,251.238381443299,0.0,3810.55670103093,1.06137745939253e-13,-7.64294306540785e-14,2.95270712281214e-30,0.0,27185.2119375,1685.46391752577
4217,1784.63917525773,0.0,0.0,1646.71882474227,-3.14787775759521e-14,2404.2643069874,-1.7409244353950798e-30,0.0,24431.1863853953,1784.63917525773
4218,1199.2029,0.0,0.0,0.0,623.680626575029,4233.95189003436,2.62326704830951e-14,0.0,18866.8879700352,1822.883526575029
4219,337.4595,0.0,0.0,0.0,1495.37718785796,0.0,-9.76154673753307e-14,0.0,17153.9702290753,1832.83668785796
4220,83.75136,0.0,0.0,0.0,1898.69551065292,0.0,1.7469928633767302e-14,0.0,14979.0612821647,1982.44687065292
4221,0.0,0.0,0.0,0.0,2002.52004581901,0.0,-1.75885616367939e-14,0.0,12685.2238871831,2002.52004581901
4222,0.0,0.0,0.0,0.0,1996.56357388316,0.0,-3.19236840093794e-14,0.0,10398.2094841096,1996.56357388316
4223,0.0,0.0,0.0,0.0,2037.80068728522,1801.83619234242,-3.2013490751033203e-15,0.0,6000.0,2037.80068728522
4224,0.0,0.0,0.0,0.0,0.0,0.0,1745.0,0.0,12000.0,1745.0
4225,0.0,0.0,0.0,0.0,0.0,0.0,1726.4,0.0,12000.0,1726.4
4226,0.0,0.0,0.0,0.0,1160.3165186827,0.0,669.84367919,0.0,10670.8860037999,1830.1601978727
4227,12.673773,0.0,0.0,0.0,1883.8561743299,0.0,4.06356835724074e-14,0.0,8512.97515118832,1896.5299473299
4228,277.3743,0.0,0.0,0.0,1512.88308018328,0.0,1.1100246198096101e-14,0.0,6780.00484170003,1790.25738018328
4229,1231.377,0.0,0.0,0.0,680.944226804124,0.0,-1.03864575130712e-14,0.0,6000.0,1912.321226804124
4230,1917.31958762887,1.61811112417985e-13,6.55625630252474e-14,1384.53141237113,1.16384820873165e-14,0.0,-2.01784678016283e-31,0.0,6000.0,1917.31958762887
4231,1898.65979381443,0.0,0.0,3544.54020618557,1.04831295803356e-13,0.0,-3.978967790283459e-30,0.0,6000.0,1898.65979381443
4232,1884.74226804124,3341.24206444818,0.0,1791.39666751058,8.0965925618577e-14,0.0,5.444969658816129e-30,0.0,8754.85408213753,1884.74226804124
4233,1957.31958762887,2384.49171134021,0.0,3810.55670103093,-3.14173148447675e-14,0.0,3.3546664688952804e-31,0.0,10720.8674981375,1957.31958762887
4234,1971.03092783505,3021.78037113402,0.0,3810.55670103093,1.84868567800929e-14,0.0,-6.42425680388855e-31,0.0,13212.3254141375,1971.03092783505
4235,2041.54639175258,3315.80390721649,0.0,3810.55670103093,-7.0518729710091e-14,0.0,-5.047758476405449e-30,0.0,15946.2057356375,2041.54639175258
4236,2049.69072164948,3426.72957731959,0.0,3810.55670103093,-2.07844721202461e-14,0.0,1.0548628536217599e-30,0.0,18771.5442721375,2049.69072164948
4237,2171.03092783505,2988.77237113402,0.0,3810.55670103093,-2.20232712977567e-13,0.0,-7.61086689054007e-30,0.0,21235.7870921375,2171.03092783505
4238,2104.43298969072,2428.66730927835,0.0,3810.55670103093,-1.44130104627877e-13,0.0,1.0818815981356299e-30,0.0,23238.2232886375,2104.43298969072
4239,2126.0824742268,5044.1155257732,0.0,0.0,2.41998071551804e-13,0.0,-9.011212384162349e-30,0.0,27397.0965396375,2126.0824742268005
4240,2049.58762886598,3426.56137113402,0.0,0.0,1.14646872996495e-13,0.0,-9.313164203623109e-30,0.0,30222.2963901375,2049.58762886598
4241,2026.18556701031,1275.24543298969,0.0,0.0,9.57010385514464e-14,0.0,1.44755645401497e-31,0.0,31273.7362496375,2026.18556701031
4242,1274.9751,0.0,0.0,0.0,829.065467353952,0.0,-4.95726740237608e-14,0.0,30324.0621747762,2104.040567353952
4243,392.8743,0.0,0.0,0.0,1788.90255326461,0.0,3.0007822987813504e-14,0.0,28274.9183566037,2181.77685326461
4244,84.50064,0.0,0.0,0.0,2067.85152256586,0.0,1.8375319314601399e-13,0.0,25906.2453639738,2152.35216256586
4245,0.0,0.0,0.0,0.0,2164.71935853379,0.0,9.70685209696388e-14,0.0,23426.6126508767,2164.71935853379
4246,0.0,0.0,0.0,0.0,2209.27835051546,0.0,6.57701064286362e-14,0.0,20895.938709851,2209.27835051546
4247,0.0,0.0,0.0,0.0,2118.55670103093,0.0,3.65051219493589e-14,0.0,18469.1841840423,2118.55670103093
4248,0.0,0.0,0.0,0.0,2108.5910652921,0.0,4.6946608494544e-14,0.0,16053.8450485417,2108.5910652921
4249,0.0,0.0,0.0,0.0,2126.68957617411,0.0,-8.717171060337471e-14,0.0,13617.7745145507,2126.68957617411
4250,0.0,0.0,0.0,0.0,2098.85452462772,0.0,7.87616274859952e-14,0.0,11213.5883465922,2098.85452462772
4251,0.0,0.0,0.0,0.0,2048.45360824742,0.0,-1.76895913724722e-13,0.0,8867.13518708775,2048.45360824742
4252,311.2998,0.0,0.0,0.0,1752.50766781214,0.0,6.518609237782181e-14,0.0,6859.68081387797,2063.80746781214
4253,1222.8993,0.0,0.0,0.0,750.501350515464,0.0,4.41930960280165e-14,0.0,6000.0,1973.400650515464
4254,1971.44329896907,-3.58122111346917e-14,3.58122111346917e-14,1235.65570103093,-2.5777217734323e-14,0.0,-1.00188895415094e-30,0.0,6000.0,1971.44329896907
4255,2299.38144329897,-1.34078018143037e-13,1.34078018143037e-13,3071.26355670103,-9.65078155621493e-14,0.0,-3.0996839984097998e-30,0.0,6000.0,2299.38144329897
4256,2351.64948453608,936.444814432989,0.0,3810.55670103093,-1.52211719582203e-13,0.0,-4.7637340452556e-30,0.0,6772.0987495,2351.64948453608
4257,2304.22680412371,2147.75049484536,0.0,3810.55670103093,1.3283690464134399e-13,0.0,1.03081417819463e-29,0.0,8542.9190325,2304.22680412371
4258,2414.84536082474,2705.77193814433,0.0,3810.55670103093,1.10168064895736e-13,0.0,-2.7325538846193598e-30,0.0,10773.8279955,2414.84536082474
4259,2339.69072164948,3011.00257731959,0.0,3810.55670103093,-6.40233986234022e-14,0.0,4.60681525481621e-30,0.0,13256.3996205,2339.69072164948
4260,2484.43298969072,2809.35030927835,0.0,3810.55670103093,-2.36712276669928e-13,0.0,-2.17765278977759e-29,0.0,15572.7089505,2484.43298969072
4261,2468.96907216495,2534.19522680412,0.0,3810.55670103093,4.93117799768559e-14,0.0,5.86155409724568e-31,0.0,17662.152915,2468.96907216495
4262,2479.07216494845,1950.16213402062,0.0,3810.55670103093,-1.80971033516254e-14,0.0,1.51847410012678e-32,0.0,19270.0615945,2479.07216494845
4263,2532.37113402062,3719.58214879502,4.54747350886464e-13,799.363717184359,4.08288742213138e-14,0.0,1.3157714365963598e-30,0.0,22336.8570761815,2532.37113402062
4264,2624.63917525773,1235.34982474227,0.0,0.0,1.94706590428323e-13,0.0,5.44506527493227e-30,0.0,23355.4030066815,2624.63917525773
4265,2593.71134020619,660.049659793814,0.0,0.0,-2.28167908183202e-13,0.0,7.11726996795469e-30,0.0,23899.6139511815,2593.7113402061896
4266,1254.2649,0.0,0.0,0.0,1390.10658304696,0.0,-9.71203445078449e-14,0.0,22307.2810954576,2644.37148304696
4267,397.9878,0.0,0.0,0.0,2316.09602978236,0.0,1.77827701061841e-13,0.0,19654.2501335076,2714.08382978236
4268,0.0,0.0,0.0,0.0,2897.59450171821,0.0,-3.12326262599814e-14,0.0,16335.1269929369,2897.59450171821
4269,0.0,0.0,0.0,0.0,2989.46162657503,0.0,4.7147106888045804e-14,0.0,12910.7723233206,2989.46162657503
4270,0.0,0.0,0.0,0.0,3019.81672394044,0.0,-1.68803963298209e-13,0.0,9451.64663724907,3019.81672394044
4271,0.0,0.0,0.0,0.0,3013.28751431844,0.0,1.04487596378388e-13,0.0,6000.0,3013.28751431844
4272,0.0,0.0,0.0,0.0,430.649379152348,0.0,2121.943092,0.0,11506.7017420935,2552.592471152348
4273,0.0,0.0,0.0,0.0,0.0,0.0,2568.4,0.0,11506.7017420935,2568.4
4274,0.0,0.0,0.0,0.0,2955.55555555556,0.0,1.89877545785243e-13,0.0,8121.1856418008,2955.55555555556
4275,0.0,0.0,0.0,0.0,0.0,0.0,2559.1,0.0,8121.1856418008,2559.1
4276,294.042,0.0,0.0,0.0,0.0,0.0,2199.57926,0.0,8121.1856418008,2493.62126
4277,1011.1164,0.0,0.0,0.0,1851.7950652921,0.0,-7.788295330383461e-14,0.0,6000.0,2862.9114652921
4278,2757.9381443299,417.954855670103,0.0,0.0,1.5189391740559998e-13,0.0,-8.716885633231029e-30,0.0,6344.6037785,2757.9381443299
4279,2756.28865979381,2591.27734020619,0.0,0.0,-1.29443448660549e-13,0.0,-3.9912265514375e-30,0.0,8481.1119455,2756.28865979381
4280,2699.38144329897,4346.70655670103,0.0,0.0,-9.992623422216361e-14,0.0,-3.7873321518874e-30,0.0,12064.9715015,2699.38144329897
4281,2671.85567010309,5574.21432989691,0.0,0.0,1.8052065643825599e-13,0.0,2.6935627056219197e-30,0.0,16660.9112165,2671.85567010309
4282,2719.27835051546,4153.05564948454,0.0,0.0,-8.89009110537978e-14,0.0,4.1587271319900495e-30,0.0,20085.1055995,2719.27835051546
4283,2676.90721649485,6653.89678350516,0.0,0.0,1.39002686408269e-13,0.0,3.781015228086469e-30,0.0,25571.2434975,2676.90721649485
4284,2648.96907216495,6730.57592783505,0.0,0.0,-3.3747654369442104e-14,0.0,-2.6411007585360196e-30,0.0,31120.60335,2648.96907216495
4285,2592.88659793814,5694.65840206186,0.0,0.0,-1.08385645691383e-13,0.0,2.34444508817407e-30,0.0,35815.8492025,2592.88659793814
4286,2741.23711340206,4075.82488659794,0.0,0.0,1.20130061837567e-13,0.0,-9.5306160443272e-30,0.0,39176.3668215,2741.23711340206
4287,2673.09278350515,2948.48121649485,0.0,0.0,2.4287847797768e-14,0.0,-1.1527692477651799e-30,0.0,41607.3895845,2673.09278350515
4288,1876.6524,0.0,0.0,0.0,800.283129438717,0.0,-4.24615309501087e-14,0.0,40690.6849688772,2676.935529438717
4289,2653.14,0.0,0.0,0.0,3.84215349370021,0.0,1.28505479135477e-16,0.0,40686.2838766736,2656.9821534937
4290,1494.2886,0.0,0.0,0.0,1328.68276975945,0.0,-3.17458365910293e-14,0.0,39164.3104863421,2822.9713697594498
4291,118.19976,0.0,0.0,0.0,2954.23394364261,0.0,1.87146714025564e-13,0.0,35780.3082599473,3072.43370364261
4292,0.0,0.0,0.0,0.0,3027.14776632302,0.0,2.6488105332643104e-15,0.0,32312.7850453734,3027.14776632302
4293,0.0,0.0,0.0,0.0,2993.81443298969,0.0,1.68117634361291e-13,0.0,28883.4443432088,2993.81443298969
4294,0.0,0.0,0.0,0.0,3095.76174112257,0.0,1.6193226624694e-13,0.0,25337.3255103078,3095.76174112257
4295,0.0,0.0,0.0,0.0,3080.98510882016,0.0,-1.03211687891722e-13,0.0,21808.1329457945,3080.98510882016
4296,0.0,0.0,0.0,0.0,756.615862022227,0.0,1911.6743524546,0.0,20941.448109572,2668.290214476827
4297,0.0,0.0,0.0,0.0,0.0,0.0,2672.1,0.0,20941.448109572,2672.1
4298,0.0,0.0,0.0,0.0,2848.22451317297,0.0,-1.05898890522175e-13,0.0,17678.8770750096,2848.22451317297
4299,0.0,0.0,0.0,0.0,2596.44902634593,0.0,5.55439232853877e-14,0.0,14704.7086599513,2596.44902634593
4300,0.0,0.0,0.0,0.0,2750.05727376861,0.0,-1.74740120553152e-13,0.0,11554.5857804912,2750.05727376861
4301,168.18711,0.0,0.0,0.0,2545.08419621993,0.0,1.16388826036875e-13,0.0,8639.25451334354,2713.27130621993
4302,356.7501,0.0,0.0,0.0,2304.06919014891,0.0,6.77574781884774e-14,0.0,6000.0,2660.81929014891
4303,2435.15463917526,5.26011067430942e-14,-5.26011067430942e-14,1673.26436082474,3.7861671720951604e-14,0.0,-6.774288550159961e-31,0.0,6000.0,2435.15463917526
4304,2227.01030927835,1754.44098969072,0.0,3810.55670103093,2.50287568986007e-13,0.0,1.3975142281335998e-29,0.0,7446.536596,2227.01030927835
4305,2293.40206185567,3004.0772371134,0.0,3810.55670103093,-6.02271834484956e-14,0.0,4.33587964896819e-30,0.0,9923.398278,2293.40206185567
4306,2286.80412371134,3542.92017525773,0.0,3810.55670103093,-1.90654035807998e-13,0.0,-1.0839985970768899e-29,0.0,12844.5359625,2286.80412371134
4307,2326.39175257732,3624.12454639175,0.0,3810.55670103093,8.66322440307214e-14,0.0,8.35465601307518e-31,0.0,15832.626651,2326.39175257732
4308,2286.80412371134,3593.76117525773,0.0,3810.55670103093,-1.90654035807998e-13,0.0,-1.0839985970768899e-29,0.0,18795.68274,2286.80412371134
4309,2386.0824742268,2032.0128886787,2.27373675443232e-13,991.630637094491,4.15729298783505e-14,0.0,2.5918923677887797e-30,0.0,20471.0773667156,2386.0824742268
4310,2579.58762886598,2298.71237113402,0.0,0.0,4.2269996962741e-14,0.0,-1.4269045653346099e-30,0.0,22366.3657167156,2579.58762886598
4311,2677.01030927835,3049.31169072165,0.0,0.0,2.48395230084928e-13,0.0,7.004561297274579e-30,0.0,24880.5232057156,2677.01030927835
4312,2686.70103092783,268.544969072165,0.0,0.0,2.17436892905116e-13,0.0,-6.984870786535189e-30,0.0,25101.9385327156,2686.70103092783
4313,2312.709,0.0,0.0,0.0,481.984272623138,0.0,-1.10809419016122e-14,0.0,24549.8374185997,2794.693272623138
4314,911.6814,0.0,0.0,0.0,1941.43074684994,0.0,-2.23566810069197e-15,0.0,22325.9763110969,2853.11214684994
4315,0.0,0.0,0.0,0.0,2855.44100801833,0.0,-1.45449090979322e-13,0.0,19055.138959415,2855.44100801833
4316,0.0,0.0,0.0,0.0,2816.60939289805,0.0,7.73081321499412e-14,0.0,15828.7822665192,2816.60939289805
4317,0.0,0.0,0.0,0.0,2731.04238258877,0.0,-6.83630176777172e-14,0.0,12700.4404766122,2731.04238258877
4318,0.0,0.0,0.0,0.0,2905.95647193585,0.0,-1.33535926366449e-13,0.0,9371.73890509349,2905.95647193585
4319,0.0,0.0,0.0,0.0,2943.52806414662,0.0,6.571015387661321e-14,0.0,6000.0,2943.52806414662
4320,0.0,0.0,0.0,0.0,0.0,0.0,2404.2,0.0,12000.0,2404.2
4321,0.0,0.0,0.0,0.0,0.0,0.0,2540.6,0.0,12000.0,2540.6
4322,0.0,0.0,0.0,0.0,0.0,0.0,2470.8,0.0,12000.0,2470.8
4323,0.0,0.0,0.0,0.0,0.0,0.0,2366.7,0.0,12000.0,2366.7
4324,286.5051,0.0,0.0,0.0,0.0,0.0,2110.190053,0.0,12000.0,2396.695153
4325,0.0,0.0,0.0,0.0,0.0,0.0,2552.3,0.0,12000.0,2552.3
4326,271.0512,0.0,0.0,0.0,0.0,0.0,2322.180336,0.0,12000.0,2593.231536
4327,551.418,0.0,0.0,0.0,261.51134720763,0.0,1747.32513388774,0.0,11700.445192202,2560.25448109537
4328,1777.6773,0.0,0.0,0.0,1159.51090378007,0.0,-7.0352418934403904e-15,0.0,10372.2540080324,2937.18820378007
4329,2842.26804123711,3008.31095876289,0.0,0.0,2.3781210294843e-13,0.0,1.66792846903592e-29,0.0,12852.6063935324,2842.2680412371105
4330,1672.5639,0.0,0.0,0.0,1319.71708705613,0.0,-9.315265521249191e-14,0.0,11340.9029719332,2992.28098705613
4331,2827.42268041237,4789.86531958763,0.0,0.0,2.0089586648156998e-13,0.0,4.32009993426214e-30,0.0,15290.1469279332,2827.42268041237
4332,1960.3794,0.0,0.0,0.0,1011.83503092784,0.0,-3.7993013125032205e-14,0.0,14131.1148191957,2972.21443092784
4333,2744.94845360825,2376.74154639175,0.0,0.0,1.25452356771408e-13,0.0,5.9531337674952e-30,0.0,16090.7382241957,2744.94845360825
4334,2709.07216494845,536.876835051546,0.0,0.0,-1.15257514670482e-13,0.0,-1.2397239821271498e-30,0.0,16533.3931746957,2709.07216494845
4335,2663.19587628866,520.67712371134,0.0,0.0,-1.79165959107232e-13,0.0,-1.88336271280632e-30,0.0,16962.6914631957,2663.19587628866
4336,2722.16494845361,3054.66205154639,0.0,0.0,2.05765896403691e-14,0.0,1.08731409149359e-30,0.0,19481.2603246957,2722.16494845361
4337,1861.6563,0.0,0.0,0.0,929.889334478808,0.0,4.43980662625144e-14,0.0,18416.0949931048,2791.545634478808
4338,564.1587,0.0,0.0,0.0,2282.54989805269,0.0,1.4275256514305e-13,0.0,15801.4902988864,2846.70859805269
4339,0.0,0.0,0.0,0.0,2950.74455899198,0.0,2.61599534194658e-14,0.0,12421.4850766734,2950.74455899198
4340,3.910368,0.0,0.0,0.0,0.0,0.0,2471.30694304,0.0,12421.4850766734,2475.21731104
4341,0.0,0.0,0.0,0.0,0.0,0.0,2350.5,0.0,12421.4850766734,2350.5
4342,0.0,0.0,0.0,0.0,2785.22336769759,0.0,1.70020838950253e-13,0.0,9231.08030267842,2785.22336769759
4343,0.0,0.0,0.0,0.0,2820.73310423826,0.0,7.284365296268651e-15,0.0,6000.0,2820.73310423826
4344,0.0,0.0,0.0,0.0,0.0,0.0,2383.2,0.0,6000.0,2383.2
4345,0.0,0.0,0.0,0.0,0.0,0.0,2492.2,0.0,6000.0,2492.2
4346,0.0,0.0,0.0,0.0,0.0,0.0,2415.5,0.0,6000.0,2415.5
4347,0.0,0.0,0.0,0.0,0.0,0.0,2355.8,0.0,6000.0,2355.8
4348,296.5725,0.0,0.0,0.0,0.0,0.0,2010.324675,0.0,6000.0,2306.897175
4349,1157.9295,0.0,0.0,0.0,0.0,0.0,1274.408385,0.0,6000.0,2432.337885
4350,1802.9466,0.0,0.0,0.0,0.0,0.0,684.941798,0.0,6000.0,2487.888398
4351,2476.28865979381,2873.86034020618,0.0,0.0,-3.3809117100626704e-14,0.0,7.91912721242911e-31,0.0,8369.4978505,2476.28865979381
4352,2221.17,0.0,0.0,0.0,189.879839633448,0.0,6.64691384534679e-15,0.0,8151.9951705075,2411.049839633448
4353,2421.363,0.0,0.0,0.0,176.377880870561,0.0,8.214545276655661e-15,0.0,7949.95865175543,2597.740880870561
4354,2682.68041237113,2265.44458762887,0.0,0.0,-1.31690089790197e-13,0.0,-4.60106256298357e-30,0.0,9817.81771425543,2682.68041237113
4355,2666.39175257732,350.363247422681,0.0,0.0,-2.31158604969887e-13,0.0,1.62501221493433e-29,0.0,10106.6922117554,2666.3917525773195
4356,2631.9587628866,3787.0692371134,0.0,0.0,9.59586366193464e-14,0.0,1.32591457007691e-31,0.0,13229.1307977554,2631.9587628866
4357,2580.61855670103,7262.71144329897,0.0,0.0,1.56899878555734e-13,0.0,4.292434458138049e-30,0.0,19217.2363827554,2580.61855670103
4358,2674.0206185567,2369.54768041237,0.0,3810.55670103093,1.38981289826082e-14,0.0,-4.3154001375884203e-32,0.0,21170.9284452554,2674.0206185567
4359,2488.76288659794,0.0,0.0,887.722113402061,-6.468249726293121e-14,0.0,5.29984205703453e-30,0.0,21170.9284452554,2488.76288659794
4360,2538.96907216495,1968.98701909864,2.27373675443232e-13,1053.62090873641,1.71255726580816e-13,0.0,1.09822324942699e-29,0.0,22794.3582425023,2538.96907216495
4361,2536.0824742268,0.0,0.0,765.978525773196,4.6151169155155304e-14,0.0,2.7130756222812103e-31,0.0,22794.3582425023,2536.0824742268
4362,1521.9519,0.0,0.0,0.0,1139.64107331042,0.0,2.08964242768247e-14,0.0,21488.927459787,2661.5929733104203
4363,423.1332,0.0,0.0,0.0,2352.07422222222,0.0,1.6333969594168399e-13,0.0,18794.684364458,2775.20742222222
4364,0.0,0.0,0.0,0.0,2774.11225658648,0.0,1.31347576826688e-13,0.0,15617.0070945995,2774.11225658648
4365,0.0,0.0,0.0,0.0,2726.2313860252,0.0,-1.74327696480913e-13,0.0,12494.1761827722,2726.2313860252
4366,0.0,0.0,0.0,0.0,2840.09163802978,0.0,-1.51842819850092e-13,0.0,9240.92115639216,2840.09163802978
4367,0.0,0.0,0.0,0.0,2829.32416953035,0.0,9.59753595167185e-14,0.0,6000.0,2829.32416953035
4368,0.0,0.0,0.0,0.0,0.0,0.0,2356.7,0.0,12000.0,2356.7
4369,0.0,0.0,0.0,0.0,0.0,0.0,2464.4,0.0,12000.0,2464.4
4370,0.0,0.0,0.0,0.0,0.0,0.0,2388.6,0.0,12000.0,2388.6
4371,0.0,0.0,0.0,0.0,0.0,0.0,2389.8,0.0,12000.0,2389.8
4372,365.3664,0.0,0.0,0.0,0.0,0.0,2043.694592,0.0,12000.0,2409.060992
4373,0.0,0.0,0.0,0.0,0.0,0.0,2574.4,0.0,12000.0,2574.4
4374,2366.154,0.0,0.0,0.0,0.0,0.0,391.13062,0.0,12000.0,2757.28462
4375,2817.62886597938,1375.00013402062,0.0,0.0,0.0,0.0,1.06909029166663e-13,0.0,13133.6876105,2817.62886597938
4376,2814.94845360825,3358.84154639175,0.0,0.0,2.31769246643875e-13,0.0,-5.6972339635930295e-30,0.0,15903.0524655,2814.9484536082505
4377,2849.07216494845,3901.58783505155,0.0,0.0,8.174920834295681e-14,0.0,2.9977367986347496e-30,0.0,19119.9116355,2849.07216494845
4378,2788.14432989691,4327.11767010309,0.0,0.0,0.0,0.0,-1.94009848278303e-13,0.0,22687.6201545,2788.14432989691
4379,2775.05154639175,4707.58445360825,0.0,0.0,1.47207226824965e-13,0.0,2.7606039119198396e-30,0.0,26569.0235365,2775.05154639175
4380,2742.0618556701,4458.7541443299,0.0,0.0,1.59748560772413e-14,0.0,7.60439964896341e-31,0.0,30245.2663285,2742.0618556701
4381,2039.9442,0.0,0.0,0.0,712.204038946163,0.0,-3.89800120378216e-14,0.0,29429.4541418492,2752.148238946163
4382,335.2923,0.0,0.0,0.0,2658.15173997709,0.0,-1.56713483541223e-13,0.0,26384.6067879235,2993.44403997709
4383,1769.7603,0.0,0.0,0.0,1061.09107560137,0.0,-9.83869144810943e-14,0.0,25169.1530930766,2830.85137560137
4384,1611.8361,0.0,0.0,0.0,1252.02632646048,0.0,8.839866852110221e-14,0.0,23734.9877706706,2863.86242646048
4385,551.1786,0.0,0.0,0.0,2389.87028407789,0.0,-1.54916310385861e-13,0.0,20997.4502173167,2941.04888407789
4386,58.06416,0.0,0.0,0.0,2878.6686882016,0.0,1.83374504360148e-13,0.0,17700.0061300297,2936.7328482016
4387,0.0,0.0,0.0,0.0,2855.09736540664,0.0,-3.49460951458151e-14,0.0,14429.5624124963,2855.09736540664
4388,0.0,0.0,0.0,0.0,0.0,0.0,2500.1,0.0,14429.5624124963,2500.1
4389,0.0,0.0,0.0,0.0,0.0,0.0,2522.2,0.0,14429.5624124963,2522.2
4390,0.0,0.0,0.0,0.0,0.0,0.0,2457.5,0.0,14429.5624124963,2457.5
4391,0.0,0.0,0.0,0.0,0.0,0.0,2416.5,0.0,14429.5624124963,2416.5
4392,0.0,0.0,0.0,0.0,0.0,0.0,2356.9,0.0,14429.5624124963,2356.9
4393,0.0,0.0,0.0,0.0,0.0,0.0,2296.0,0.0,14429.5624124963,2296.0
4394,0.0,0.0,0.0,0.0,1817.7124305537,0.0,720.737048126621,0.0,12347.4175894107,2538.4494786803207
4395,0.0,0.0,0.0,0.0,2564.49026345934,0.0,-1.05493409095453e-13,0.0,9409.85715016749,2564.49026345934
4396,251.916,0.0,0.0,0.0,2048.84476517755,0.0,3.18338151664533e-14,0.0,7062.95593003284,2300.76076517755
4397,1170.918,0.0,0.0,0.0,927.960526918671,0.0,-4.74643248670527e-14,0.0,6000.0,2098.878526918671
4398,2218.76288659794,-1.33289399348489e-13,1.33289399348489e-13,1220.63811340206,-1.61476649439644e-13,0.0,3.5249357433923794e-30,0.0,6000.0,2218.76288659794
4399,2147.21649484536,0.0,0.0,3759.70550515464,6.5536472616694e-14,0.0,3.33496865466456e-30,0.0,6000.0,2147.21649484536
4400,2077.31958762887,1996.5107113402,0.0,3810.55670103093,-1.76211762372513e-13,-7.64294306540785e-14,8.82514975680702e-30,0.0,7646.1230815,2077.31958762887
4401,2044.63917525773,3607.59312371134,0.0,3810.55670103093,2.0733497909741402e-14,-7.64294306540785e-14,-3.25896688427891e-32,0.0,10620.583612,2044.63917525773
4402,2045.56701030928,4644.5692886598,0.0,3810.55670103093,2.59708358260752e-14,-7.64294306540785e-14,-2.91498995590003e-31,0.0,14450.0309905,2045.56701030928
4403,2073.50515463918,5065.2751443299,0.0,3810.55670103093,1.98721176603786e-13,-7.64294306540785e-14,8.885319272064259e-30,0.0,18626.350347,2073.50515463918
4404,2082.88659793814,5004.29670103093,0.0,3810.55670103093,-1.76041848337498e-13,-7.64294306540785e-14,-9.27417302462567e-30,0.0,22752.392977,2082.88659793814
4405,2147.01030927835,4400.55698969072,0.0,3810.55670103093,-1.68875671468118e-13,0.0,-8.630354613154589e-30,0.0,26380.652215,2147.01030927835
4406,2143.50515463918,0.0,0.0,3357.78084536082,6.02141776828525e-14,503.084284077893,-1.12997203303075e-30,0.0,25804.3815574079,2143.50515463918
4407,2152.78350515464,0.0,0.0,1114.16549484536,8.1333443383203e-14,2890.86333157587,1.77268612680189e-30,0.0,22492.9688064619,2152.78350515464
4408,2094.0206185567,0.0,0.0,2776.4463814433,-1.44447906804479e-13,0.0,9.638880167903189e-30,0.0,22492.9688064619,2094.0206185567
4409,2038.65979381443,0.0,0.0,1076.85820618557,6.482765838914191e-14,0.0,-8.56719580870431e-31,0.0,22492.9688064619,2038.65979381443
4410,1212.6996,0.0,0.0,0.0,1216.12988316151,0.0,2.6716637583422e-14,0.0,21099.9219758072,2428.82948316151
4411,343.5054,0.0,0.0,0.0,2396.10511111111,0.0,-1.95377749337114e-13,0.0,18355.2425816364,2739.61051111111
4412,87.53745,0.0,0.0,0.0,2636.52769014891,0.0,1.22008230523372e-13,0.0,15335.1650442379,2724.06514014891
4413,0.0,0.0,0.0,0.0,2732.53150057274,0.0,1.55375324163339e-13,0.0,12205.1175063539,2732.53150057274
4414,0.0,0.0,0.0,0.0,2707.56013745705,0.0,-1.20700675876405e-13,0.0,9103.67404993118,2707.56013745705
4415,0.0,0.0,0.0,0.0,2709.50744558992,0.0,8.80318172946025e-14,0.0,6000.0,2709.50744558992
4416,0.0,0.0,0.0,0.0,0.0,0.0,2369.7,0.0,12000.0,2369.7
4417,0.0,0.0,0.0,0.0,0.0,0.0,2308.0,0.0,12000.0,2308.0
4418,0.0,0.0,0.0,0.0,0.0,0.0,2309.6,0.0,12000.0,2309.6
4419,0.0,0.0,0.0,0.0,0.0,0.0,2245.9,0.0,12000.0,2245.9
4420,316.7703,0.0,0.0,0.0,2148.60573768614,0.0,-8.07663167675689e-14,0.0,9538.82504274211,2465.37603768614
4421,1342.9038,0.0,0.0,0.0,1100.43907674685,0.0,-1.6832063267691502e-15,0.0,8278.2991816346,2443.3428767468504
4422,2290.239,0.0,0.0,0.0,94.1216151202753,0.0,-4.74976215670559e-15,0.0,8170.48518951516,2384.3606151202757
4423,2425.87628865979,3415.77771134021,0.0,0.0,1.67424060206011e-14,0.0,-8.253847338168661e-31,0.0,10986.7939125152,2425.87628865979
4424,2481.03092783505,5294.36607216495,0.0,0.0,8.61430594262078e-14,0.0,5.466787870347339e-30,0.0,15351.9987390152,2481.03092783505
4425,2424.43298969072,5290.42101030928,0.0,0.0,-3.01828159607356e-14,0.0,2.0920862106369397e-30,0.0,19713.9508620152,2424.43298969072
4426,2557.62886597938,520.656134020619,0.0,0.0,-1.82388032660117e-13,0.0,6.744207481539709e-30,0.0,20143.2318445152,2557.62886597938
4427,2545.77319587629,2101.56880412371,0.0,0.0,-4.34224756150565e-16,0.0,3.51809305671429e-33,0.0,21875.9753235152,2545.77319587629
4428,2581.85567010309,6879.06432989691,0.0,0.0,-1.49599868162478e-14,0.0,4.372759373715761e-31,0.0,27547.7638635152,2581.85567010309
4429,1017.6978,0.0,0.0,0.0,1767.27735853379,0.0,-7.75783395593987e-14,0.0,25523.3911733275,2784.97515853379
4430,2183.706,0.0,0.0,0.0,371.94178694158,0.0,-5.819448413039691e-15,0.0,25097.3410164643,2555.6477869415803
4431,2562.88659793814,3270.28340206186,0.0,0.0,-5.1209153367861606e-15,0.0,-1.8343483303633302e-31,0.0,27793.6896814643,2562.88659793814
4432,2522.37113402062,3298.95486597938,0.0,0.0,2.3325735795794797e-13,0.0,1.8892626147046e-29,0.0,30513.6779684643,2522.3711340206205
4433,2523.09278350515,887.790216494845,0.0,0.0,1.9709608520963202e-14,0.0,1.1678155577954899e-30,0.0,31245.6610019643,2523.09278350515
4434,1222.1622,0.0,0.0,0.0,1311.45780756014,0.0,-9.8851668526194e-14,0.0,29743.4183816205,2533.62000756014
4435,355.2696,0.0,0.0,0.0,2435.84019243986,0.0,-1.50741925266758e-13,0.0,26953.2234303721,2791.10979243986
4436,79.34682,0.0,0.0,0.0,0.0,0.0,2453.9335846,0.0,26953.2234303721,2533.2804046
4437,0.0,0.0,0.0,0.0,0.0,0.0,2393.4,0.0,26953.2234303721,2393.4
4438,0.0,0.0,0.0,0.0,2893.01260022909,0.0,5.3796989263739703e-14,0.0,23639.3487451154,2893.01260022909
4439,0.0,0.0,0.0,0.0,0.0,0.0,2595.9,0.0,23639.3487451154,2595.9
4440,0.0,0.0,0.0,0.0,1668.32210398176,0.0,1067.25480322392,0.0,21728.3268619748,2735.57690720568
4441,0.0,0.0,0.0,0.0,2852.80641466208,0.0,-1.90928506045896e-13,0.0,18460.5073720984,2852.80641466208
4442,0.0,0.0,0.0,0.0,2717.75486827033,0.0,-1.67521543537905e-13,0.0,15347.3861026021,2717.75486827033
4443,0.0,0.0,0.0,0.0,2856.47193585338,0.0,3.55421859692011e-14,0.0,12075.3678484745,2856.47193585338
4444,10.391493,0.0,0.0,0.0,2661.5352254181,0.0,-1.81263830211588e-13,0.0,9026.64479530368,2671.9267184181
4445,134.02704,0.0,0.0,0.0,2642.26090630012,0.0,-6.85207252603346e-14,0.0,6000.0,2776.28794630012
4446,2626.80412371134,148.135876288659,0.0,0.0,2.8084062972674602e-14,0.0,1.33099742741858e-30,0.0,6122.13803,2626.80412371134
4447,2369.577,0.0,0.0,0.0,84.204249713631,0.0,-3.0904980801806803e-15,0.0,6025.68413571176,2453.781249713631
4448,2639.48453608247,459.969842076789,-1.13686837721616e-13,1870.36362184074,2.15995770163689e-13,0.0,1.2672097774593299e-30,0.0,6404.92927050407,2639.48453608247
4449,2362.878,0.0,0.0,0.0,353.503253150057,0.0,-2.4553686633854602e-14,0.0,6000.0,2716.381253150057
4450,2732.0618556701,4113.79537634211,0.0,125.176767987785,2.08403339813875e-13,0.0,1.80908098915536e-30,0.0,9391.82428779407,2732.0618556701
4451,2614.32989690722,1900.10310309278,0.0,0.0,4.33303864034854e-14,0.0,2.3236460863111296e-30,0.0,10958.4592962941,2614.32989690722
4452,2646.0824742268,4546.98452577319,0.0,0.0,-1.58852211795103e-13,0.0,3.17618799561283e-30,0.0,14707.4480377941,2646.0824742268
4453,2317.31958762887,5824.08641237113,0.0,0.0,-2.36603825366098e-13,0.0,-1.44052189511754e-29,0.0,19509.4072847941,2317.3195876288696
4454,2379.48453608247,1703.71346391753,0.0,0.0,-8.885392248115161e-14,0.0,3.9442404342423295e-30,0.0,20914.1190357941,2379.48453608247
4455,2301.64948453608,2685.91351546392,0.0,0.0,-1.38110742609645e-13,0.0,-3.981379209356e-30,0.0,23128.6547292941,2301.64948453608
4456,2227.31958762887,842.355412371134,0.0,0.0,7.31903656976917e-14,0.0,-6.39916036810407e-31,0.0,23823.1767667941,2227.31958762887
4457,1774.5798,0.0,0.0,0.0,503.616946162658,0.0,2.0846643426897502e-14,0.0,23246.2959579021,2278.196746162658
4458,33.69954,0.0,0.0,0.0,2592.56752142039,0.0,-8.51643162355506e-16,0.0,20276.5737111434,2626.2670614203903
4459,0.0,0.0,0.0,0.0,2596.21993127148,0.0,-1.93203284604111e-13,0.0,17302.6677188507,2596.21993127148
4460,30.11253,0.0,0.0,0.0,2524.96087731959,0.0,-1.0556362739087999e-13,0.0,14410.3872179119,2555.07340731959
4461,0.0,0.0,0.0,0.0,2450.51546391753,0.0,-1.65722519327152e-13,0.0,11603.3821046043,2450.51546391753
4462,0.0,0.0,0.0,0.0,2474.11225658648,0.0,3.98651995975756e-14,0.0,8769.34744642967,2474.11225658648
4463,0.0,0.0,0.0,0.0,2417.6403207331,0.0,4.24933693934071e-14,0.0,6000.0,2417.6403207331
4464,0.0,0.0,0.0,0.0,0.0,0.0,2024.5,0.0,12000.0,2024.5
4465,0.0,0.0,0.0,0.0,0.0,0.0,2090.7,0.0,12000.0,2090.7
4466,0.0,0.0,0.0,0.0,0.0,0.0,2093.9,0.0,12000.0,2093.9
4467,0.0,0.0,0.0,0.0,0.0,0.0,2142.5,0.0,12000.0,2142.5
4468,70.24941,0.0,0.0,0.0,0.0,0.0,1954.5580723,0.0,12000.0,2024.8074823
4469,0.0,0.0,0.0,0.0,0.0,0.0,2135.7,0.0,12000.0,2135.7
4470,163.73091,0.0,0.0,0.0,1055.13476517755,0.0,1065.6483673,0.0,10791.3691120532,2284.51404247755
4471,430.458,0.0,0.0,0.0,2007.96762886598,0.0,-9.10205819535542e-14,0.0,8491.29164485277,2438.42562886598
4472,1422.8865,0.0,0.0,0.0,983.963453608247,0.0,1.6527159114347e-14,0.0,7364.18574152145,2406.8499536082472
4473,1226.2005,0.0,0.0,0.0,1190.93415234822,0.0,1.18925920708581e-14,0.0,6000.0,2417.13465234822
4474,222.789,0.0,0.0,0.0,0.0,0.0,1988.29467,0.0,6000.0,2211.08367
4475,209.2125,0.0,0.0,0.0,0.0,0.0,2028.463875,0.0,6000.0,2237.676375
4476,923.9727,0.0,0.0,0.0,0.0,0.0,1428.946481,0.0,6000.0,2352.919181
4477,2288.874,0.0,0.0,0.0,0.0,0.0,166.99222,0.0,6000.0,2455.86622
4478,2538.55670103093,1930.47429896907,0.0,0.0,2.23333329460979e-13,0.0,-5.1821046344689595e-30,0.0,7591.6760595,2538.55670103093
4479,2053.4094,0.0,0.0,0.0,0.0,0.0,503.492882,0.0,7591.6760595,2556.902282
4480,2531.75257731959,327.040422680412,0.0,0.0,0.0,0.0,-1.09892026749858e-13,0.0,7861.320888,2531.75257731959
4481,2232.426,0.0,0.0,0.0,0.0,0.0,235.946780000001,0.0,7861.320888,2468.372780000001
4482,1389.507,0.0,0.0,0.0,0.0,0.0,1073.87821,0.0,7861.320888,2463.3852100000004
4483,630.9282,0.0,0.0,0.0,0.0,0.0,1849.699646,0.0,7861.320888,2480.627846
4484,0.0,0.0,0.0,0.0,0.0,0.0,2437.1,0.0,7861.320888,2437.1
4485,0.0,0.0,0.0,0.0,0.0,0.0,2399.0,0.0,7861.320888,2399.0
4486,0.0,0.0,0.0,0.0,0.0,0.0,2499.8,0.0,7861.320888,2499.8
4487,0.0,0.0,0.0,0.0,0.0,0.0,2479.5,0.0,7861.320888,2479.5
4488,0.0,0.0,0.0,0.0,0.0,0.0,2413.6,0.0,7861.320888,2413.6
4489,0.0,0.0,0.0,0.0,0.0,0.0,2482.9,0.0,7861.320888,2482.9
4490,0.0,0.0,0.0,0.0,0.0,0.0,2372.9,0.0,7861.320888,2372.9
4491,0.0,0.0,0.0,0.0,0.0,0.0,2334.2,0.0,7861.320888,2334.2
4492,203.46228,0.0,0.0,0.0,1624.933135224,0.0,597.174961349448,0.0,6000.0,2425.570376573448
4493,1091.9664,0.0,0.0,0.0,0.0,0.0,1361.292592,0.0,6000.0,2453.258992
4494,2526.70103092783,2.01823753222234e-13,-2.01823753222234e-13,818.262969072165,-9.998769695334821e-14,0.0,-3.5431867210846603e-31,0.0,6000.0,2526.70103092783
4495,2574.22680412371,0.0,0.0,3207.57719587629,2.4525811354955e-13,0.0,1.76012792250314e-29,0.0,6000.0,2574.2268041237103
4496,2532.37113402062,1347.67116494845,0.0,3810.55670103093,4.08288742213138e-14,-7.64294306540785e-14,1.3157714365963598e-30,0.0,7111.1548755,2532.37113402062
4497,2534.12371134021,2804.49458762887,0.0,3810.55670103093,-7.37160503541716e-14,-7.64294306540785e-14,3.0749847085979896e-30,0.0,9423.460663,2534.12371134021
4498,2579.27835051546,3612.23394845361,0.0,3810.55670103093,2.03740143519563e-13,-7.64294306540785e-14,-3.3488865007582794e-30,0.0,12401.7475535,2579.27835051546
4499,2449.89690721649,4058.75739175258,0.0,3810.55670103093,-5.02416922203417e-14,-7.64294306540785e-14,-2.56942585961351e-30,0.0,15748.193023,2449.89690721649
4500,2427.31958762887,4056.09271134021,0.0,3810.55670103093,7.929468473343141e-14,-7.64294306540785e-14,-3.73402911089129e-30,0.0,19092.4414635,2427.31958762887
4501,2428.0412371134,2329.44406185567,0.0,3810.55670103093,-1.49880121435047e-13,-7.64294306540785e-14,-2.1847503002987896e-30,0.0,21013.0680925,2428.0412371134
4502,2508.35051546392,2756.97778350516,0.0,3810.55670103093,9.218591573076291e-14,-7.64294306540785e-14,-5.2131208480817e-30,0.0,23286.196275,2508.35051546392
4503,2498.55670103093,1405.59359793814,0.0,3810.55670103093,1.37517092339159e-14,-7.64294306540785e-14,4.33606044764143e-32,0.0,24445.1081965,2498.55670103093
4504,2559.07216494845,0.0,0.0,3298.31083505155,-1.35462810678781e-13,569.162073310424,1.0720342560541298e-30,0.0,23793.1470586874,2559.07216494845
4505,2512.37113402062,0.0,0.0,949.772865979382,-6.39619358922176e-14,629.357781432242,1.17380177503727e-30,0.0,23072.2332197043,2512.37113402062
4506,1197.8904,0.0,0.0,0.0,1455.95224742268,0.0,1.82750743381325e-14,0.0,21404.4757770666,2653.84264742268
4507,333.291,0.0,0.0,0.0,2439.87139747995,0.0,1.31208593141494e-13,0.0,18609.6631797242,2773.16239747995
4508,78.15465,0.0,0.0,0.0,2678.3390486827,0.0,9.343341931022081e-14,0.0,15541.6917608436,2756.4936986827
4509,0.0,0.0,0.0,0.0,2672.85223367698,0.0,-2.57201331633948e-14,0.0,12480.0053534244,2672.85223367698
4510,0.0,0.0,0.0,0.0,2773.08132875143,0.0,-4.9643700121835e-14,0.0,9303.50898601155,2773.08132875143
4511,0.0,0.0,0.0,0.0,2883.96334478809,0.0,-1.98881562866616e-14,0.0,6000.0,2883.96334478809
4512,0.0,0.0,0.0,0.0,0.0,0.0,2441.4,0.0,12000.0,2441.4
4513,0.0,0.0,0.0,0.0,0.0,0.0,2547.0,0.0,12000.0,2547.0
4514,0.0,0.0,0.0,0.0,2760.48109965636,0.0,8.49391332374274e-14,0.0,8837.93688470062,2760.48109965636
4515,0.0,0.0,0.0,0.0,72.840191294387,0.0,2290.510513,0.0,8754.50023946077,2363.350704294387
4516,38.20614,0.0,0.0,0.0,0.0,0.0,2151.0400442,0.0,8754.50023946077,2189.2461842
4517,1093.4385,0.0,0.0,0.0,1469.60441580756,0.0,1.8754072811701998e-14,0.0,7071.10457416002,2563.04291580756
4518,2158.905,0.0,0.0,0.0,378.536254295533,0.0,1.54517043680889e-14,0.0,6637.50061734956,2537.4412542955333
4519,1970.0436,0.0,0.0,0.0,556.538038946162,0.0,-1.85655259362495e-14,0.0,6000.0,2526.581638946162
4520,2587.31958762887,379.770412371134,0.0,0.0,-1.24182616457892e-13,0.0,-7.112081508090349e-30,0.0,6313.120705,2587.31958762887
4521,2667.73195876289,6394.31404123711,0.0,0.0,2.27275964384578e-13,0.0,-6.916905986685159e-30,0.0,11585.232632,2667.73195876289
4522,2685.77319587629,7307.76980412371,0.0,0.0,2.12199554988782e-13,0.0,1.5381453833073398e-30,0.0,17610.4888355,2685.77319587629
4523,2634.84536082474,7741.33863917526,0.0,0.0,2.21063194045007e-13,0.0,1.08435163890495e-29,0.0,23993.2225435,2634.84536082474
4524,2547.73195876289,7714.23304123712,0.0,0.0,1.19432994753176e-13,0.0,1.10163945749868e-29,0.0,30353.607686,2547.73195876289
4525,2446.39175257732,3991.99824742268,0.0,0.0,1.78848156930629e-13,0.0,1.04403612825739e-29,0.0,33645.010241,2446.39175257732
4526,2714.43298969072,3241.10401030928,0.0,0.0,1.71402146329508e-13,0.0,9.51836674790172e-30,0.0,36317.3004975,2714.43298969072
4527,2615.25773195876,3131.91726804124,0.0,0.0,4.85677243198192e-14,0.0,-6.8996552146785904e-31,0.0,38899.566285,2615.25773195876
4528,2612.57731958763,3124.05568041237,0.0,0.0,1.57875310978971e-13,0.0,-4.9449717477540495e-30,0.0,41475.3501935,2612.57731958763
4529,2462.57731958763,516.209680412371,0.0,0.0,1.53297071702166e-13,0.0,-8.133791504256929e-30,0.0,41900.965075,2462.57731958763
4530,1415.9082,0.0,0.0,0.0,1179.91872394044,0.0,9.4182295249717e-14,0.0,40549.3972354348,2595.82692394044
4531,341.7834,0.0,0.0,0.0,2431.46632531501,0.0,1.28919925979636e-13,0.0,37764.2124412595,2773.24972531501
4532,67.33944,0.0,0.0,0.0,2728.50027857961,0.0,-1.77961644925198e-13,0.0,34638.7825688888,2795.8397185796102
4533,0.0,0.0,0.0,0.0,2775.14318442153,0.0,-1.42408497111252e-13,0.0,31459.9243965847,2775.14318442153
4534,0.0,0.0,0.0,0.0,2817.18213058419,0.0,-1.2368917955537e-13,0.0,28232.9116467746,2817.18213058419
4535,0.0,0.0,0.0,0.0,2885.68155784651,0.0,-2.14995744257161e-15,0.0,24927.4344900203,2885.68155784651
4536,0.0,0.0,0.0,0.0,2751.54639175258,0.0,4.8998221287903804e-14,0.0,21775.6058625832,2751.54639175258
4537,0.0,0.0,0.0,0.0,2820.5040091638,0.0,1.55531594730654e-13,0.0,18544.7879826705,2820.5040091638
4538,0.0,0.0,0.0,0.0,2750.97365406644,0.0,-3.14930772055063e-14,0.0,15393.6154121476,2750.97365406644
4539,0.0,0.0,0.0,0.0,2807.56013745704,0.0,3.62298659953994e-15,0.0,12177.624418497,2807.56013745704
4540,326.9532,0.0,0.0,0.0,2282.42313402062,0.0,-8.09833566712459e-14,0.0,9563.16492935536,2609.37633402062
4541,1255.9617,0.0,0.0,0.0,1368.4045257732,0.0,-6.35075911401138e-14,0.0,7995.69124576636,2624.3662257732003
4542,2444.12371134021,0.0,0.0,180.981288659794,2.36078140709618e-13,0.0,5.8214784988359096e-30,0.0,7995.69124576636,2444.1237113402103
4543,2520.10309278351,0.0,0.0,3008.54590721649,-2.14787492581357e-13,0.0,1.00685596172446e-30,0.0,7995.69124576636,2520.10309278351
4544,2536.28865979381,983.351639175256,0.0,3810.55670103093,-2.4033857780982e-13,0.0,4.4703214231478396e-30,0.0,8806.46467226636,2536.288659793809
4545,2644.63917525773,2087.41512371134,0.0,3810.55670103093,-2.05777433776439e-13,0.0,8.848361221098409e-30,0.0,10527.5384417664,2644.63917525773
4546,2590.61855670103,1473.15274226804,0.0,3810.55670103093,-5.11556619123938e-14,0.0,-2.2744376955638897e-30,0.0,11742.1528777664,2590.61855670103
4547,2502.26804123711,3311.01325773196,0.0,3810.55670103093,1.90740041677573e-14,0.0,-1.0011032698918199e-30,0.0,14472.0833087664,2502.26804123711
4548,2544.84536082474,2344.22593814433,0.0,3810.55670103093,9.95549405900928e-15,0.0,3.1429621032442996e-31,0.0,16404.8975947664,2544.84536082474
4549,2626.70103092783,3059.42526804124,0.0,3810.55670103093,-9.693553743547831e-14,0.0,-1.90137520914891e-30,0.0,18927.3937282664,2626.70103092783
4550,2687.62886597938,2272.75843298969,0.0,3810.55670103093,2.2267423082144998e-13,0.0,6.52973129187646e-30,0.0,20801.2830562664,2687.62886597938
4551,2536.90721649485,1142.35408247423,0.0,3810.55670103093,-7.363109333666391e-14,0.0,5.04413244200874e-30,0.0,21743.1539972664,2536.90721649485
4552,2608.65979381443,1452.59190237943,0.0,1633.33930380613,-6.62320713081892e-14,0.0,-4.8381954496984796e-30,0.0,22940.8160207782,2608.65979381443
4553,2634.22680412371,718.423195876288,0.0,0.0,5.43557095718512e-14,0.0,-7.491037539385131e-31,0.0,23533.1559457782,2634.22680412371
4554,1499.8473,0.0,0.0,0.0,1312.76989576174,0.0,-6.51980338237448e-14,0.0,22029.4103607132,2812.61719576174
4555,327.7701,0.0,0.0,0.0,2523.21077090493,0.0,9.270310878211941e-14,0.0,19139.1345635713,2850.9808709049303
4556,65.34486,0.0,0.0,0.0,2901.62140412371,0.0,5.1993292167871104e-14,0.0,15815.3987054685,2966.96626412371
4557,0.0,0.0,0.0,0.0,2936.65521191294,0.0,-6.29955550623277e-14,0.0,12451.532483346,2936.65521191294
4558,0.0,0.0,0.0,0.0,2781.67239404353,0.0,3.90472940986149e-14,0.0,9265.19526221939,2781.67239404353
4559,0.0,0.0,0.0,0.0,2850.51546391753,0.0,5.0083520377906e-14,0.0,6000.0,2850.51546391753
4560,0.0,0.0,0.0,0.0,2526.43069873998,0.0,270.526,0.0,9106.03585482248,2796.95669873998
4561,0.0,0.0,0.0,0.0,2711.56930126002,0.0,-4.73297969481475e-15,0.0,6000.0,2711.56930126002
4562,0.0,0.0,0.0,0.0,0.0,0.0,2291.2,0.0,6000.0,2291.2
4563,0.0,0.0,0.0,0.0,0.0,0.0,2304.9,0.0,6000.0,2304.9
4564,203.18592,0.0,0.0,0.0,0.0,0.0,2031.2096576,0.0,6000.0,2234.3955776
4565,1024.443,0.0,0.0,0.0,0.0,0.0,1230.19029,0.0,6000.0,2254.63329
4566,2419.48453608247,792.549463917525,0.0,0.0,1.2072769774591099e-13,0.0,4.2281797573605e-30,0.0,6653.457033,2419.48453608247
4567,2494.74226804124,1546.32973195876,0.0,0.0,-1.00963129376585e-13,0.0,-2.13572159034346e-30,0.0,7928.405897,2494.74226804124
4568,1103.7831,0.0,0.0,0.0,1634.85726575029,0.0,3.56458991492841e-14,0.0,6055.71716189085,2738.64036575029
4569,2544.12371134021,2799.03228865979,0.0,0.0,2.39130300227488e-13,0.0,-6.74438716233162e-30,0.0,8363.51928389085,2544.1237113402103
4570,2519.27835051546,888.097649484535,0.0,0.0,-9.500523008953751e-14,0.0,-3.76596891805616e-30,0.0,9095.75579589085,2519.27835051546
4571,2532.16494845361,1064.65205154639,0.0,0.0,-1.93583269863498e-13,0.0,-5.1401472691592394e-30,0.0,9973.56141239085,2532.16494845361
4572,2490.10309278351,835.288907216494,0.0,0.0,0.0,0.0,-9.73593714239616e-14,0.0,10662.2571163909,2490.10309278351
4573,2519.69072164949,155.772278350515,0.0,0.0,0.0,0.0,-1.28403313182548e-13,0.0,10790.6913598908,2519.69072164949
4574,1832.1051,0.0,0.0,0.0,0.0,0.0,824.558053000001,0.0,10790.6913598908,2656.663153000001
4575,2674.32989690722,711.185103092783,0.0,0.0,0.0,0.0,-1.28830371342289e-13,0.0,11377.0634773908,2674.32989690722
4576,2660.82474226804,559.189257731958,0.0,0.0,0.0,0.0,-2.0194979709127998e-13,0.0,11838.1150203908,2660.82474226804
4577,2191.161,0.0,0.0,0.0,0.0,0.0,361.27383,0.0,11838.1150203908,2552.43483
4578,1191.2859,0.0,0.0,0.0,0.0,0.0,1334.952677,0.0,11838.1150203908,2526.238577
4579,375.0453,0.0,0.0,0.0,0.0,0.0,2090.406059,0.0,11838.1150203908,2465.451359
4580,12.508608,0.0,0.0,0.0,0.0,0.0,2385.96665024,0.0,11838.1150203908,2398.47525824
4581,0.0,0.0,0.0,0.0,0.0,0.0,2409.5,0.0,11838.1150203908,2409.5
4582,0.0,0.0,0.0,0.0,0.0,0.0,2378.9,0.0,11838.1150203908,2378.9
4583,0.0,0.0,0.0,0.0,0.0,0.0,2365.2,0.0,11838.1150203908,2365.2
4584,0.0,0.0,0.0,0.0,0.0,0.0,2354.1,0.0,11838.1150203908,2354.1
4585,0.0,0.0,0.0,0.0,0.0,0.0,2351.4,0.0,11838.1150203908,2351.4
4586,0.0,0.0,0.0,0.0,0.0,0.0,2228.6,0.0,11838.1150203908,2228.6
4587,0.0,0.0,0.0,0.0,0.0,0.0,2229.3,0.0,11838.1150203908,2229.3
4588,19.181589,0.0,0.0,0.0,2269.9603271082,0.0,352.718493104543,0.0,9237.9313696369,2641.860409212743
4589,20.898927,0.0,0.0,0.0,2539.092830252,0.0,6.59012272845629e-14,0.0,6329.46306465179,2559.9917572520003
4590,2059.2852,0.0,0.0,0.0,287.621255441008,0.0,1.06290465414833e-14,0.0,6000.0,2346.906455441008
4591,2373.29896907216,218.878030927835,0.0,0.0,2.33916456597477e-13,0.0,7.1807902207006e-30,0.0,6180.4649365,2373.2989690721606
4592,2444.32989690722,3109.81310309278,0.0,0.0,-5.04116062553571e-14,0.0,-9.983167643714621e-31,0.0,8744.50584,2444.32989690722
4593,2458.55670103093,387.321298969072,0.0,0.0,-1.95829910993147e-13,0.0,-5.74998328070531e-30,0.0,9063.852251,2458.55670103093
4594,2514.43298969072,425.94330927835,0.0,3810.55670103093,1.65297827293769e-13,0.0,-9.42513842627158e-30,0.0,9415.0425095,2514.43298969072
4595,2493.60824742268,4140.81505154639,0.0,3810.55670103093,1.80289279672056e-13,0.0,2.1882807185793597e-30,0.0,12829.1445195,2493.60824742268
4596,2516.90721649485,4105.35708247423,0.0,3810.55670103093,-1.78421903450195e-13,0.0,1.0411567342513199e-29,0.0,16214.011434,2516.90721649485
4597,2522.78350515464,2060.80079381443,0.0,3810.55670103093,1.81179755077785e-13,0.0,-9.01827322072349e-30,0.0,17913.1416885,2522.78350515464
4598,2468.86597938144,977.694319587627,0.0,3810.55670103093,-4.44537069683097e-14,0.0,-2.62856409208416e-30,0.0,18719.250655,2468.86597938144
4599,2560.41237113402,3561.98860259008,-4.54747350886464e-13,220.313026275902,-1.8230307564260998e-13,0.0,8.713355214950459e-30,0.0,21656.1102578355,2560.41237113402
4600,2432.26804123711,2335.42495876289,0.0,0.0,-7.161582897321531e-14,0.0,5.1486864665122394e-30,0.0,23581.6681363355,2432.26804123711
4601,2560.0,285.5,0.0,0.0,-1.14598416030953e-13,0.0,9.086058339781619e-30,0.0,23817.0628863355,2560.0
4602,154.36428,0.0,0.0,0.0,2619.09123528064,0.0,1.0242312106939399e-13,0.0,20816.9583785685,2773.45551528064
4603,326.4513,0.0,0.0,0.0,2410.12856701031,0.0,-9.75821582347253e-14,0.0,18056.2154610309,2736.57986701031
4604,46.60677,0.0,0.0,0.0,2628.05433344788,0.0,-7.400292941382271e-14,0.0,15045.8439450539,2674.66110344788
4605,0.0,0.0,0.0,0.0,2613.28751431844,0.0,-1.1131844332667e-13,0.0,12052.3874567166,2613.28751431844
4606,0.0,0.0,0.0,0.0,2640.32073310424,0.0,1.29745673286238e-13,0.0,9027.9650820268,2640.32073310424
4607,0.0,0.0,0.0,0.0,2643.41351660939,0.0,-1.21269370515958e-13,0.0,6000.0,2643.41351660939
4608,0.0,0.0,0.0,0.0,0.0,0.0,2207.2,0.0,12000.0,2207.2
4609,0.0,0.0,0.0,0.0,0.0,0.0,2321.6,0.0,12000.0,2321.6
4610,0.0,0.0,0.0,0.0,0.0,0.0,2333.4,0.0,12000.0,2333.4
4611,0.0,0.0,0.0,0.0,0.0,0.0,2366.9,0.0,12000.0,2366.9
4612,199.25619,0.0,0.0,0.0,0.0,0.0,2025.9214957,0.0,12000.0,2225.1776857
4613,978.0183,0.0,0.0,0.0,0.0,0.0,1495.722249,0.0,12000.0,2473.740549
4614,2664.94845360825,428.330546391753,0.0,0.0,2.2719100736707e-13,0.0,-8.88605372009591e-30,0.0,12353.1585355,2664.94845360825
4615,2718.65979381443,2820.86720618557,0.0,0.0,2.4966643879134e-13,0.0,1.6851803514712698e-29,0.0,14678.963547,2718.6597938144305
4616,2717.83505154639,4780.21494845361,0.0,0.0,0.0,0.0,-1.4586105519286e-13,0.0,18620.250772,2717.83505154639
4617,2511.516,0.0,0.0,0.0,217.444994272624,0.0,-1.0470833099644801e-14,0.0,18371.1728862353,2728.960994272624
4618,2704.53608247423,417.092917525773,0.0,0.0,0.0,0.0,-1.43386791558104e-14,0.0,18715.0659967353,2704.53608247423
4619,2783.09278350516,7829.74021649484,0.0,0.0,-1.65088476420996e-13,0.0,-6.503169090096409e-30,0.0,25170.6868052353,2783.09278350516
4620,2794.63917525773,7807.35782474227,0.0,0.0,-2.1682625123112799e-13,0.0,-4.49985927596873e-30,0.0,31607.8533317353,2794.63917525773
4621,746.2728,0.0,0.0,0.0,1926.24900801833,0.0,8.11835026013667e-14,0.0,29401.3825321725,2672.52180801833
4622,2315.481,0.0,0.0,0.0,164.356735395189,0.0,-4.1986738789830906e-15,0.0,29213.115939509,2479.837735395189
4623,700.1148,0.0,0.0,0.0,1899.18515922108,0.0,8.90935061889683e-14,0.0,27037.6461122225,2599.29995922108
4624,2403.40206185567,3258.11393814433,0.0,0.0,-2.4960350766726e-13,0.0,-9.27862703645836e-30,0.0,29723.9610542225,2403.4020618556697
4625,2332.37113402062,946.253865979381,0.0,0.0,3.4724555185574103e-14,0.0,-1.0995200513863e-30,0.0,30504.1473667225,2332.37113402062
4626,1103.655,0.0,0.0,0.0,0.0,0.0,1167.15465,0.0,30504.1473667225,2270.80965
4627,295.4532,0.0,0.0,0.0,2174.00961741123,0.0,1.66206621119278e-13,0.0,28013.8728908792,2469.46281741123
4628,48.73218,0.0,0.0,0.0,0.0,0.0,2255.4297854,0.0,28013.8728908792,2304.1619654
4629,0.0,0.0,0.0,0.0,0.0,0.0,2367.6,0.0,28013.8728908792,2367.6
4630,0.0,0.0,0.0,0.0,1707.90053488304,0.0,878.60283304711,0.0,26057.5148898677,2586.50336793015
4631,0.0,0.0,0.0,0.0,2644.90263459336,0.0,4.4716057762516505e-14,0.0,23027.8440598639,2644.90263459336
4632,0.0,0.0,0.0,0.0,2659.67926689576,0.0,-8.713442542270441e-14,0.0,19981.2469614724,2659.67926689576
4633,0.0,0.0,0.0,0.0,2708.82016036655,0.0,1.93531981836455e-13,0.0,16878.3601798383,2708.82016036655
4634,0.0,0.0,0.0,0.0,2690.72164948454,0.0,-1.15912228269285e-14,0.0,13796.2047966945,2690.72164948454
4635,0.0,0.0,0.0,0.0,2643.64261168385,0.0,6.97249238109589e-14,0.0,10767.977291902,2643.64261168385
4636,163.39155,0.0,0.0,0.0,2400.92806013746,0.0,-1.7172231981252799e-13,0.0,8017.77332839978,2564.31961013746
4637,968.8623,0.0,0.0,0.0,1761.51611569301,0.0,-5.41690850118694e-14,0.0,6000.0,2730.37841569301
4638,2584.53608247423,630.227917525773,0.0,0.0,-1.24267573475399e-13,0.0,-9.081229241501099e-30,0.0,6519.622918,2584.53608247423
4639,2606.80412371134,0.0,0.0,3108.89187628866,-7.67067471408568e-14,0.0,1.1890277658594899e-30,0.0,6519.622918,2606.80412371134
4640,2727.73195876289,1194.07934020619,0.0,3810.55670103093,3.63735604068782e-14,0.0,2.2797338446627e-30,0.0,7504.141334,2727.73195876289
4641,2683.19587628866,4221.92198875794,0.0,2418.0631349534,-7.43751489937006e-14,0.0,3.76801151081631e-30,0.0,10985.1160137309,2683.19587628866
4642,2653.71134020619,0.0,0.0,3500.69565979381,8.62045221573924e-14,0.0,2.0337743905684097e-30,0.0,10985.1160137309,2653.71134020619
4643,2647.62886597938,4316.20043298969,0.0,3810.55670103093,1.3092610594386801e-14,0.0,-6.4096373382114905e-31,0.0,14543.8232707309,2647.62886597938
4644,2697.73195876289,0.0,0.0,1909.45804123711,1.39638290761475e-13,0.0,8.704636336805549e-30,0.0,14543.8232707309,2697.73195876289
4645,2555.05154639175,3838.96375257732,0.0,3810.55670103093,3.63120976756936e-14,0.0,2.03342762378086e-31,0.0,17709.0488847309,2555.05154639175
4646,2530.51546391753,2884.47983505155,0.0,3810.55670103093,3.03541983886462e-14,0.0,1.83359009009079e-30,0.0,20087.3025087309,2530.51546391753
4647,2472.57731958763,1430.79597938144,0.0,3810.55670103093,-3.91314120344682e-14,0.0,1.8363765956111497e-30,0.0,21266.9937937309,2472.57731958763
4648,2367.62886597938,0.0,0.0,1023.11513402062,1.24353998885802e-13,0.0,1.8948684690987e-32,0.0,21266.9937937309,2367.62886597938
4649,2330.10309278351,1031.42990721649,0.0,0.0,9.19545389645629e-14,0.0,5.30040628900283e-30,0.0,22117.4077522309,2330.10309278351
4650,1103.9133,0.0,0.0,0.0,1315.23951775487,0.0,1.64335025902937e-14,0.0,20610.833275994,2419.15281775487
4651,302.0598,0.0,0.0,0.0,2291.64031386025,0.0,5.2273990138936204e-14,0.0,17985.8157343442,2593.70011386025
4652,47.28066,0.0,0.0,0.0,2576.33191271478,0.0,1.3932533575107702e-15,0.0,15034.6909775117,2623.61257271478
4653,0.0,0.0,0.0,0.0,2564.37571592211,0.0,-1.43237642696331e-13,0.0,12097.2617496513,2564.37571592211
4654,0.0,0.0,0.0,0.0,2664.94845360825,0.0,1.19330231835605e-13,0.0,9044.62892764873,2664.94845360825
4655,0.0,0.0,0.0,0.0,2657.96105383734,0.0,-1.04872624266794e-13,0.0,6000.0,2657.96105383734
4656,0.0,0.0,0.0,0.0,0.0,0.0,2302.1,0.0,12000.0,2302.1
4657,0.0,0.0,0.0,0.0,0.0,0.0,2384.5,0.0,12000.0,2384.5
4658,0.0,0.0,0.0,0.0,0.0,0.0,2297.9,0.0,12000.0,2297.9
4659,0.0,0.0,0.0,0.0,2615.69301260023,0.0,1.4016111473687e-13,0.0,9003.78807262288,2615.69301260023
4660,176.89686,0.0,0.0,0.0,945.129813287515,0.0,1200.5117188,0.0,7921.16514789491,2322.5383920875147
4661,941.1591,0.0,0.0,0.0,1677.17717411226,0.0,-3.0672038821478104e-14,0.0,6000.0,2618.33627411226
4662,2536.49484536082,570.056154639175,0.0,0.0,-5.9264337250074804e-15,0.0,-9.25689952236546e-32,0.0,6470.0112995,2536.49484536082
4663,2563.40206185567,1908.79993814433,0.0,0.0,5.21940254597104e-14,0.0,6.1020796792617105e-31,0.0,8043.8168485,2563.40206185567
4664,2617.62886597938,2314.11613402062,0.0,0.0,1.16357340948983e-13,0.0,-3.8575192252895e-30,0.0,9951.805601,2617.62886597938
4665,2587.42268041237,4367.48331958763,0.0,0.0,-1.47900727812324e-14,0.0,-1.1338331578704699e-30,0.0,13552.795598,2587.42268041237
4666,2638.86597938144,3447.83702061856,0.0,0.0,4.9288285690532805e-14,0.0,6.933987585984291e-31,0.0,16395.5372215,2638.86597938144
4667,2714.0206185567,5380.6813814433,0.0,0.0,2.2347974920967099e-13,0.0,-6.645970380837139e-30,0.0,20831.9090205,2714.0206185567
4668,2682.16494845361,5260.32905154639,0.0,0.0,-1.7337797385519999e-13,0.0,-7.45190550734053e-30,0.0,25169.0503235,2682.16494845361
4669,2506.49484536082,5642.40815463918,0.0,0.0,8.17112398980954e-14,0.0,8.14102367476274e-31,0.0,29821.215847,2506.49484536082
4670,2477.01030927835,4213.19069072165,0.0,0.0,2.42290911049188e-13,0.0,-1.1938943876898699e-29,0.0,33294.9915715,2477.01030927835
4671,2338.45360824742,2894.09539175258,0.0,0.0,1.0783646674857999e-13,0.0,-5.31153762957618e-30,0.0,35681.173222,2338.45360824742
4672,2352.57731958763,314.254680412371,0.0,0.0,-1.46974381665869e-13,0.0,8.750868033156049e-30,0.0,35940.276206,2352.57731958763
4673,1993.6287,0.0,0.0,0.0,440.641650630011,0.0,-1.03017298680363e-14,0.0,35435.5320472027,2434.270350630011
4674,1002.5358,0.0,0.0,0.0,1533.60856128293,0.0,-5.27549407513509e-14,0.0,33678.8212095361,2536.14436128293
4675,439.5048,0.0,0.0,0.0,2139.49638487973,0.0,-4.34932154560391e-14,0.0,31228.0807915754,2579.0011848797303
4676,0.0,0.0,0.0,0.0,2487.2852233677,0.0,4.3526578294304304e-14,0.0,28378.956824373,2487.2852233677
4677,0.0,0.0,0.0,0.0,2513.86025200458,0.0,-1.55150807309204e-13,0.0,25499.3918163494,2513.86025200458
4678,0.0,0.0,0.0,0.0,2637.11340206186,0.0,-1.11730867398908e-13,0.0,22478.6433603794,2637.11340206186
4679,0.0,0.0,0.0,0.0,0.0,0.0,2265.1,0.0,22478.6433603794,2265.1
4680,0.0,0.0,0.0,0.0,1095.18460619997,0.0,1197.40383878743,0.0,21224.1363658777,2292.5884449874
4681,0.0,0.0,0.0,0.0,2150.28636884307,0.0,1.18416008321352e-13,0.0,18761.0362870197,2150.28636884307
4682,0.0,0.0,0.0,0.0,2105.49828178694,0.0,-4.12798714645622e-14,0.0,16349.2398588559,2105.49828178694
4683,0.0,0.0,0.0,0.0,2061.85567010309,0.0,-1.51861002581727e-13,0.0,13987.434967558,2061.85567010309
4684,14.124033,0.0,0.0,0.0,1969.52999769759,0.0,9.18292996789488e-15,0.0,11731.3868602297,1983.65403069759
4685,28.18368,0.0,0.0,0.0,2172.80851134021,0.0,-1.12100891216222e-13,0.0,9242.48822181022,2200.99219134021
4686,433.7949,0.0,0.0,0.0,1844.92433791523,0.0,9.69551982484433e-14,0.0,7129.17282900926,2278.7192379152298
4687,1576.4595,0.0,0.0,0.0,659.145801832761,0.0,8.105775254266161e-15,0.0,6374.13754626841,2235.605301832761
4688,1887.8958,0.0,0.0,0.0,326.622077892326,0.0,3.7634288181684e-15,0.0,6000.0,2214.517877892326
4689,2250.72164948454,-2.22983858475659e-13,2.22983858475659e-13,1638.26835051546,-1.60501217016407e-13,0.0,-5.7124704624997194e-30,0.0,6000.0,2250.72164948454
4690,2268.55670103093,746.621597938144,0.0,3810.55670103093,1.10912120552773e-13,0.0,-1.45643295342694e-30,0.0,6615.5895075,2268.55670103093
4691,2216.18556701031,0.0,0.0,3025.35143298969,5.72234808961672e-14,0.0,-3.0159289757692396e-30,0.0,6615.5895075,2216.18556701031
4692,2153.40206185567,4782.184488567,0.0,886.493449577327,2.48040927856359e-13,0.0,1.3365306269789899e-29,0.0,10558.5006183235,2153.4020618556706
4693,1960.20618556701,5628.60581443299,0.0,0.0,8.58737142151463e-14,0.0,2.7778714521463e-30,0.0,15199.2861123235,1960.20618556701
4694,1973.09278350515,156.181216494846,0.0,0.0,-4.8907971930677304e-15,0.0,3.07552442170252e-32,0.0,15328.0575253235,1973.09278350515
4695,1892.68041237113,5376.72158762886,0.0,0.0,-9.58984325106434e-14,0.0,2.3413832857456597e-30,0.0,19761.1644743235,1892.68041237113
4696,949.494,0.0,0.0,0.0,957.835990836197,0.0,-7.393488504383691e-15,0.0,18663.9869361377,1907.3299908361969
4697,1749.8969072165,407.685092783505,0.0,0.0,-5.5979752113937e-14,0.0,-2.7500126570781198e-30,0.0,19000.1232951377,1749.8969072165
4698,26.39826,0.0,0.0,0.0,1888.76711088202,0.0,6.33817746924628e-14,0.0,16836.5870856509,1915.16537088202
4699,392.8155,0.0,0.0,0.0,1484.50053264605,0.0,-6.239186850250521e-14,0.0,15136.128285369,1877.31603264605
4700,30.4038,0.0,0.0,0.0,1865.30161970218,0.0,2.42318194304797e-14,0.0,12999.4712181271,1895.70541970218
4701,0.0,0.0,0.0,0.0,1904.9255441008,0.0,8.06908771695106e-14,0.0,10817.4259213335,1904.9255441008
4702,0.0,0.0,0.0,0.0,2115.578465063,0.0,4.37757891537114e-14,0.0,8394.082891479,2115.578465063
4703,0.0,0.0,0.0,0.0,2090.03436426117,0.0,-3.13028991807209e-14,0.0,6000.0,2090.03436426117
4704,0.0,0.0,0.0,0.0,0.0,0.0,1744.1,0.0,12000.0,1744.1
4705,0.0,0.0,0.0,0.0,1044.30011454754,0.0,818.426,0.0,10803.7799375171,1862.72611454754
4706,0.0,0.0,0.0,0.0,2087.2852233677,0.0,-2.6586995301022104e-15,0.0,8412.84611922653,2087.2852233677
4707,0.0,0.0,0.0,0.0,2106.41466208477,0.0,-1.8315941712273e-13,0.0,6000.0,2106.41466208477
4708,249.732,0.0,0.0,0.0,0.0,0.0,1526.85996,0.0,6000.0,1776.59196
4709,1136.1147,0.0,0.0,0.0,0.0,0.0,768.668741,0.0,6000.0,1904.783441
4710,1880.9427,0.0,0.0,0.0,0.0,0.0,154.085581,0.0,6000.0,2035.028281
4711,2026.18556701031,1152.45843298969,0.0,0.0,9.57010385514464e-14,0.0,1.44755645401497e-31,0.0,6950.201978,2026.18556701031
4712,1998.55670103093,4398.35829896907,0.0,0.0,6.3044400103134306e-15,0.0,2.07625300530941e-31,0.0,10576.6483955,1998.55670103093
4713,1992.78350515464,5171.68149484536,0.0,0.0,1.65462706838858e-14,0.0,1.2631705368615499e-30,0.0,14840.699788,1992.78350515464
4714,2032.26804123711,6258.49150042787,0.0,124.612458335012,-9.16379954104415e-14,0.0,3.068392487889e-30,0.0,20000.8260301028,2032.26804123711
4715,1807.83505154639,3783.58124742268,0.0,3810.55670103093,2.13193866749243e-14,0.0,6.316402122979839e-33,0.0,23120.3887686028,1807.83505154639
4716,1764.0206185567,3744.90768041237,0.0,3810.55670103093,-5.0339655003492504e-14,0.0,-1.3326659770868199e-30,0.0,26208.0651511028,1764.0206185567
4717,1742.57731958763,3271.71697938144,0.0,3810.55670103093,3.49546733292925e-14,0.0,-1.96654403875002e-31,0.0,28905.5958006028,1742.57731958763
4718,1814.0206185567,394.94668041237,0.0,3810.55670103093,-4.8813575244557605e-14,0.0,-2.10619424560704e-30,0.0,29231.2293386028,1814.0206185567
4719,1805.56701030928,0.0,0.0,3787.88798969072,7.07358420881663e-14,0.0,3.64712717779065e-30,0.0,29231.2293386028,1805.56701030928
4720,1814.43298969072,0.0,0.0,1885.99801030928,-1.08704706490467e-13,0.0,-5.2291863677802796e-30,0.0,29231.2293386028,1814.43298969072
4721,1867.21649484536,0.0,0.0,1344.20850515464,-1.07093669714025e-13,0.0,1.4758376591738e-30,0.0,29231.2293386028,1867.21649484536
4722,173.70255,0.0,0.0,0.0,1871.487430126,0.0,4.5388559453353904e-14,0.0,27087.4865778628,2045.189980126
4723,326.6802,0.0,0.0,0.0,1592.23391294387,0.0,-4.67390856454417e-14,0.0,25263.6218436774,1918.91411294387
4724,37.09524,0.0,0.0,0.0,1868.97779747995,0.0,-3.07860798232441e-14,0.0,23122.7538053269,1906.07303747995
4725,0.0,0.0,0.0,0.0,1890.03436426117,0.0,5.92912996286919e-14,0.0,20957.7659883038,1890.03436426117
4726,0.0,0.0,0.0,0.0,1860.82474226804,0.0,-4.3760862058896e-14,0.0,18826.2370739074,1860.82474226804
4727,0.0,0.0,0.0,0.0,1826.68957617411,0.0,1.9843130829454e-14,0.0,16733.8091516003,1826.68957617411
4728,0.0,0.0,0.0,0.0,1780.29782359679,0.0,-6.209380063709211e-14,0.0,14694.5218393474,1780.29782359679
4729,0.0,0.0,0.0,0.0,1780.87056128293,0.0,7.6150411418899e-14,0.0,12654.5784701802,1780.87056128293
4730,0.0,0.0,0.0,0.0,1745.36082474227,0.0,4.0389666410942203e-14,0.0,10655.3106296965,1745.36082474227
4731,0.0,0.0,0.0,0.0,1744.6735395189,0.0,-2.37309309278563e-14,0.0,8656.83005750995,1744.6735395189
4732,163.46883,0.0,0.0,0.0,1518.02432405498,0.0,4.24869460929766e-14,0.0,6917.97057978374,1681.49315405498
4733,890.4,0.0,0.0,0.0,801.388316151203,0.0,-1.5515787204110102e-14,0.0,6000.0,1691.788316151203
4734,1685.77319587629,0.0,0.0,209.199604123711,-6.314592898331631e-14,0.0,-3.39383106854921e-30,0.0,6000.0,1685.77319587629
4735,1631.44329896907,133.731,0.0,3810.55670103093,8.12210064415138e-15,0.0,3.4732705103280203e-31,0.0,6110.2612095,1631.44329896907
4736,1716.28865979381,0.0,0.0,3139.91934020619,-1.09095718541416e-13,0.0,4.05974507517137e-30,0.0,6110.2612095,1716.28865979381
4737,1704.94845360825,3659.91984536082,0.0,3810.55670103093,-1.0683733026860599e-13,0.0,-3.64814743081482e-30,0.0,9127.865122,1704.94845360825
4738,1725.25773195876,4639.98756701031,0.0,3810.55670103093,8.13072220815031e-14,0.0,2.2901323022382698e-30,0.0,12953.534871,1725.25773195876
4739,1764.22680412371,1179.38349484536,0.0,3810.55670103093,-8.41919848093207e-14,0.0,3.99038702256115e-30,0.0,13925.9365625,1764.22680412371
4740,1738.55670103093,0.0,0.0,3520.95629896907,-6.15348922068737e-14,0.0,3.31119295840487e-30,0.0,13925.9365625,1738.55670103093
4741,1805.77319587629,966.645103092782,0.0,3810.55670103093,4.46970406480849e-14,0.0,7.104866180329861e-31,0.0,14722.93545,1805.77319587629
4742,1796.49484536082,0.0,2.27373675443232e-13,2213.62315463917,1.57642465819876e-14,0.0,5.581174555424261e-31,0.0,14722.93545,1796.49484536082
4743,1817.52577319588,0.0,0.0,798.213226804124,-1.74524788706347e-14,0.0,-2.1401756021761503e-31,0.0,14722.93545,1817.52577319588
4744,1783.71134020619,2322.04133898582,-4.54747350886464e-13,567.860320807998,-3.67161154922859e-14,0.0,1.2726871723839e-30,0.0,16637.4585339938,1783.71134020619
4745,1762.0618556701,755.208144329897,0.0,0.0,8.243054264632741e-14,0.0,2.5950503080113e-30,0.0,17260.1276489938,1762.0618556701
4746,1429.7157,0.0,0.0,0.0,407.761478808706,0.0,-2.00803614113299e-14,0.0,16793.0469172542,1837.477178808706
4747,271.8618,0.0,0.0,0.0,1713.16615578465,0.0,3.6012377357125704e-14,0.0,14830.6572771801,1985.0279557846504
4748,0.0,0.0,0.0,0.0,1985.45246277205,0.0,9.90238157477067e-14,0.0,12556.3703782431,1985.45246277205
4749,0.0,0.0,0.0,0.0,1969.41580756014,0.0,-3.66967243152527e-16,0.0,10300.453072905,1969.41580756014
4750,0.0,0.0,0.0,0.0,1890.1489117984,0.0,-4.3708771869791e-14,0.0,8135.33404449903,1890.1489117984
4751,0.0,0.0,0.0,0.0,1864.14662084765,0.0,6.583915034647641e-14,0.0,6000.0,1864.14662084765
4752,0.0,0.0,0.0,0.0,0.0,0.0,1613.4,0.0,12000.0,1613.4
4753,0.0,0.0,0.0,0.0,0.0,0.0,1538.4,0.0,12000.0,1538.4
4754,0.0,0.0,0.0,0.0,1323.48435337915,0.0,377.2981595,0.0,10483.9812676069,1700.78251287915
4755,0.0,0.0,0.0,0.0,1701.03092783505,0.0,9.306161339821099e-14,0.0,8535.49223228613,1701.03092783505
4756,186.23955,0.0,0.0,0.0,1498.90909106529,0.0,-9.92008091830149e-14,0.0,6818.528783185,1685.14864106529
4757,875.9541,0.0,0.0,0.0,714.575627720504,0.0,-3.7328795561810606e-15,0.0,6000.0,1590.529727720504
4758,1575.15463917526,1497.04036082474,0.0,0.0,-3.26635608719609e-14,0.0,1.38717103861082e-30,0.0,7234.3097775,1575.15463917526
4759,1660.72164948454,1349.46035051546,0.0,0.0,-1.18605240701113e-13,0.0,9.154671436275719e-30,0.0,8346.9398365,1660.7216494845395
4760,1655.56701030928,2815.08098969072,0.0,0.0,6.61576028113615e-14,0.0,4.58307421287764e-31,0.0,10667.9741125,1655.56701030928
4761,1688.35051546392,4519.37548453608,0.0,0.0,-2.92086421599804e-14,0.0,-1.23833177272288e-30,0.0,14394.1991995,1688.35051546392
4762,1709.8969072165,6050.8630927835,0.0,0.0,-5.110426816106191e-15,0.0,1.60527152995473e-31,0.0,19383.1358195,1709.8969072165
4763,1677.11340206186,5356.18559793814,0.0,0.0,8.24422897894889e-14,0.0,5.29613091460614e-30,0.0,23799.310845,1677.11340206186
4764,1745.36082474227,4523.39117525773,0.0,0.0,4.2853158712547e-14,0.0,-9.77795667806334e-31,0.0,27528.846869,1745.36082474227
4765,1789.69072164948,3939.92827835052,0.0,0.0,-8.08102759716864e-14,0.0,-3.412587477652e-30,0.0,30777.3177345,1789.69072164948
4766,1265.4621,0.0,0.0,0.0,651.433863688431,0.0,1.3435357473114401e-14,0.0,30031.116286976,1916.895963688431
4767,1950.20618556701,1084.29381443299,0.0,0.0,3.34783091583806e-14,0.0,-4.78156596650121e-32,0.0,30925.116536976,1950.20618556701
4768,1515.3726,0.0,0.0,0.0,364.706274914089,0.0,-1.0550305029763301e-14,0.0,30507.3544809461,1880.0788749140888
4769,1547.1834,0.0,0.0,0.0,394.080300114548,0.0,-1.6068781327557e-14,0.0,30055.9452024644,1941.263700114548
4770,445.6851,0.0,0.0,0.0,1498.60876632302,0.0,7.42847716962612e-14,0.0,28339.3257679592,1944.29386632302
4771,0.0,0.0,0.0,0.0,2062.313860252,0.0,-1.09113937689195e-13,0.0,25976.9960311299,2062.313860252
4772,35.47509,0.0,0.0,0.0,2056.80316460481,0.0,-6.1830002158905e-14,0.0,23620.9786604486,2092.2782546048097
4773,0.0,0.0,0.0,0.0,2106.9873997709,0.0,1.24705556813913e-13,0.0,21207.4764843078,2106.9873997709
4774,0.0,0.0,0.0,0.0,2152.34822451317,0.0,-1.43969550548716e-13,0.0,18742.0146005584,2152.34822451317
4775,0.0,0.0,0.0,0.0,453.353406768615,0.0,1442.322475891,0.0,18222.709438166,1895.6758826596151
4776,0.0,0.0,0.0,0.0,2015.34936998855,0.0,6.76993561121516e-14,0.0,15914.1763683051,2015.34936998855
4777,0.0,0.0,0.0,0.0,2036.65521191294,0.0,-8.119255452514381e-14,0.0,13581.2379812341,2036.65521191294
4778,0.0,0.0,0.0,0.0,1916.49484536082,0.0,-7.50955769504311e-15,0.0,11385.9403347727,1916.49484536082
4779,0.0,0.0,0.0,0.0,1947.19358533792,0.0,6.30308136090781e-14,0.0,9155.47803770753,1947.19358533792
4780,147.25368,0.0,0.0,0.0,1666.28170721649,0.0,2.43330363986454e-14,0.0,7246.7933788112,1813.53538721649
4781,849.5697,0.0,0.0,0.0,1088.45061970218,0.0,-4.62697424913078e-14,0.0,6000.0,1938.02031970218
4782,1860.72164948454,-9.867818527674351e-14,9.867818527674351e-14,1140.03135051546,-1.20314450031121e-13,0.0,-2.20796176459018e-30,0.0,6000.0,1860.72164948454
4783,1870.82474226804,0.0,2.27373675443232e-13,3548.81325773196,4.92870270680512e-14,0.0,1.0909824190671698e-30,0.0,6000.0,1870.82474226804
4784,1833.29896907216,1669.12132989691,0.0,3810.55670103093,1.6887567146811802e-14,-7.64294306540785e-14,8.630354613154591e-31,0.0,7376.1905365,1833.29896907216
4785,1887.42268041237,2949.5896185567,0.0,3810.55670103093,-2.8341661040574502e-14,-7.64294306540785e-14,-1.3188332390247799e-30,0.0,9808.127177,1887.42268041237
4786,1858.76288659794,3511.08241237113,0.0,3810.55670103093,2.02692759844462e-14,-7.64294306540785e-14,-1.03053447683415e-30,0.0,12703.014626,1858.76288659794
4787,1853.81443298969,3556.66586597938,0.0,3810.55670103093,-7.3644099102307e-14,-7.64294306540785e-14,-2.76876906618092e-30,0.0,15635.4856325,1853.81443298969
4788,1785.05154639175,3349.21575257732,0.0,3810.55670103093,-9.13699088218616e-14,-7.64294306540785e-14,6.454880044952251e-31,0.0,18396.9140205,1785.05154639175
4789,1639.07216494845,0.0,2.27373675443232e-13,3067.46883505155,5.41417437499803e-16,825.653184421536,-2.52678745305253e-32,0.0,17451.148631701,1639.07216494845
4790,1617.11340206186,0.0,0.0,2989.69859793814,2.85208049737883e-14,912.064558991982,-2.2654324907485e-30,0.0,16406.4011414467,1617.11340206186
4791,1582.98969072165,0.0,-2.27373675443232e-13,2334.53930927835,-7.40965738844407e-14,635.874127753925,-1.0656332675774298e-30,0.0,15678.0229882349,1582.98969072165
4792,1538.76288659794,140.626412371133,0.0,3810.55670103093,-9.367801268269481e-14,0.0,3.46866547272809e-30,0.0,15793.9694652349,1538.76288659794
4793,1521.13402061856,0.0,0.0,1287.53197938144,1.21958210992085e-13,0.0,-4.2262233159879294e-30,0.0,15793.9694652349,1521.1340206185605
4794,1008.3045,0.0,0.0,0.0,469.237840778923,0.0,-6.499267185271191e-15,0.0,15256.469074881,1477.542340778923
4795,287.5236,0.0,0.0,0.0,1249.60149828179,0.0,2.2228621607002102e-14,0.0,13825.0813334357,1537.12509828179
4796,20.081019,0.0,0.0,0.0,1590.28798576174,0.0,4.62532909497812e-14,0.0,12003.4456109136,1610.36900476174
4797,0.0,0.0,0.0,0.0,1641.92439862543,0.0,5.02103681274687e-14,0.0,10122.6616491434,1641.92439862543
4798,0.0,0.0,0.0,0.0,1827.49140893471,0.0,-4.79128001115208e-14,0.0,8029.31524715632,1827.49140893471
4799,0.0,0.0,0.0,0.0,1771.59221076747,0.0,-7.66611801403495e-14,0.0,6000.0,1771.59221076747
4800,0.0,0.0,0.0,0.0,0.0,0.0,1500.9,0.0,12000.0,1500.9
4801,0.0,0.0,0.0,0.0,0.0,0.0,1553.3,0.0,12000.0,1553.3
4802,0.0,0.0,0.0,0.0,1787.51431844215,0.0,-7.27675443129489e-14,0.0,9952.44637062755,1787.51431844215
4803,0.0,0.0,0.0,0.0,453.640575028637,0.0,1164.071778,0.0,9432.81226406553,1617.712353028637
4804,207.8622,0.0,0.0,0.0,1512.22642153494,0.0,9.96221136079878e-15,0.0,7700.59414088691,1720.08862153494
4805,906.2403,0.0,0.0,0.0,987.568051546392,0.0,4.82521898908786e-14,0.0,6569.35925939047,1893.808351546392
4806,1334.5101,0.0,0.0,0.0,497.050633447881,0.0,8.95470477048811e-15,0.0,6000.0,1831.560733447881
4807,1721.44329896907,-5.72684127278283e-14,5.72684127278283e-14,1904.56370103093,-4.12211448947445e-14,0.0,-2.64806545730307e-30,0.0,6000.0,1721.44329896907
4808,1782.98969072165,422.239608247422,0.0,3810.55670103093,-6.7992254848701e-14,0.0,-4.1597463416583195e-30,0.0,6348.136557,1782.98969072165
4809,1818.24742268041,6149.36257731959,0.0,0.0,1.38236604857804e-14,0.0,-2.90988608238942e-31,0.0,11418.286002,1818.24742268041
4810,1836.80412371134,6650.49287628866,0.0,0.0,5.60621918864815e-14,0.0,4.92314936279922e-33,0.0,16901.6173785,1836.80412371134
4811,1835.9793814433,1157.91156095886,0.0,780.145057597846,-9.24200195123397e-14,0.0,-3.9136287446190105e-31,0.0,17856.3154605106,1835.9793814433
4812,1793.19587628866,2937.55812371134,0.0,0.0,-4.16356512320167e-14,0.0,1.23870477245889e-30,0.0,20278.3321335106,1793.19587628866
4813,1668.86597938144,4719.14502061856,0.0,0.0,-7.66845114770153e-14,0.0,1.47936807745437e-30,0.0,24169.2672030106,1668.86597938144
4814,1660.0,2714.86529896907,0.0,3810.55670103093,1.02756037101618e-13,0.0,-6.63127501101799e-31,0.0,26407.6736420106,1660.0
4815,1610.82474226804,0.0,2.27373675443232e-13,3534.38525773196,-1.07387767833891e-14,0.0,-6.217656311748191e-31,0.0,26407.6736420106,1610.82474226804
4816,1588.65979381443,0.0,2.27373675443232e-13,3406.21120618557,5.10929405587276e-14,0.0,5.95630273748014e-31,0.0,26407.6736420106,1588.65979381443
4817,1585.67010309278,1522.81289690722,0.0,0.0,6.923325661555451e-14,0.0,4.3134120974370096e-30,0.0,27663.2328755106,1585.67010309278
4818,991.8132,0.0,0.0,0.0,606.118208476518,0.0,1.82433947210763e-14,0.0,26968.9393950106,1597.931408476518
4819,273.8694,0.0,0.0,0.0,1363.62735624284,0.0,5.2217123702723105e-14,0.0,25406.9378414678,1637.49675624284
4820,10.682616,0.0,0.0,0.0,1667.51186996564,0.0,-8.412202157976331e-14,0.0,23496.8440614384,1678.19448596564
4821,0.0,0.0,0.0,0.0,1703.09278350515,0.0,2.9173273190084303e-14,0.0,21545.9932212263,1703.09278350515
4822,0.0,0.0,0.0,0.0,1940.77892325315,0.0,3.48250831252506e-14,0.0,19322.8787616007,1940.77892325315
4823,0.0,0.0,0.0,0.0,1930.81328751432,0.0,4.52665696704356e-14,0.0,17111.1796922831,1930.81328751432
4824,0.0,0.0,0.0,0.0,1811.34020618557,0.0,-4.43035116038971e-14,0.0,15036.3340952778,1811.34020618557
4825,0.0,0.0,0.0,0.0,1835.85337915235,0.0,4.82811184439533e-14,0.0,12933.4092623427,1835.85337915235
4826,0.0,0.0,0.0,0.0,1790.72164948454,0.0,-5.86646790710352e-14,0.0,10882.1817142505,1790.72164948454
4827,0.0,0.0,0.0,0.0,1747.07903780069,0.0,2.92514084737417e-14,0.0,8880.94570302403,1747.07903780069
4828,125.87379,0.0,0.0,0.0,1527.49418522337,0.0,-9.73310424519565e-14,0.0,7131.23873255053,1653.3679752233702
4829,810.1548,0.0,0.0,0.0,987.571413516609,0.0,-4.5994192608282305e-14,0.0,6000.0,1797.726213516609
4830,1770.51546391753,0.0,0.0,1191.57653608247,-3.71188746863965e-14,0.0,2.35113344667716e-30,0.0,6000.0,1770.51546391753
4831,1804.43298969072,0.0,0.0,3644.29001030928,9.153730561191391e-14,0.0,4.0879747832637496e-30,0.0,6000.0,1804.43298969072
4832,1847.31958762887,1713.0607113402,0.0,3810.55670103093,-8.686487941940299e-14,-7.64294306540785e-14,4.5662406341822e-30,0.0,7412.4185565,1847.31958762887
4833,1862.26804123711,3086.75825773196,0.0,3810.55670103093,5.94439007241158e-14,-7.64294306540785e-14,-1.8886467887868097e-30,0.0,9957.45074,1862.26804123711
4834,1826.18556701031,4052.93073195876,0.0,3810.55670103093,8.95967195157067e-14,-7.64294306540785e-14,3.2388687194823795e-30,0.0,13299.0921285,1826.18556701031
4835,1877.52577319588,4479.4455257732,0.0,3810.55670103093,2.8655477579319104e-14,-7.64294306540785e-14,-9.209742816479831e-31,0.0,16992.3949645,1877.52577319588
4836,1819.07216494845,4529.28913402062,0.0,3810.55670103093,-9.81450736402919e-14,-7.64294306540785e-14,1.7315472741995897e-30,0.0,20726.7938555,1819.07216494845
4837,1645.67010309278,4202.91219587629,0.0,3810.55670103093,1.23154741431255e-13,-7.64294306540785e-14,-4.6532381833989895e-30,0.0,24192.094961,1645.6701030927802
4838,1576.39175257732,3374.35654639175,0.0,3810.55670103093,4.81139909152039e-14,-7.64294306540785e-14,1.4107539376043598e-30,0.0,26974.2519335,1576.39175257732
4839,1531.9587628866,2102.67753608247,0.0,3810.55670103093,6.23848819227781e-14,-7.64294306540785e-14,-4.88740488380163e-30,0.0,28707.909562,1531.9587628866
4840,1499.48453608247,286.920762886597,0.0,3810.55670103093,-1.1532548028448801e-14,-7.64294306540785e-14,1.0415410245887302e-31,0.0,28944.475731,1499.48453608247
4841,1463.9175257732,0.0,0.0,1720.6484742268,7.59352115596386e-14,2322.12025200458,3.95928570091673e-30,0.0,26284.5441708573,1463.9175257732
4842,956.487,0.0,0.0,0.0,570.340904925544,4233.95189003436,-2.71812067877066e-14,0.0,20781.3450930109,1526.827904925544
4843,241.8066,0.0,0.0,0.0,1357.67193356243,4233.95189003436,-8.39902868435828e-14,0.0,14376.2777120294,1599.47853356243
4844,0.0,0.0,0.0,0.0,1573.19587628866,0.0,-9.270238643159581e-14,0.0,12574.2205799691,1573.19587628866
4845,0.0,0.0,0.0,0.0,1591.17983963345,0.0,4.58001278496195e-14,0.0,10751.5632608014,1591.17983963345
4846,0.0,0.0,0.0,0.0,1784.87972508591,608.710373873184,5.13738025011284e-14,0.0,8009.76475111169,1784.87972508591
4847,0.0,0.0,0.0,0.0,1754.5246277205,0.0,6.88276540254416e-14,0.0,6000.0,1754.5246277205
4848,0.0,0.0,0.0,0.0,1642.95532646048,0.0,3.8279696327600806e-15,0.0,10118.0351357841,1642.95532646048
4849,0.0,0.0,0.0,0.0,1712.02749140893,0.0,3.62377283583174e-14,0.0,8156.94980770972,1712.02749140893
4850,0.0,0.0,0.0,0.0,931.018618556702,0.0,683.020745999999,0.0,7090.49090901934,1614.039364556701
4851,0.0,0.0,0.0,0.0,0.0,0.0,1478.8,0.0,7090.49090901934,1478.8
4852,118.17099,0.0,0.0,0.0,0.0,0.0,1286.8741397,0.0,7090.49090901934,1405.0451297
4853,773.0982,0.0,0.0,0.0,951.998563573883,0.0,-3.5711880450908e-14,0.0,6000.0,1725.096763573883
4854,1663.09278350515,-2.42534085598601e-13,1.51604101553692e-14,1216.67921649485,-5.86291524376962e-14,0.0,3.2280021677326096e-30,0.0,6000.0,1663.09278350515
4855,1662.57731958763,0.0,0.0,3640.80468041237,-1.15944093234193e-13,0.0,5.87773721805982e-30,0.0,6000.0,1662.5773195876295
4856,1690.20618556701,1735.50111340206,0.0,3810.55670103093,-2.65474946930597e-14,0.0,9.94138571124777e-31,0.0,7430.920668,1690.20618556701
4857,1783.29896907216,3113.98332989691,0.0,3810.55670103093,1.53614873878769e-14,0.0,-1.1181385511960898e-30,0.0,9998.3999235,1783.29896907216
4858,1806.28865979381,3933.89163917526,0.0,3810.55670103093,9.41984530788346e-14,0.0,8.110405650478571e-31,0.0,13241.89358,1806.28865979381
4859,1804.12371134021,4188.89658762887,0.0,3810.55670103093,8.18356337533598e-15,0.0,-3.3098414771435997e-31,0.0,16695.6388165,1804.12371134021
4860,1798.14432989691,4041.63896907217,0.0,3810.55670103093,5.22777238547365e-14,0.0,-2.53246520025789e-30,0.0,20027.9701465,1798.14432989691
4861,1623.29896907216,3801.37732989691,0.0,3810.55670103093,-4.16121569456936e-14,0.0,1.13146142358503e-30,0.0,23162.205755,1623.29896907216
4862,1588.96907216495,2983.69522680412,0.0,3810.55670103093,-1.18190734363841e-13,0.0,5.26790120651376e-30,0.0,25622.2624695,1588.9690721649497
4863,1553.71134020619,1788.77295876289,0.0,3810.55670103093,6.04442958265709e-14,0.0,5.2822981765441e-30,0.0,27097.105774,1553.71134020619
4864,1581.34020618557,0.0,0.0,3774.66779381443,-1.02796522791443e-13,0.0,-7.25339609119199e-31,0.0,27097.105774,1581.34020618557
4865,1544.22680412371,0.0,0.0,1496.74119587629,6.536383156630171e-14,0.0,5.3162805764691194e-30,0.0,27097.105774,1544.22680412371
4866,931.5159,0.0,0.0,0.0,637.032734249714,0.0,-2.956384873043e-14,0.0,26367.4004655811,1568.548634249714
4867,248.0352,0.0,0.0,0.0,1389.46833447881,0.0,6.38590839487542e-14,0.0,24775.7987078734,1637.50353447881
4868,0.0,0.0,0.0,0.0,1591.75257731959,0.0,-1.4452878756331e-14,0.0,22952.4853317914,1591.75257731959
4869,0.0,0.0,0.0,0.0,1560.71019473081,0.0,-3.2243167789526e-14,0.0,21164.7302404617,1560.71019473081
4870,0.0,0.0,0.0,0.0,1565.86483390607,0.0,2.0971428742744e-14,0.0,19371.0706369038,1565.86483390607
4871,0.0,0.0,0.0,0.0,1524.1695303551,0.0,-5.04979710840646e-14,0.0,17625.1719767032,1524.1695303551
4872,0.0,0.0,0.0,0.0,1520.38946162657,0.0,-4.34782972002776e-15,0.0,15883.6032921367,1520.38946162657
4873,0.0,0.0,0.0,0.0,1507.67468499427,0.0,3.47378564757759e-14,0.0,14156.5990710665,1507.67468499427
4874,0.0,0.0,0.0,0.0,1483.50515463918,0.0,5.90239060376504e-14,0.0,12457.2804517776,1483.50515463918
4875,0.0,0.0,0.0,0.0,1441.58075601375,0.0,-4.94256945413386e-15,0.0,10805.9851986118,1441.58075601375
4876,115.70769,0.0,0.0,0.0,1312.90210847652,0.0,-6.178719383513621e-14,0.0,9302.08816713817,1428.60979847652
4877,753.396,0.0,0.0,0.0,839.983825887743,0.0,3.17328098480511e-14,0.0,8339.90738147065,1593.379825887743
4878,1581.13402061856,0.0,0.0,1170.41197938144,-7.67577213513614e-14,0.0,2.21130095063846e-30,0.0,8339.90738147065,1581.13402061856
4879,1552.26804123711,0.0,2.27373675443232e-13,3538.59395876289,-2.10798288625938e-15,302.180824742269,-7.31642894767946e-32,0.0,7993.76668875327,1552.26804123711
4880,1507.9381443299,1591.05115463917,0.0,3810.55670103093,1.13741923432227e-13,-7.64294306540785e-14,-5.90689260641614e-30,0.0,9305.58836575327,1507.9381443299003
4881,1437.9381443299,2878.77815463917,0.0,3810.55670103093,1.52385619255077e-14,-7.64294306540785e-14,2.3848384629823102e-31,0.0,11679.1409542533,1437.9381443299
4882,1401.03092783505,3591.38137113402,0.0,3810.55670103093,-9.52773023159758e-14,-7.64294306540785e-14,-5.35277947631138e-31,0.0,14640.2348947533,1401.03092783505
4883,1140.82474226804,4063.28855670103,0.0,3810.55670103093,-1.21450776361588e-13,-7.64294306540785e-14,6.93027845574229e-31,0.0,17990.4163097533,1140.8247422680397
4884,1138.86597938144,3975.40931958763,0.0,3810.55670103093,1.13194212882319e-14,-7.64294306540785e-14,4.886907091246851e-31,0.0,21268.1412937533,1138.86597938144
4885,1111.34020618557,3858.95909278351,0.0,3810.55670103093,3.13153664237582e-14,-7.64294306540785e-14,1.70907972266841e-30,0.0,24449.8530657533,1111.34020618557
4886,1091.54639175258,2259.8839072165,0.0,3810.55670103093,-9.95142451298545e-14,-7.64294306540785e-14,4.13987406341521e-30,0.0,26313.1273472533,1091.54639175258
4887,1048.65979381443,2147.74850515464,0.0,3810.55670103093,-3.57104761294908e-14,-7.64294306540785e-14,1.72885742815128e-30,0.0,28083.9459897533,1048.65979381443
4888,1029.58762886598,0.0,-2.27373675443232e-13,3437.38537113402,-1.2852003929988401e-14,414.634810996563,5.104402268483699e-31,0.0,27608.9920252669,1029.58762886598
4889,1024.32989690722,0.0,0.0,1701.42810309278,-6.77071768566196e-14,2343.47621993127,4.224641961063181e-31,0.0,24924.597729813,1024.32989690722
4890,1004.84536082474,0.0,0.0,166.902139175258,1.50424265887924e-14,4048.50506872852,-4.2766316405512505e-31,0.0,20287.1348790358,1004.84536082474
4891,211.764,0.0,0.0,0.0,873.297731958763,0.0,4.04321868997904e-14,0.0,19286.7938344095,1085.0617319587632
4892,0.0,0.0,0.0,0.0,1035.16609392898,0.0,5.4768031779577e-15,0.0,18101.0365675951,1035.16609392898
4893,0.0,0.0,0.0,0.0,921.420389461627,0.0,8.116921160915121e-15,0.0,17045.5722039506,921.420389461627
4894,0.0,0.0,0.0,0.0,934.249713631157,3522.80744355632,-5.843770421110231e-15,0.0,11940.1229975503,934.249713631157
4895,0.0,0.0,0.0,0.0,951.775486827033,4233.95189003436,-9.336930363398051e-15,0.0,6000.0,951.775486827033
4896,0.0,0.0,0.0,0.0,939.977090492554,0.0,-1.28821804947909e-14,0.0,10923.2793923338,939.977090492554
4897,0.0,0.0,0.0,0.0,938.831615120275,0.0,8.375223386139431e-15,0.0,9847.87089849619,938.831615120275
4898,0.0,0.0,0.0,0.0,937.686139747995,0.0,2.96326272670697e-14,0.0,8773.77451848703,937.686139747995
4899,0.0,0.0,0.0,0.0,935.166093928981,0.0,-4.84747067483067e-14,0.0,7702.56478890057,935.166093928981
4900,7.553826,0.0,0.0,0.0,931.583950492554,0.0,2.0640527421442802e-14,0.0,6635.45831640051,939.137776492554
4901,787.0401,0.0,0.0,0.0,59.3025234822453,0.0,-2.594719952707e-15,0.0,6567.52873623757,846.3426234822454
4902,840.412371134021,0.0,1.13686837721616e-13,1284.30462886598,4.77890565445386e-14,0.0,-2.00401325958386e-30,0.0,6567.52873623757,840.412371134021
4903,834.020618556701,0.0,-2.27373675443232e-13,2751.3513814433,1.76421113245285e-14,495.452586735396,-2.71583902492082e-31,0.0,6000.0,834.020618556701
4904,834.329896907217,780.757402061854,0.0,3810.55670103093,-2.1416090835593602e-14,0.0,8.32859819934973e-31,0.0,6643.734478,834.329896907217
4905,838.350515463918,1167.52578350515,0.0,3810.55670103093,-5.51519980618741e-14,-7.64294306540785e-14,8.92839667993791e-31,0.0,7606.3594865,838.350515463918
4906,849.587628865979,4233.12467010309,0.0,3810.55670103093,-4.43909856146435e-14,-7.64294306540785e-14,-9.49756670268287e-31,0.0,11096.570777,849.587628865979
4907,847.628865979382,4567.91243298969,0.0,3810.55670103093,-3.40327323615236e-14,-7.64294306540785e-14,-1.71390673423711e-30,0.0,14862.814578,847.628865979382
4908,853.60824742268,3691.39905154639,0.0,3810.55670103093,4.8191815738649305e-14,-7.64294306540785e-14,2.4269450281864297e-30,0.0,17906.373096,853.60824742268
4909,848.865979381443,4330.97131958763,0.0,3810.55670103093,5.06515836085147e-14,-7.64294306540785e-14,2.4439362281489397e-30,0.0,21477.258949,848.865979381443
4910,838.556701030928,2114.83959793814,0.0,3810.55670103093,4.12211448947445e-14,-7.64294306540785e-14,2.64806545730307e-30,0.0,23220.9441975,838.556701030928
4911,843.608247422681,2326.73905154639,0.0,3810.55670103093,-2.9682513524301e-16,0.0,-9.15543350994964e-33,0.0,25139.3405455,843.608247422681
4912,847.319587628866,546.553711340206,-4.54747350886464e-13,3810.55670103093,5.0254697985984806e-15,0.0,-6.36481756323933e-32,0.0,25589.9740805,847.319587628866
4913,845.360824742268,0.0,0.0,2078.00717525773,1.53837230517184e-14,0.0,-8.277982396012171e-31,0.0,25589.9740805,845.360824742268
4914,833.917525773196,0.0,0.0,79.1204742268042,3.06615120445692e-14,0.0,1.19673637738675e-30,0.0,25589.9740805,833.917525773196
4915,247.9911,0.0,0.0,0.0,643.927414662085,0.0,2.3881212411435502e-14,0.0,24852.371085469,891.9185146620849
4916,0.0,0.0,0.0,0.0,913.287514318442,0.0,4.69833727733232e-14,0.0,23806.2227300068,913.287514318442
4917,0.0,0.0,0.0,0.0,924.742268041237,0.0,4.73447810166072e-14,0.0,22746.9532362597,924.742268041237
4918,0.0,0.0,0.0,0.0,923.253150057274,0.0,3.6541886228138204e-14,0.0,21689.3894904896,923.253150057274
4919,0.0,0.0,0.0,0.0,922.107674684994,0.0,-4.14493192219023e-14,0.0,20633.1378585481,922.107674684994
4920,0.0,0.0,0.0,0.0,905.956471935854,0.0,-3.78400307142786e-14,0.0,19595.3870315883,905.956471935854
4921,0.0,0.0,0.0,0.0,859.106529209622,0.0,3.59731915885846e-14,0.0,18611.3016602142,859.106529209622
4922,0.0,0.0,0.0,0.0,857.159221076747,0.0,-3.1385397017715903e-15,0.0,17629.4468823485,857.159221076747
4923,0.0,0.0,0.0,0.0,854.982817869416,0.0,-4.91855750477487e-14,0.0,16650.085120757,854.982817869416
4924,98.74515,0.0,0.0,0.0,746.182364833906,2098.86146906917,4.3162242428767305e-14,0.0,13391.1574759654,844.927514833906
4925,717.4482,0.0,0.0,0.0,66.7528591065291,4233.95189003436,5.30553886887214e-15,0.0,8464.80610237899,784.2010591065291
4926,804.948453608248,0.0,0.0,1873.95854639175,-4.08129316698802e-15,2151.77572737686,-1.79221510368957e-31,0.0,6000.0,804.948453608248
4927,813.711340206186,398.238958762885,3.41060513164848e-13,3810.55670103093,-4.41837324460074e-14,0.0,2.6162627769142796e-30,0.0,6328.3480215,813.711340206186
4928,827.525773195876,2309.6835257732,0.0,3810.55670103093,5.14566824559087e-16,-7.64294306540785e-14,2.29456088227077e-33,0.0,8232.6820885,827.525773195876
4929,837.731958762887,3672.73034020619,0.0,3810.55670103093,2.68711704412434e-14,-7.64294306540785e-14,6.35100055004128e-32,0.0,11260.848254,837.731958762887
4930,851.649484536082,4516.91481443299,0.0,3810.55670103093,5.46433048088958e-14,-7.64294306540785e-14,-2.4714650991749e-30,0.0,14985.0445185,851.649484536082
4931,855.876288659794,5003.22701030928,0.0,3810.55670103093,-1.2246396745927202e-15,-7.64294306540785e-14,-8.683499529837029e-33,0.0,19110.2051885,855.876288659794
4932,856.494845360825,5101.37145360825,0.0,3810.55670103093,3.91641362189897e-14,-7.64294306540785e-14,1.5526279830473099e-30,0.0,23316.285952,856.494845360825
4933,860.618556701031,4713.45174226804,0.0,3810.55670103093,-7.591171727331551e-15,-7.64294306540785e-14,1.44287551227295e-31,0.0,27202.5269135,860.618556701031
4934,852.268041237113,3883.67125773196,0.0,3810.55670103093,-2.34730995113483e-14,-7.64294306540785e-14,-2.6257765432079e-31,0.0,30404.6138655,852.268041237113
4935,854.639175257732,2497.94612371134,0.0,3810.55670103093,3.6502988752069e-14,-7.64294306540785e-14,-6.79842360800347e-31,0.0,32464.1704445,854.639175257732
4936,854.432989690722,643.642309278349,4.54747350886464e-13,3810.55670103093,6.254179019215031e-14,0.0,2.2567981989573097e-30,0.0,32994.8535285,854.4329896907221
4937,847.422680412371,0.0,-2.27373675443232e-13,2111.85531958763,-7.9939309214422e-15,1887.44597938144,-1.5461731499533702e-31,0.0,30832.8306426106,847.422680412371
4938,840.824742268041,0.0,0.0,62.1248577319587,-8.19531051849753e-15,4164.92427033219,3.8460582215128998e-31,0.0,26062.0124635359,840.824742268041
4939,239.2614,0.0,0.0,0.0,656.605317296678,4233.95189003436,-3.13480702422157e-14,0.0,20459.9996258142,895.866717296678
4940,0.0,0.0,0.0,0.0,930.927835051546,373.545309074652,-4.50716302768023e-14,0.0,18965.7577654177,930.927835051546
4941,0.0,0.0,0.0,0.0,943.757159221077,0.0,4.02162874721431e-14,0.0,17884.7071821175,943.757159221077
4942,0.0,0.0,0.0,0.0,955.784650630011,4233.95189003436,-3.41135392811686e-14,0.0,11939.9917861674,955.784650630011
4943,0.0,0.0,0.0,0.0,951.660939289805,4233.95189003436,-2.0023696586531102e-14,0.0,6000.0,951.660939289805
4944,0.0,0.0,0.0,0.0,950.057273768614,0.0,-2.7075129207488e-14,0.0,10911.7327906431,950.057273768614
4945,0.0,0.0,0.0,0.0,950.057273768614,0.0,-2.7075129207488e-14,0.0,9823.46558128611,950.057273768614
4946,0.0,0.0,0.0,0.0,943.184421534937,0.0,1.22068474712289e-15,0.0,8743.07105490015,943.184421534937
4947,0.0,0.0,0.0,0.0,939.060710194731,0.0,1.53105274417604e-14,0.0,7667.4001382968,939.060710194731
4948,91.41804,0.0,0.0,0.0,855.010883390607,0.0,5.156783237564271e-15,0.0,6688.00622834192,946.428923390607
4949,706.398,0.0,0.0,0.0,188.309209621993,0.0,-2.7918836849103602e-15,0.0,6472.30266634651,894.707209621993
4950,852.474226804124,0.0,-1.13686837721616e-13,1734.57877319588,-5.3418665134303104e-14,0.0,-1.82407371540741e-30,0.0,6472.30266634651,852.474226804124
4951,849.175257731959,186.711041237113,-2.27373675443232e-13,3810.55670103093,7.68661726551923e-15,0.0,-5.85880112816512e-31,0.0,6626.24591984651,849.175257731959
4952,839.072164948454,2059.05213402062,0.0,3810.55670103093,-2.77826228883324e-14,0.0,-5.63689162388267e-31,0.0,8323.93440434651,839.072164948454
4953,857.422680412371,3475.0646185567,0.0,3810.55670103093,4.44014741353235e-14,0.0,-1.4609836247316798e-30,0.0,11189.1251823465,857.422680412371
4954,862.783505154639,4402.33479381443,0.0,3810.55670103093,-4.39882264205329e-14,0.0,-2.0282029445615398e-30,0.0,14818.8502198465,862.783505154639
4955,850.824742268041,0.0,0.0,1375.15425773196,4.42000945382682e-14,0.0,1.83294179344672e-30,0.0,14818.8502198465,850.824742268041
4956,855.360824742268,0.0,1.13686837721616e-13,1064.63767525773,-5.85395804710893e-14,0.0,1.43586930284597e-30,0.0,14818.8502198465,855.3608247422679
4957,844.020618556701,0.0,2.27373675443232e-13,3467.6783814433,-6.018795638115261e-14,0.0,6.12525857594378e-31,0.0,14818.8502198465,844.0206185567009
4958,741.1803,0.0,0.0,0.0,76.4663333333333,0.0,-5.2074498787154306e-15,0.0,14731.2599182047,817.6466333333333
4959,800.309278350515,610.028020618556,-1.13686837721616e-13,3810.55670103093,-1.85476902000367e-14,0.0,1.12194504890165e-30,0.0,15234.2280212047,800.309278350515
4960,792.783505154639,566.334793814433,-2.27373675443232e-13,3810.55670103093,-2.0079643530552402e-14,0.0,5.44933014124449e-31,0.0,15701.1710587047,792.783505154639
4961,789.278350515464,0.0,0.0,1025.12584948454,-5.925426827022211e-14,0.0,-4.1063592359864395e-30,0.0,15701.1710587047,789.2783505154639
4962,784.123711340206,0.0,0.0,56.5524886597938,3.0966308455529002e-15,0.0,6.66374415362241e-32,0.0,15701.1710587047,784.123711340206
4963,182.03766,0.0,0.0,0.0,662.913482016037,0.0,2.80076646000112e-14,0.0,14941.8199911032,844.951142016037
4964,0.0,0.0,0.0,0.0,865.292096219931,0.0,-4.2004991314179704e-14,0.0,13950.6492050552,865.292096219931
4965,0.0,0.0,0.0,0.0,862.313860252005,0.0,-3.47343241098272e-14,0.0,12962.8899149613,862.313860252005
4966,0.0,0.0,0.0,0.0,864.490263459336,0.0,1.13127112361499e-14,0.0,11972.6376085932,864.490263459336
4967,0.0,0.0,0.0,0.0,858.64833906071,0.0,7.66435508669742e-15,0.0,10989.0770827505,858.64833906071
4968,0.0,0.0,0.0,0.0,846.277205040092,0.0,-3.48764977697156e-14,0.0,10019.6873862555,846.277205040092
4969,0.0,0.0,0.0,0.0,837.571592210767,0.0,-4.9443877272973e-14,0.0,9060.26975485715,837.571592210767
4970,0.0,0.0,0.0,0.0,834.593356242841,0.0,-4.21732100686206e-14,0.0,8104.26361941289,834.593356242841
4971,0.0,0.0,0.0,0.0,830.126002290951,0.0,-4.57054376527371e-14,0.0,7153.37472789977,830.126002290951
4972,82.13121,0.0,0.0,0.0,739.327292439863,0.0,4.86070335846731e-14,0.0,6306.49352235583,821.458502439863
4973,679.7091,0.0,0.0,0.0,98.9486517754869,0.0,1.7531729877182402e-15,0.0,6193.15027862675,778.657751775487
4974,800.0,0.0,0.0,1935.88,2.4417276142958802e-14,0.0,-1.3576431721964499e-30,0.0,6193.15027862675,800.0
4975,810.309278350515,0.0,-1.13686837721616e-13,3151.25672164948,3.3847714856729e-14,168.62019324115,-1.5617724013505799e-30,0.0,6000.0,810.309278350515
4976,802.268041237113,1514.78625773196,0.0,3810.55670103093,-2.49991792702832e-14,-7.64294306540785e-14,5.10950614199432e-31,0.0,7248.9412695,802.268041237113
4977,811.237113402062,2378.72418556701,0.0,3810.55670103093,3.90850527730628e-14,-7.64294306540785e-14,9.34020552933979e-31,0.0,9210.1993605,811.237113402062
4978,820.515463917526,2916.55883505155,0.0,3810.55670103093,6.02043184734133e-14,-7.64294306540785e-14,-1.67272584929692e-30,0.0,11614.90212,820.5154639175261
4979,823.092783505155,3313.25451546392,0.0,3810.55670103093,-3.60838674656976e-14,-7.64294306540785e-14,-1.45880390519545e-30,0.0,14346.680468,823.092783505155
4980,826.288659793814,3385.53263917526,0.0,3810.55670103093,4.21489594340942e-14,-7.64294306540785e-14,2.0880446224883797e-30,0.0,17138.052129,826.288659793814
4981,822.164948453608,3435.56235051546,0.0,3810.55670103093,-3.7414441199157904e-14,-7.64294306540785e-14,1.79663203912493e-31,0.0,19970.673287,822.164948453608
4982,813.19587628866,3656.82042268041,0.0,3810.55670103093,2.4820035337069402e-14,-7.64294306540785e-14,3.1861283454207102e-31,0.0,22985.7217255,813.19587628866
4983,784.536082474227,968.857216494846,0.0,3810.55670103093,-5.28877362174833e-14,-7.64294306540785e-14,4.48920273685754e-32,0.0,23784.5445005,784.536082474227
4984,782.989690721649,427.595608247422,3.41060513164848e-13,3810.55670103093,2.7804858552173902e-14,0.0,8.54029473983143e-31,0.0,24137.0970795,782.989690721649
4985,771.649484536082,0.0,1.13686837721616e-13,1614.24451546392,3.0063246824984e-14,2440.34687285223,1.4102438110922799e-30,0.0,21341.7398368285,771.649484536082
4986,752.680412371134,0.0,0.0,483.043587628866,4.38090824873191e-14,3697.23679266896,1.0306411227127101e-31,0.0,17106.6461453406,752.680412371134
4987,261.7902,0.0,0.0,0.0,543.600808705613,4233.95189003436,1.98881055394227e-15,0.0,11634.0771891665,805.391008705613
4988,0.0,0.0,0.0,0.0,839.060710194731,0.0,-3.8640982484504e-14,0.0,10672.9538097911,839.060710194731
4989,0.0,0.0,0.0,0.0,843.069873997709,0.0,3.5831017928696204e-14,0.0,9707.23803201591,843.069873997709
4990,0.0,0.0,0.0,0.0,848.224513172967,0.0,-1.02029948700047e-14,0.0,8735.61774201251,848.224513172967
4991,0.0,0.0,0.0,0.0,844.558991981672,1543.63529679525,3.219568432652e-14,0.0,6000.0,844.558991981672
4992,0.0,0.0,0.0,0.0,486.860825887744,0.0,307.770499,0.0,11442.3129142179,794.631324887744
4993,0.0,0.0,0.0,0.0,830.355097365407,0.0,-3.87701335971162e-14,0.0,10491.1615999391,830.355097365407
4994,0.0,0.0,0.0,0.0,838.029782359679,0.0,-6.6968123804406305e-15,0.0,9531.21912300936,838.029782359679
4995,0.0,0.0,0.0,0.0,829.896907216495,0.0,3.21696392319675e-14,0.0,8580.59265426194,829.896907216495
4996,0.0,0.0,0.0,0.0,828.178694158076,0.0,1.44314403878775e-14,0.0,7631.93435625727,828.178694158076
4997,0.0,0.0,0.0,0.0,847.766323024055,0.0,-3.8511831371891904e-14,0.0,6660.83891178527,847.766323024055
4998,244.5933,0.0,0.0,0.0,576.912369988545,0.0,-1.93251417180055e-14,0.0,6000.0,821.505669988545
4999,741.134020618557,-7.53171749470335e-14,1.8900401266865e-13,3708.74497938144,-5.42124363793628e-14,0.0,-2.4755051222896e-30,0.0,6000.0,741.134020618557
5000,742.474226804124,2.42466764481993e-14,-2.42466764481993e-14,2143.00977319588,1.74524788706347e-14,0.0,2.1401756021761503e-31,0.0,6000.0,742.474226804124
5001,756.701030927835,1.39946321190718e-14,-1.39946321190718e-14,1565.62596907216,1.00731752610385e-14,0.0,1.63043960330089e-31,0.0,6000.0,756.701030927835
5002,773.814432989691,-8.79954023746882e-15,1.22486377959085e-13,2115.70156701031,-6.3338078682173304e-15,0.0,-7.35711144386149e-32,0.0,6000.0,773.814432989691
5003,756.701030927835,4396.57126804124,0.0,3810.55670103093,1.00731752610385e-14,-7.64294306540785e-14,1.63043960330089e-31,0.0,9624.9730105,756.701030927835
5004,762.371134020619,2066.87316494845,0.0,3810.55670103093,8.94398112463345e-15,-7.64294306540785e-14,-1.15063208224479e-31,0.0,11329.109935,762.371134020619
5005,763.298969072165,577.591329896906,2.27373675443232e-13,3810.55670103093,1.02745548580938e-14,0.0,-3.76179176816538e-31,0.0,11805.3339865,763.298969072165
5006,727.938144329897,2704.82515463917,0.0,3810.55670103093,-5.85219597563469e-14,-7.64294306540785e-14,5.487490212738239e-30,0.0,14035.4623265,727.9381443298969
5007,694.639175257732,2421.75912371134,0.0,3810.55670103093,-2.04706555815015e-14,-7.64294306540785e-14,-1.184944667051e-30,0.0,16032.202724,694.639175257732
5008,688.350515463917,0.0,0.0,1077.33158453608,6.26817070580211e-14,1371.01537461557,2.39588626055785e-30,0.0,14461.7383773613,688.3505154639171
5009,691.958762886598,0.0,-1.13686837721616e-13,2173.2602371134,-3.74817775019233e-14,0.0,2.2621363803940098e-30,0.0,14461.7383773613,691.958762886598
5010,698.762886597938,0.0,0.0,196.166813402062,5.909274505175061e-14,0.0,7.23436751524886e-31,0.0,14461.7383773613,698.7628865979381
5011,268.8672,0.0,0.0,0.0,479.494634593356,0.0,-3.1272857466409304e-15,0.0,13912.4890822945,748.361834593356
5012,0.0,0.0,0.0,0.0,778.23596792669,0.0,-1.44200456590108e-14,0.0,13021.0389472123,778.23596792669
5013,0.0,0.0,0.0,0.0,784.879725085911,0.0,4.9597445661728104e-14,0.0,12121.9785519249,784.879725085911
5014,0.0,0.0,0.0,0.0,786.827033218786,0.0,-2.4977660769531702e-14,0.0,11220.6875631291,786.827033218786
5015,0.0,0.0,0.0,0.0,782.13058419244,0.0,4.93651885310563e-14,0.0,10324.7762410301,782.13058419244
5016,0.0,0.0,0.0,0.0,767.239404352806,0.0,2.79656109902376e-14,0.0,9445.92239870153,767.239404352806
5017,0.0,0.0,0.0,0.0,761.626575028637,0.0,-3.91195936532742e-14,0.0,8573.49791413265,761.626575028637
5018,0.0,0.0,0.0,0.0,759.679266895762,0.0,2.10172843873404e-14,0.0,7703.30402307221,759.679266895762
5019,0.0,0.0,0.0,0.0,749.942726231386,0.0,3.83940749881464e-14,0.0,6844.26309955401,749.942726231386
5020,56.33376,0.0,0.0,0.0,682.653210538373,0.0,2.37226295683584e-14,0.0,6062.30065907478,738.9869705383729
5021,642.0813,0.0,0.0,0.0,54.3884753722795,0.0,-1.90711717463138e-15,0.0,6000.0,696.4697753722795
5022,722.783505154639,0.0,-1.13686837721616e-13,1963.22149484536,-7.78248234453433e-17,0.0,-4.69884676571123e-33,0.0,6000.0,722.783505154639
5023,750.721649484536,563.225649484536,1.13686837721616e-13,3810.55670103093,5.0260571557565604e-14,0.0,7.14058546973489e-31,0.0,6464.379548,750.721649484536
5024,758.041237113402,2462.16006185567,0.0,3810.55670103093,-4.45806180685373e-14,-7.64294306540785e-14,-4.641552075585899e-31,0.0,8494.430519,758.041237113402
5025,748.556701030928,2669.82159793814,0.0,3810.55670103093,-3.5754318145933e-14,-7.64294306540785e-14,-1.8053173063046098e-30,0.0,10695.6984265,748.556701030928
5026,758.247422680412,2510.65287628866,0.0,3810.55670103093,5.56992890709547e-14,-7.64294306540785e-14,-8.40739169203527e-32,0.0,12765.731723,758.247422680412
5027,758.453608247423,3010.62469072165,0.0,3810.55670103093,2.96604876308733e-14,-7.64294306540785e-14,2.4886900853855297e-30,0.0,15247.9917805,758.453608247423
5028,755.876288659794,3654.96201030928,0.0,3810.55670103093,-8.18356337533598e-15,-7.64294306540785e-14,3.3098414771435997e-31,0.0,18261.507958,755.876288659794
5029,751.958762886598,3462.67653608247,0.0,3810.55670103093,1.64397073137773e-14,-7.64294306540785e-14,-1.1951093383784398e-30,0.0,21116.484762,751.958762886598
5030,677.319587628866,2253.79571134021,0.0,3810.55670103093,2.58818931707091e-14,-7.64294306540785e-14,1.3018420390622699e-30,0.0,22974.739326,677.319587628866
5031,655.567010309278,1361.31328865979,0.0,3810.55670103093,3.1729243449789604e-14,0.0,7.75803604172592e-31,0.0,24097.1421325,655.567010309278
5032,656.288659793814,0.0,1.13686837721616e-13,2737.62634020619,6.30053828062048e-14,0.0,-4.8105720059122794e-30,0.0,24097.1421325,656.2886597938141
5033,657.731958762887,0.0,0.0,831.903041237113,-4.6678112434116706e-15,3309.61517754868,-1.93357511003579e-32,0.0,20306.0594548955,657.731958762887
5034,142.18176,0.0,0.0,0.0,571.000793585338,4233.95189003436,8.631319292336561e-15,0.0,14802.1044908409,713.1825535853379
5035,171.85308,0.0,0.0,0.0,515.008605269187,4233.95189003436,1.3306704369976101e-14,0.0,9362.28719954245,686.861685269187
5036,0.0,0.0,0.0,0.0,700.114547537228,0.0,2.0229355164391202e-14,0.0,8560.32322756395,700.114547537228
5037,0.0,0.0,0.0,0.0,721.878579610538,56.8116621994149,1.3333118750599e-14,0.0,7668.35273293629,721.878579610538
5038,0.0,0.0,0.0,0.0,731.156930126002,0.0,-4.6790736742739403e-14,0.0,6830.83047620547,731.156930126002
5039,0.0,0.0,0.0,0.0,725.315005727377,0.0,4.8809516438779e-14,0.0,6000.0,725.315005727377
5040,0.0,0.0,0.0,0.0,718.556701030928,0.0,-1.14565127144478e-14,0.0,11176.9109953827,718.556701030928
5041,0.0,0.0,0.0,0.0,719.129438717068,0.0,4.19773184012177e-14,0.0,10353.1659338511,719.129438717068
5042,0.0,0.0,0.0,0.0,708.93470790378,0.0,3.10452725001365e-14,0.0,9541.09868539316,708.93470790378
5043,0.0,0.0,0.0,0.0,715.463917525773,0.0,-1.48726117332285e-14,0.0,8721.55238811277,715.463917525773
5044,40.03209,0.0,0.0,0.0,662.736394845361,0.0,-4.1114247304738104e-14,0.0,7962.40416950411,702.7684848453611
5045,625.233,0.0,0.0,0.0,27.7479839633449,0.0,7.91807479962161e-16,0.0,7930.6195372437,652.9809839633449
5046,664.536082474227,0.0,0.0,1854.28791752577,-3.44119972693111e-14,0.0,-7.42703808817718e-31,0.0,7930.6195372437,664.536082474227
5047,666.185567010309,0.0,0.0,1618.00543298969,2.10148000343781e-15,0.0,-4.55708281993436e-32,0.0,7930.6195372437,666.185567010309
5048,681.340206185567,2355.9930927835,0.0,3810.55670103093,-3.94724987269806e-15,0.0,-1.33226115499571e-32,0.0,9873.13584224369,681.340206185567
5049,680.618556701031,3874.69974226804,0.0,3810.55670103093,-3.5223389229113204e-14,0.0,6.36484364713695e-32,0.0,13067.8257797437,680.618556701031
5050,676.701030927835,4672.69026804124,0.0,3810.55670103093,-1.84136469057467e-14,0.0,-8.95071927952373e-32,0.0,16920.4589057437,676.701030927835
5051,708.041237113402,0.0,0.0,3087.7507628866,-4.61066978274722e-14,0.0,3.09373060961631e-31,0.0,16920.4589057437,708.041237113402
5052,692.371134020619,5209.84516494846,0.0,3810.55670103093,3.28525640146139e-14,0.0,1.08072160994563e-30,0.0,21215.9762442437,692.371134020619
5053,677.731958762887,0.0,0.0,742.277541237113,-3.01024738923271e-14,0.0,2.31310998028153e-30,0.0,21215.9762442437,677.731958762887
5054,678.762886597938,0.0,0.0,1518.06811340206,-4.17913008789074e-14,0.0,-7.936774087052441e-31,0.0,21215.9762442437,678.762886597938
5055,648.969072164948,0.0,1.13686837721616e-13,3346.57492783505,3.15278638527343e-14,0.0,-1.4396755397125498e-30,0.0,21215.9762442437,648.969072164948
5056,635.257731958763,0.0,-2.27373675443232e-13,2833.56426804124,-3.00966003207463e-14,0.0,-1.8457542784845898e-30,0.0,21215.9762442437,635.257731958763
5057,632.680412371134,0.0,-1.13686837721616e-13,2143.28858762887,-6.01271229612088e-14,0.0,1.3300648908158501e-31,0.0,21215.9762442437,632.6804123711339
5058,640.721649484536,0.0,0.0,88.5747505154638,-1.2802288341965402e-15,0.0,-4.58587082590833e-32,0.0,21215.9762442437,640.721649484536
5059,23.96163,0.0,0.0,0.0,672.574133906071,0.0,2.24541703167099e-14,0.0,20445.5591378221,696.535763906071
5060,0.0,0.0,0.0,0.0,686.254295532646,0.0,-3.31143924804908e-14,0.0,19659.4717431684,686.254295532646
5061,0.0,0.0,0.0,0.0,698.281786941581,0.0,6.242618487813411e-15,0.0,18859.6071533155,698.281786941581
5062,0.0,0.0,0.0,0.0,704.352806414662,0.0,1.68262786928868e-14,0.0,18052.7883601716,704.352806414662
5063,0.0,0.0,0.0,0.0,702.061855670103,0.0,-3.99075228762234e-14,0.0,17248.5937946846,702.061855670103
5064,0.0,0.0,0.0,0.0,694.158075601375,0.0,2.03324611824509e-14,0.0,16453.4528146143,694.158075601375
5065,0.0,0.0,0.0,0.0,688.201603665521,0.0,5.997338809865341e-15,0.0,15665.1348264522,688.201603665521
5066,0.0,0.0,0.0,0.0,685.337915234823,0.0,2.39547722373509e-14,0.0,14880.0971228614,685.337915234823
5067,0.0,0.0,0.0,0.0,683.276059564719,439.37654289714,-2.58437252761384e-14,0.0,13594.1262151158,683.276059564719
5068,33.01284,0.0,0.0,0.0,652.437050630012,0.0,-3.02186061940013e-14,0.0,12846.7756416565,685.449890630012
5069,618.762886597938,0.0,0.0,168.466213402062,3.0605922884965403e-14,4046.76720847652,4.70885598399559e-31,0.0,8211.30346699837,618.762886597938
5070,613.814432989691,0.0,0.0,2073.13556701031,-5.94006880189144e-14,1930.46792668958,-2.64249348961825e-30,0.0,6000.0,613.8144329896909
5071,619.587628865979,810.825670103092,-1.13686837721616e-13,3810.55670103093,4.88626615213398e-14,0.0,-1.0744057295006e-30,0.0,6668.525765,619.587628865979
5072,614.432989690722,2910.91930927835,0.0,3810.55670103093,-1.9011912125332e-14,-7.64294306540785e-14,1.24000240910292e-31,0.0,9068.5787355,614.432989690722
5073,614.123711340206,4566.36458762887,0.0,3810.55670103093,2.3953054217663502e-14,-7.64294306540785e-14,3.99114300843969e-31,0.0,12833.546338,614.123711340206
5074,619.072164948454,5622.86113402062,0.0,3810.55670103093,-8.45227927515668e-15,-7.64294306540785e-14,1.97978180310728e-31,0.0,17469.595343,619.072164948454
5075,620.618556701031,2650.04574226804,0.0,3810.55670103093,3.7173834534759504e-14,-7.64294306540785e-14,1.32821144357617e-30,0.0,19654.5580575,620.618556701031
5076,619.484536082474,1435.9937628866,0.0,3810.55670103093,6.18820622413805e-14,-7.64294306540785e-14,-5.11549001168531e-30,0.0,20838.534915,619.4845360824742
5077,615.670103092784,1683.07219587629,0.0,3810.55670103093,-6.0646304734867e-14,-7.64294306540785e-14,9.65121352900443e-31,0.0,22226.2279405,615.6701030927838
5078,632.371134020619,977.193164948453,-3.41060513164848e-13,3810.55670103093,-2.10689208010867e-14,0.0,-9.71437233345471e-31,0.0,23031.923705,632.371134020619
5079,631.030927835052,2862.54837113402,0.0,3810.55670103093,3.35848725284891e-14,-7.64294306540785e-14,-3.4423806545679103e-31,0.0,25392.094837,631.030927835052
5080,631.443298969072,0.0,0.0,3646.38270103093,-2.23994945345471e-14,182.415555555557,6.670298757624751e-31,0.0,25183.1423105904,631.443298969072
5081,649.690721649484,0.0,0.0,1670.28427835052,5.88972390262761e-14,2378.0804696449,5.36790247300071e-30,0.0,22459.1096993133,649.6907216494841
5082,628.969072164948,0.0,0.0,335.260627835051,5.69625265016497e-14,3861.44008132875,-5.14947241161033e-30,0.0,18035.9251846183,628.9690721649481
5083,168.00924,0.0,0.0,0.0,496.37003115693,4233.95189003436,-2.47203141306874e-15,0.0,12617.4579209399,664.37927115693
5084,0.0,0.0,0.0,0.0,694.158075601375,2992.04649235735,2.03324611824509e-14,0.0,8395.00137115895,694.158075601375
5085,0.0,0.0,0.0,0.0,694.043528064147,0.0,9.645694959317811e-15,0.0,7599.9916024715,694.043528064147
5086,0.0,0.0,0.0,0.0,697.938144329897,0.0,-2.5817680181585903e-14,0.0,6800.52064676715,697.938144329897
5087,0.0,0.0,0.0,0.0,698.85452462772,0.0,4.5238221212833703e-14,0.0,6000.0,698.85452462772
5088,0.0,0.0,0.0,0.0,699.42726231386,0.0,-1.5014785393116902e-14,0.0,11198.8232963186,699.42726231386
5089,0.0,0.0,0.0,0.0,694.38717067583,0.0,2.7267765238071903e-14,0.0,10403.4198934826,694.38717067583
5090,0.0,0.0,0.0,0.0,691.06529209622,0.0,2.4781337730250303e-15,0.0,9611.82162074924,691.06529209622
5091,0.0,0.0,0.0,0.0,688.316151202749,0.0,1.66841050329984e-14,0.0,8823.37242120428,688.316151202749
5092,0.0,0.0,0.0,0.0,689.347079037801,0.0,-1.52600650710649e-14,0.0,8033.74231921368,689.347079037801
5093,0.0,0.0,0.0,0.0,676.174112256587,0.0,-4.4832153771484204e-15,0.0,7259.20152625081,676.174112256587
5094,205.50726,0.0,0.0,0.0,444.28173860252,0.0,-1.26258439461635e-14,0.0,6750.2877363281,649.78899860252
5095,607.422680412371,0.0,0.0,55.7300195876289,3.28643111577755e-14,0.0,-1.7276023455230797e-30,0.0,6750.2877363281,607.422680412371
5096,612.989690721649,0.0,0.0,987.21660927835,4.86612819242845e-14,0.0,2.2195196886778e-30,0.0,6750.2877363281,612.989690721649
5097,613.505154639175,0.0,0.0,692.789345360825,-2.4249250041665702e-14,0.0,3.8290956765750704e-31,0.0,6750.2877363281,613.505154639175
5098,620.824742268041,0.0,-1.13686837721616e-13,1796.25425773196,7.22826891180475e-15,0.0,-2.33284617510447e-31,0.0,6750.2877363281,620.824742268041
5099,630.20618556701,5153.99011340206,0.0,3810.55670103093,1.53281338921146e-14,0.0,1.20105326244337e-30,0.0,10999.7525848281,630.20618556701
5100,617.628865979381,5199.20143298969,0.0,3810.55670103093,5.5314150591586404e-14,0.0,-4.6341129479838106e-31,0.0,15286.4941663281,617.628865979381
5101,614.845360824742,73.2179381443293,0.0,3810.55670103093,5.52291935740787e-14,0.0,-2.4325590282091298e-30,0.0,15346.8623563281,614.845360824742
5102,617.835051546392,3634.97824742268,0.0,3810.55670103093,3.31821133343784e-14,-7.64294306540785e-14,7.34208208836463e-31,0.0,18343.9019213281,617.835051546392
5103,616.80412371134,0.0,0.0,3251.26987628866,4.48709403209587e-14,0.0,-1.6684089642403098e-30,0.0,18343.9019213281,616.80412371134
5104,624.639175257732,0.0,0.0,3602.70282474227,3.43792730847896e-15,0.0,1.08401511191036e-32,0.0,18343.9019213281,624.639175257732
5105,620.0,0.0,-1.13686837721616e-13,1641.91,-3.2149413588229003e-15,-5.209018910497869e-13,-6.09311464364866e-32,0.0,18343.9019213281,620.0
5106,625.773195876289,0.0,0.0,211.440104123711,-2.1270300398142e-14,3852.70979465047,-4.32214096198843e-31,0.0,13930.717735016,625.773195876289
5107,20.662404,0.0,0.0,0.0,666.159757296678,0.0,-7.684235901278891e-15,0.0,13167.648139029,686.822161296678
5108,0.0,0.0,0.0,0.0,684.306987399771,0.0,-4.33496669895565e-14,0.0,12383.7913378837,684.306987399771
5109,0.0,0.0,0.0,0.0,693.585337915235,0.0,-1.86631415425693e-14,0.0,11589.3064147277,693.585337915235
5110,0.0,0.0,0.0,0.0,696.334478808706,0.0,-3.28691128025428e-14,0.0,10791.6724183832,696.334478808706
5111,0.0,0.0,0.0,0.0,700.57273768614,0.0,-3.62721892740472e-14,0.0,9989.18360087334,700.57273768614
5112,0.0,0.0,0.0,0.0,697.021764032073,0.0,1.68132561456106e-14,0.0,9190.76233623179,697.021764032073
5113,0.0,0.0,0.0,0.0,692.210767468499,0.0,-1.87792701079053e-14,0.0,8397.85194966994,692.210767468499
5114,0.0,0.0,0.0,0.0,702.634593356243,0.0,-9.11920151203129e-16,0.0,7593.00132726874,702.634593356243
5115,0.0,0.0,0.0,0.0,693.356242840779,0.0,-4.00366739888355e-14,0.0,6798.77882687839,693.356242840779
5116,19.615785,0.0,0.0,0.0,674.310067067583,0.0,-3.52956596091268e-14,0.0,6026.37325177234,693.9258520675829
5117,619.794,0.0,0.0,0.0,23.0238487972508,0.0,-1.4903210242827002e-15,0.0,6000.0,642.8178487972508
5118,660.824742268041,0.0,0.0,713.324957731959,-3.97342922031526e-14,0.0,3.0176006555051903e-31,0.0,6000.0,660.824742268041
5119,848.041237113402,0.0,0.0,2956.8017628866,3.63016091550136e-14,0.0,2.61408305737805e-30,0.0,6000.0,848.041237113402
5120,795.154639175258,0.0,0.0,3798.76336082474,3.9896444732864903e-14,0.0,1.27668307644891e-31,0.0,6000.0,795.154639175258
5121,667.835051546392,2787.54524742268,0.0,3810.55670103093,3.4708193093313304e-14,-7.64294306540785e-14,-3.93200596837578e-32,0.0,8298.3310565,667.835051546392
5122,726.494845360825,3725.46145360825,0.0,3810.55670103093,1.3057998476143e-14,-7.64294306540785e-14,-6.788905407447261e-31,0.0,11369.974025,726.494845360825
5123,735.567010309278,5482.04828865979,0.0,3810.55670103093,6.02160656165749e-14,-7.64294306540785e-14,1.0283547572979199e-30,0.0,15889.922839,735.5670103092781
5124,678.969072164948,3203.25722680412,0.0,3810.55670103093,5.45818420777112e-14,-7.64294306540785e-14,9.61548380604036e-31,0.0,18531.0084225,678.969072164948
5125,767.010309278351,4976.97098969072,0.0,3810.55670103093,1.95036139748087e-14,-7.64294306540785e-14,-4.10852688240434e-32,0.0,22634.5210035,767.010309278351
5126,813.711340206186,4021.45295876289,0.0,3810.55670103093,-4.41837324460074e-14,-7.64294306540785e-14,2.6162627769142796e-30,0.0,25950.208968,813.711340206186
5127,796.80412371134,2543.70617525773,0.0,3810.55670103093,-5.3815550756833e-14,-7.64294306540785e-14,6.04912862183267e-31,0.0,28047.4947095,796.80412371134
5128,792.577319587629,560.681979381442,1.13686837721616e-13,3810.55670103093,9.865922092402382e-15,0.0,-6.4827320582070505e-31,0.0,28509.7770015,792.577319587629
5129,767.010309278351,0.0,1.13686837721616e-13,1981.74269072165,1.95036139748087e-14,2032.01556701031,-4.10852688240434e-32,0.0,26182.1532134011,767.010309278351
5130,750.5442,0.0,0.0,0.0,5.35180526918686,4233.95189003436,-1.40595437036263e-16,0.0,21326.1352348175,755.896005269187
5131,19.924716,0.0,0.0,0.0,821.733133424971,4233.95189003436,3.12456427547846e-14,0.0,15534.9725504425,841.657849424971
5132,0.0,0.0,0.0,0.0,849.369988545246,4233.95189003436,-3.1460398750935e-14,0.0,9712.15252916001,849.369988545246
5133,0.0,0.0,0.0,0.0,856.242840778923,655.142147647414,3.94923966254249e-14,0.0,7980.89824688471,856.242840778923
5134,0.0,0.0,0.0,0.0,863.802978235968,0.0,-3.8369657712003503e-14,0.0,6991.43320881373,863.802978235968
5135,0.0,0.0,0.0,0.0,865.521191294387,0.0,-2.06314588679135e-14,0.0,6000.0,865.521191294387
5136,0.0,0.0,0.0,0.0,857.159221076747,0.0,-3.1385397017715903e-15,0.0,11018.1452221343,857.159221076747
5137,0.0,0.0,0.0,0.0,862.084765177549,0.0,4.31407527748774e-14,0.0,10030.6483548061,862.084765177549
5138,0.0,0.0,0.0,0.0,865.406643757159,0.0,-3.13182250910466e-14,0.0,9039.34635737519,865.406643757159
5139,0.0,0.0,0.0,0.0,857.388316151203,0.0,1.82349927444946e-14,0.0,8057.22915674381,857.388316151203
5140,0.0,0.0,0.0,0.0,850.630011454754,0.0,-4.20310364087322e-14,0.0,7082.85342770056,850.630011454754
5141,0.0,0.0,0.0,0.0,882.245131729668,0.0,2.9193083740128303e-14,0.0,6072.26335699075,882.245131729668
5142,788.453608247423,20.7645917525773,0.0,0.0,5.66212300387236e-14,0.0,-1.99463505503247e-30,0.0,6089.38376289075,788.453608247423
5143,804.226804123711,1415.30519587629,0.0,0.0,-3.5357432523403205e-14,0.0,1.27510067816826e-30,0.0,7256.30289689075,804.226804123711
5144,702.989690721649,3131.04330927835,0.0,0.0,-6.81963614611331e-16,0.0,-1.11280311788433e-33,0.0,9837.84810539075,702.989690721649
5145,822.783505154639,3735.30849484536,0.0,0.0,6.881098877297911e-15,0.0,1.9366129525410998e-31,0.0,12917.6099593907,822.783505154639
5146,755.257731958763,4106.36826804124,0.0,0.0,-4.85723392689184e-14,0.0,-1.0581584422983e-30,0.0,16303.3105963907,755.257731958763
5147,656.59793814433,1697.04410562323,-4.54747350886464e-13,2454.97995623244,2.00404164632093e-14,0.0,4.23718496217589e-31,0.0,17702.5234614771,656.59793814433
5148,642.577319587629,0.0,-2.27373675443232e-13,2754.42468041237,1.38091863272421e-15,0.0,-5.15839677497444e-32,0.0,17702.5234614771,642.577319587629
5149,680.0,0.0,1.13686837721616e-13,2331.736,4.2893015091130904e-14,0.0,-2.1452390083827397e-30,0.0,17702.5234614771,680.0
5150,746.494845360825,0.0,0.0,243.020954639175,-1.62834283556458e-14,0.0,2.73997408276433e-31,0.0,17702.5234614771,746.494845360825
5151,730.721649484536,0.0,0.0,283.565750515464,-5.0623474373092405e-14,0.0,-8.03055613256641e-31,0.0,17702.5234614771,730.721649484536
5152,137.23941,0.0,0.0,0.0,622.76949862543,0.0,-2.93618116511399e-14,0.0,16989.1563381948,760.00890862543
5153,197.99976,0.0,0.0,0.0,558.465329667812,0.0,4.54435872570752e-14,0.0,16349.4480567884,756.465089667812
5154,691.649484536083,190.631915463917,0.0,0.0,5.483188841072161e-15,0.0,-2.1745184070409e-31,0.0,16506.6240710884,691.649484536083
5155,0.0,0.0,0.0,0.0,762.886597938144,0.0,3.5120149629254204e-14,0.0,15632.7562613082,762.886597938144
5156,0.0,0.0,0.0,0.0,772.966781214204,0.0,2.0927200916557e-14,0.0,14747.3418498371,772.966781214204
5157,0.0,0.0,0.0,0.0,785.796105383734,0.0,6.966509334531661e-15,0.0,13847.2317634869,785.796105383734
5158,0.0,0.0,0.0,0.0,779.381443298969,0.0,-3.56774495399411e-14,0.0,12954.4695145763,779.381443298969
5159,0.0,0.0,0.0,0.0,782.474226804124,0.0,-1.78231221305152e-14,0.0,12058.1645583287,782.474226804124
5160,0.0,0.0,0.0,0.0,783.505154639175,0.0,4.9481317096392205e-14,0.0,11160.6786996355,783.505154639175
5161,0.0,0.0,0.0,0.0,778.923253150057,0.0,3.52623232891426e-14,0.0,10268.4412962563,778.923253150057
5162,0.0,0.0,0.0,0.0,771.477663230241,0.0,2.4562534518733203e-14,0.0,9384.73263276233,771.477663230241
5163,0.0,0.0,0.0,0.0,768.843069873998,0.0,4.9455272001839703e-14,0.0,8504.0418310739,768.843069873998
5164,18.219306,0.0,0.0,0.0,742.986567216495,0.0,2.34887426259727e-14,0.0,7652.96901639293,761.205873216495
5165,540.96,0.0,0.0,0.0,181.980297823597,0.0,1.20045845225711e-14,0.0,7444.51506699591,722.940297823597
5166,642.371134020619,0.0,0.0,426.795565979381,3.1326484255679e-14,0.0,1.8542498784658497e-30,0.0,7444.51506699591,642.371134020619
5167,540.618556701031,0.0,0.0,1927.28044329897,8.6870123679743e-15,0.0,-3.0169085006504103e-31,0.0,7444.51506699591,540.618556701031
5168,677.628865979381,0.0,-1.13686837721616e-13,2661.81213402062,-1.7083073172286402e-14,0.0,1.02672797912859e-30,0.0,7444.51506699591,677.628865979381
5169,728.041237113402,628.935061855669,4.54747350886464e-13,3810.55670103093,5.86841122860592e-14,0.0,-5.05806183954283e-30,0.0,7963.07202549591,728.0412371134021
5170,730.515463917526,0.0,0.0,536.416636082474,-2.0677908750137602e-14,0.0,7.58440447829979e-31,0.0,7963.07202549591,730.515463917526
5171,732.474226804124,2178.56507216495,0.0,3810.55670103093,-3.10361620032576e-14,0.0,1.5225905117987999e-30,0.0,9759.29892749591,732.474226804124
5172,683.092783505155,0.0,1.13686837721616e-13,1774.28521649484,1.17332983142634e-14,0.0,-4.445854093711321e-31,0.0,9759.29892749591,683.092783505155
5173,684.432989690722,0.0,-2.27373675443232e-13,2095.96701030928,-3.9013730832439e-14,0.0,1.68512434561681e-30,0.0,9759.29892749591,684.432989690722
5174,704.742268041237,507.565030927835,2.27373675443232e-13,3810.55670103093,1.89053487552235e-14,0.0,1.7242216488148602e-31,0.0,10177.7862954959,704.742268041237
5175,696.701030927835,0.0,0.0,473.368569072165,-4.38483095546621e-14,0.0,-1.8891148829610097e-30,0.0,10177.7862954959,696.701030927835
5176,678.144329896907,0.0,0.0,1757.43567010309,4.41386318070836e-14,0.0,-2.4344928883788997e-31,0.0,10177.7862954959,678.144329896907
5177,684.020618556701,0.0,0.0,185.793081443299,1.3063872047723701e-14,0.0,6.7164976255269605e-31,0.0,10177.7862954959,684.020618556701
5178,678.865979381443,0.0,0.0,90.7084206185567,-5.4810701598948103e-14,0.0,-2.2619976885840698e-30,0.0,10177.7862954959,678.865979381443
5179,110.19372,0.0,0.0,0.0,621.090597479954,0.0,-3.06153491936102e-14,0.0,9466.34231212826,731.284317479954
5180,0.0,0.0,0.0,0.0,754.524627720504,0.0,-4.66355405355747e-14,0.0,8602.05293329607,754.524627720504
5181,0.0,0.0,0.0,0.0,756.013745704467,0.0,-3.58326457471057e-14,0.0,7736.05780648683,756.013745704467
5182,0.0,0.0,0.0,0.0,756.128293241695,0.0,-2.5145879523972602e-14,0.0,6869.93146829474,756.128293241695
5183,0.0,0.0,0.0,0.0,759.450171821306,0.0,-3.56248058925768e-16,0.0,6000.0,759.450171821306
5184,0.0,0.0,0.0,0.0,752.920962199313,0.0,4.55616361744392e-14,0.0,11137.5475805277,752.920962199313
5185,0.0,0.0,0.0,0.0,749.369988545246,0.0,1.38367006537714e-14,0.0,10279.1627139238,749.369988545246
5186,0.0,0.0,0.0,0.0,758.533791523482,0.0,4.22746882682707e-14,0.0,9410.28093669182,758.533791523482
5187,0.0,0.0,0.0,0.0,747.422680412371,0.0,-2.5275030636584803e-14,0.0,8554.12666359632,747.422680412371
5188,5.014506,0.0,0.0,0.0,747.922026552119,0.0,-2.4364648917881302e-14,0.0,7697.4004017955,752.9365325521189
5189,496.9734,0.0,0.0,0.0,216.535855670103,0.0,-8.39766326579986e-15,0.0,7449.36391190993,713.509255670103
5190,148.08738,0.0,0.0,0.0,624.690998167239,0.0,-4.03860216412837e-14,0.0,6733.79575822466,772.778378167239
5191,818.041237113402,0.0,0.0,1724.8487628866,9.340866747163332e-15,0.0,2.1065249521661902e-31,0.0,6733.79575822466,818.041237113402
5192,827.731958762887,0.0,1.13686837721616e-13,2965.41404123711,-2.5524234615522302e-14,0.0,-7.47482527913107e-33,0.0,6733.79575822466,827.731958762887
5193,827.525773195876,0.0,1.13686837721616e-13,1686.53122680412,5.14566824559087e-16,640.603696930127,2.29456088227077e-33,0.0,6000.0,827.525773195876
5194,831.030927835052,5325.68437113402,0.0,3810.55670103093,3.96891915642288e-14,-7.64294306540785e-14,2.0710534225258697e-30,0.0,10391.026764,831.030927835052
5195,836.59793814433,1229.50636082474,0.0,3810.55670103093,5.1579398147864404e-14,-7.64294306540785e-14,1.88391539333425e-30,0.0,11404.7547585,836.59793814433
5196,853.60824742268,5786.48505154639,0.0,3810.55670103093,4.8191815738649305e-14,-7.64294306540785e-14,2.4269450281864297e-30,0.0,16175.7116835,853.60824742268
5197,828.041237113402,2036.46206185567,0.0,3810.55670103093,6.1736271803929e-14,-7.64294306540785e-14,4.41369074754382e-30,0.0,17854.7746535,828.0412371134021
5198,833.711340206185,0.0,0.0,3239.95265979381,5.67003134846506e-14,634.004490263459,-1.37602762491914e-30,0.0,17128.5381239886,833.711340206185
5199,813.711340206186,1097.87495876289,0.0,3810.55670103093,-4.41837324460074e-14,-7.64294306540785e-14,2.6162627769142796e-30,0.0,18033.7360274886,813.711340206186
5200,808.144329896907,0.0,1.13686837721616e-13,1822.92467010309,-5.2167174846769604e-14,190.842288854094,1.4282563074348598e-30,0.0,17815.1308856168,808.144329896907
5201,806.59793814433,0.0,0.0,1432.46406185567,2.46186557400141e-14,0.0,8.578359716886981e-31,0.0,17815.1308856168,806.59793814433
5202,643.6122,0.0,0.0,0.0,176.169720504009,0.0,2.3877250763320204e-15,0.0,17613.3328094381,819.781920504009
5203,103.25931,0.0,0.0,0.0,766.252542153494,0.0,-1.3673461613566e-15,0.0,16735.6093934547,869.511852153494
5204,0.0,0.0,0.0,0.0,885.223367697595,0.0,3.6360644926421e-14,0.0,15721.6078267908,885.223367697595
5205,0.0,0.0,0.0,0.0,887.17067583047,0.0,-3.82144615048388e-14,0.0,14705.3756666184,887.17067583047
5206,0.0,0.0,0.0,0.0,884.192439862543,0.0,-4.5382022691131604e-14,0.0,13692.5550024002,884.192439862543
5207,0.0,0.0,0.0,0.0,891.294387170676,0.0,4.69443051314945e-14,0.0,12671.5992324452,891.294387170676
5208,0.0,0.0,0.0,0.0,890.950744558992,0.0,2.9322234852740403e-14,0.0,11651.0370966388,890.950744558992
5209,0.0,0.0,0.0,0.0,888.888888888889,0.0,-2.0476262660748802e-14,0.0,10632.8367657237,888.888888888889
5210,0.0,0.0,0.0,0.0,895.876288659794,0.0,-3.80853103922267e-14,0.0,9606.63254045474,895.876288659794
5211,0.0,0.0,0.0,0.0,895.074455899198,0.0,7.94163767457686e-16,0.0,8581.34679486573,895.074455899198
5212,9.776529,0.0,0.0,0.0,883.524360675831,0.0,6.00324121200627e-15,0.0,7569.29139890258,893.300889675831
5213,497.301,0.0,0.0,0.0,355.232565864834,0.0,1.27386680153038e-14,0.0,7162.38124327276,852.5335658648339
5214,834.020618556701,0.0,0.0,845.987781443299,1.76421113245285e-14,0.0,-2.71583902492082e-31,0.0,7162.38124327276,834.020618556701
5215,889.072164948454,248.559134020618,2.27373675443232e-13,3810.55670103093,-2.2349778946524e-14,0.0,4.23403514522435e-32,0.0,7367.31824927276,889.072164948454
5216,913.60824742268,0.0,1.13686837721616e-13,2736.25475257732,-2.81121722080969e-14,1193.66883161512,-2.1717576127910503e-31,0.0,6000.0,913.60824742268
5217,984.329896907216,0.0,1.13686837721616e-13,3239.73610309278,-2.07446157416622e-14,0.0,-1.1258048695464901e-31,0.0,6000.0,984.329896907216
5218,986.494845360825,5170.99745360825,0.0,3810.55670103093,-5.71416704348635e-14,-7.64294306540785e-14,-2.2850709827434897e-30,0.0,10263.4874005,986.4948453608248
5219,984.742268041237,1343.21103092783,0.0,3810.55670103093,5.34964899577484e-14,-7.64294306540785e-14,-2.6691397560740697e-30,0.0,11370.9648955,984.742268041237
5220,951.855670103093,2639.73062886598,0.0,3810.55670103093,3.16566628866843e-14,-7.64294306540785e-14,-1.44575763390946e-30,0.0,13547.422799,951.855670103093
5221,950.824742268041,5284.19955670103,0.0,3810.55670103093,4.33454898732646e-14,-7.64294306540785e-14,1.66102975507732e-30,0.0,17904.2453335,950.824742268041
5222,932.371134020619,4175.41516494845,0.0,3810.55670103093,-1.1912442247477201e-14,-7.64294306540785e-14,-1.03202282403252e-31,0.0,21346.875137,932.371134020619
5223,914.639175257732,2526.77612371134,0.0,3810.55670103093,-3.58942350118038e-14,0.0,-1.9444053679051497e-30,0.0,23430.202051,914.639175257732
5224,886.701030927835,461.644268041237,-2.27373675443232e-13,3810.55670103093,4.00860771867586e-14,0.0,-3.57933155064805e-31,0.0,23810.82775,886.701030927835
5225,873.917525773196,0.0,-1.13686837721616e-13,1776.2194742268,-1.63010490703882e-14,0.0,-1.02292122058406e-30,0.0,23810.82775,873.917525773196
5226,654.57,0.0,0.0,0.0,234.899312714777,0.0,1.01659113353399e-14,0.0,23541.7563723198,889.4693127147771
5227,109.83693,0.0,0.0,0.0,829.849001030928,0.0,-1.58062913850349e-14,0.0,22591.1847789282,939.685931030928
5228,0.0,0.0,0.0,0.0,956.013745704467,0.0,-1.27400068349025e-14,0.0,21496.094577663,956.013745704467
5229,0.0,0.0,0.0,0.0,952.348224513173,2196.95654568127,2.9658672361622203e-14,0.0,17888.643523603,952.348224513173
5230,0.0,0.0,0.0,0.0,953.264604810997,4233.95189003436,1.46596442507096e-15,0.0,11946.8147780756,953.264604810997
5231,0.0,0.0,0.0,0.0,957.617411225659,4233.95189003436,-5.68857421394558e-15,0.0,6000.0,957.617411225659
5232,0.0,0.0,0.0,0.0,950.171821305842,0.0,-1.6388362984354902e-14,0.0,10911.6015792602,950.171821305842
5233,0.0,0.0,0.0,0.0,950.28636884307,0.0,-5.70159676122183e-15,0.0,9823.07194713756,950.28636884307
5234,0.0,0.0,0.0,0.0,952.348224513173,0.0,2.9658672361622203e-14,0.0,8732.18051012361,952.348224513173
5235,0.0,0.0,0.0,0.0,953.951890034364,0.0,3.67101049825791e-14,0.0,7639.45211374977,953.951890034364
5236,0.0,0.0,0.0,0.0,945.017182130584,0.0,2.9645649814345997e-14,0.0,6556.95820523822,945.017182130584
5237,492.8007,0.0,0.0,0.0,406.739199312715,0.0,-1.18398816096872e-14,0.0,6091.04846948482,899.5398993127151
5238,851.958762886598,0.0,0.0,1638.5572371134,1.55851026487738e-14,79.4853138602522,-1.36702137674784e-30,0.0,6000.0,851.958762886598
5239,863.092783505155,434.915515463918,-3.41060513164848e-13,3810.55670103093,4.3272279998918403e-14,0.0,2.3929626282614096e-30,0.0,6358.5878425,863.092783505155
5240,868.453608247423,2630.58569072165,0.0,3810.55670103093,-4.1210656374064504e-14,0.0,4.50598809760509e-31,0.0,8527.5057445,868.453608247423
5241,869.79381443299,4294.88148453608,0.0,3810.55670103093,3.04542588759331e-14,0.0,-2.3692830697958198e-30,0.0,12068.6355285,869.79381443299
5242,875.773195876289,5325.65110309278,0.0,3810.55670103093,-1.36399016034674e-14,0.0,-1.6780201725229e-31,0.0,16459.634863,875.773195876289
5243,880.103092783505,5747.01220618557,0.0,3810.55670103093,3.9884697589703304e-14,0.0,-2.5734122989499496e-30,0.0,21198.046427,880.103092783505
5244,880.103092783505,3227.22220618557,0.0,3810.55670103093,3.9884697589703304e-14,0.0,-2.5734122989499496e-30,0.0,23858.891136,880.103092783505
5245,887.422680412371,1223.8316185567,0.0,3810.55670103093,-5.8863256219273e-14,0.0,-2.37648155481099e-30,0.0,24867.9403055,887.4226804123709
5246,902.577319587629,1433.22997938144,0.0,3810.55670103093,6.14067224841645e-14,0.0,-7.492004134105621e-31,0.0,26049.6384235,902.5773195876292
5247,917.216494845361,201.72480412371,1.13686837721616e-13,3810.55670103093,-1.95694818846789e-15,0.0,-1.3324385720779302e-31,0.0,26215.9605245,917.216494845361
5248,921.546391752577,0.0,-1.13686837721616e-13,3006.90260824742,4.7660886821829403e-14,0.0,5.579792854104451e-31,0.0,26215.9605245,921.546391752577
5249,954.432989690722,0.0,0.0,786.494310309278,-6.07247588695532e-14,0.0,-2.6069801884790297e-30,0.0,26215.9605245,954.432989690722
5250,392.4039,0.0,0.0,0.0,629.74595303551,0.0,-4.1513910614846805e-14,0.0,25494.6020445051,1022.14985303551
5251,126.77847,0.0,0.0,0.0,945.962066552119,0.0,4.23802540910716e-14,0.0,24411.0257941591,1072.740536552119
5252,0.0,0.0,0.0,0.0,1121.53493699885,0.0,-5.73522830347193e-14,0.0,23126.3351446758,1121.53493699885
5253,0.0,0.0,0.0,0.0,1154.41008018328,0.0,-9.59474098746269e-14,0.0,21803.9868283147,1154.41008018328
5254,0.0,0.0,0.0,0.0,1167.01030927835,0.0,5.2777356368377904e-14,0.0,20467.2052598401,1167.01030927835
5255,0.0,0.0,0.0,0.0,1205.26918671249,0.0,8.87703585070065e-14,0.0,19086.5990894936,1205.26918671249
5256,0.0,0.0,0.0,0.0,1222.68041237113,0.0,6.015220395094041e-14,0.0,17686.0487889539,1222.68041237113
5257,0.0,0.0,0.0,0.0,1249.48453608247,0.0,-8.827519242501141e-14,0.0,16254.7950248274,1249.48453608247
5258,0.0,0.0,0.0,0.0,1280.52691867125,0.0,-7.048490339181651e-14,0.0,14787.9829759485,1280.52691867125
5259,0.0,0.0,0.0,0.0,1302.17640320733,0.0,-7.362967763809651e-14,0.0,13296.371975711,1302.17640320733
5260,0.0,0.0,0.0,0.0,1327.94959908362,0.0,-6.05391363868858e-15,0.0,11775.2384143323,1327.94959908362
5261,512.82,0.0,0.0,0.0,736.843757159221,0.0,4.41688352686484e-14,0.0,10931.2020372885,1249.663757159221
5262,1133.60824742268,0.0,0.0,443.76055257732,7.88761927583008e-14,3740.8846093929,9.60527605901912e-31,0.0,6646.11084668955,1133.60824742268
5263,1145.05154639175,0.0,0.0,3389.18445360825,-5.88135406312499e-14,468.191386025201,2.50823348294233e-30,0.0,6109.80914448428,1145.05154639175
5264,1144.84536082474,1632.59193814433,0.0,3810.55670103093,-3.27747391911686e-14,-7.64294306540785e-14,-6.45305193635598e-32,0.0,7455.88119748428,1144.84536082474
5265,1174.53608247423,911.896216494845,0.0,3810.55670103093,3.32442053768038e-14,-7.64294306540785e-14,-1.42894820145067e-31,0.0,8207.73962798428,1174.53608247423
5266,1157.62886597938,4198.77643298969,0.0,3810.55670103093,2.75191512488517e-14,-7.64294306540785e-14,-7.746869525153491e-31,0.0,11669.6307969843,1157.62886597938
5267,1143.19587628866,3510.21342268041,0.0,3810.55670103093,-6.14746880981707e-14,-7.64294306540785e-14,-5.2336414229688795e-30,0.0,14563.8017639843,1143.19587628866
5268,1137.83505154639,2648.73624742268,0.0,3810.55670103093,-1.11123988670508e-13,-7.64294306540785e-14,-3.8577104575217896e-30,0.0,16747.6847999843,1137.83505154639
5269,1144.53608247423,3146.01421649485,0.0,3810.55670103093,-1.16128481427746e-13,-7.64294306540785e-14,-5.8608405908575494e-30,0.0,19341.5735214843,1144.5360824742295
5270,1142.88659793814,3435.88870103093,0.0,3810.55670103093,1.07808986824398e-13,-7.64294306540785e-14,1.11289676839247e-30,0.0,22174.4637554843,1142.88659793814
5271,1095.46391752577,1984.7723814433,0.0,3810.55670103093,-1.20230751636094e-13,-7.64294306540785e-14,5.668174191352849e-30,0.0,23810.9085839843,1095.4639175257698
5272,923.60824742268,0.0,1.13686837721616e-13,3345.69175257732,2.4283232848668802e-14,444.683384539922,-1.46190930499561e-31,0.0,23301.5347185319,923.60824742268
5273,925.360824742268,0.0,1.13686837721616e-13,1299.77817525773,3.9963781035630205e-14,0.0,-1.9548048688366197e-30,0.0,23301.5347185319,925.360824742268
5274,840.9135,0.0,0.0,0.0,117.885343642612,0.0,2.4547214814465203e-15,0.0,23166.4999606366,958.798843642612
5275,49.57995,0.0,0.0,0.0,1050.29490091638,0.0,-6.27084252952479e-14,0.0,21963.4130180061,1099.87485091638
5276,0.0,0.0,0.0,0.0,1307.7892325315,0.0,2.23319837867058e-14,0.0,20465.372660009,1307.7892325315
5277,0.0,0.0,0.0,0.0,1318.67124856816,0.0,6.8508170245295e-14,0.0,18954.8672206411,1318.67124856816
5278,0.0,0.0,0.0,0.0,1420.5040091638,4233.95189003436,-6.205080181380431e-14,0.0,12477.8272444691,1420.5040091638
5279,0.0,0.0,0.0,0.0,1421.19129438717,4233.95189003436,-2.68066612562962e-14,0.0,6000.0,1421.19129438717
5280,0.0,0.0,0.0,0.0,1393.47079037801,0.0,9.387951889717171e-14,0.0,10403.8135276311,1393.47079037801
5281,0.0,0.0,0.0,0.0,1397.70904925544,0.0,9.04764424256673e-14,0.0,8802.77223409685,1397.70904925544
5282,0.0,0.0,0.0,0.0,1350.97365406644,0.0,9.0166050011338e-14,0.0,7255.26518476531,1350.97365406644
5283,0.0,0.0,0.0,0.0,1095.84650630012,0.0,257.425999999999,0.0,6000.0,1353.272506300119
5284,0.0,0.0,0.0,0.0,0.0,0.0,1192.9,0.0,6000.0,1192.9
5285,9.179688,0.0,0.0,0.0,0.0,0.0,1340.99570264,0.0,6000.0,1350.17539064
5286,1502.26804123711,-5.048792312178241e-15,5.048792312178241e-15,270.596058762886,-3.634062645194311e-15,0.0,1.16884087854834e-32,0.0,6000.0,1502.26804123711
5287,1498.86597938144,1131.04802061856,0.0,0.0,6.65838562917953e-14,0.0,-7.2738220187935105e-31,0.0,6932.549093,1498.86597938144
5288,1548.45360824742,2260.12360112832,0.0,527.670790624258,-1.24636349862507e-13,0.0,-1.0520766611081699e-29,0.0,8796.0210021303,1548.45360824742
5289,1524.74226804124,0.0,2.27373675443232e-13,2352.80273195876,1.78879622492669e-14,0.0,-2.30126416448957e-31,0.0,8796.0210021303,1524.74226804124
5290,1547.83505154639,1262.11024742268,0.0,3810.55670103093,-3.8706417176516e-14,0.0,1.0482706329127698e-30,0.0,9836.6309011303,1547.83505154639
5291,1598.65979381443,86.5465051546396,0.0,3810.55670103093,1.03488345615493e-13,0.0,-2.0880871765042197e-30,0.0,9907.9884946303,1598.65979381443
5292,1574.0206185567,4797.3583814433,0.0,0.0,-1.18620973482133e-14,0.0,4.506675035680351e-31,0.0,13863.4104801303,1574.0206185567
5293,1297.73195876289,0.0,0.0,1549.44804123711,8.909452914555e-14,0.0,5.72894803325532e-32,0.0,13863.4104801303,1297.73195876289
5294,1282.88659793814,4525.79740206185,0.0,0.0,5.2178292678690405e-14,0.0,-1.28308615163742e-30,0.0,17594.9304381303,1282.88659793814
5295,1307.11340206186,4222.75359793814,0.0,0.0,-2.5217550270840102e-14,0.0,-4.455367077488e-31,0.0,21076.5907796303,1307.11340206186
5296,1336.28865979381,3392.59634020619,0.0,0.0,-1.65135464993643e-14,0.0,-6.28868239234869e-31,0.0,23873.7864621303,1336.28865979381
5297,1323.50515463918,1119.97084536082,0.0,0.0,-7.68074369393845e-14,0.0,-2.67341408711485e-30,0.0,24797.2024241303,1323.50515463918
5298,626.9172,0.0,0.0,0.0,782.34858648339,0.0,8.32462736341347e-15,0.0,23901.0413857759,1409.26578648339
5299,98.67081,0.0,0.0,0.0,1370.89268533792,0.0,4.72278086600005e-14,0.0,22330.7175766832,1469.56349533792
5300,0.0,0.0,0.0,0.0,1439.06071019473,0.0,1.61987058614605e-14,0.0,20682.3089739401,1439.06071019473
5301,0.0,0.0,0.0,0.0,1390.49255441008,0.0,-9.73470325604174e-14,0.0,19089.5339975254,1390.49255441008
5302,0.0,0.0,0.0,0.0,1500.45819014891,0.0,4.54116001516328e-14,0.0,17370.7960935747,1500.45819014891
5303,0.0,0.0,0.0,0.0,1493.35624284078,0.0,-4.6914727670993304e-14,0.0,15660.1932953608,1493.35624284078
5304,0.0,0.0,0.0,0.0,1376.97594501718,0.0,-4.8258328986219905e-14,0.0,14082.9012621223,1376.97594501718
5305,0.0,0.0,0.0,0.0,1430.81328751432,0.0,7.3254848032026e-14,0.0,12443.9398789444,1430.81328751432
5306,0.0,0.0,0.0,0.0,1472.73768613975,0.0,-6.12758951381314e-14,0.0,10756.9551296434,1472.73768613975
5307,0.0,0.0,0.0,0.0,1481.09965635739,0.0,6.041566636052291e-15,0.0,9060.39194939439,1481.09965635739
5308,0.0,0.0,0.0,0.0,1467.92668957617,0.0,2.38018793932357e-15,0.0,7378.91807817312,1467.92668957617
5309,468.9552,0.0,0.0,0.0,1203.79548224513,0.0,-4.49279804786238e-14,0.0,6000.0,1672.75068224513
5310,1586.59793814433,2.49550636262882e-13,-2.21769608196502e-14,349.56006185567,7.447059453188831e-14,0.0,-4.20960407240553e-30,0.0,6000.0,1586.59793814433
5311,1668.24742268041,0.0,0.0,2964.68857731959,9.245421208975641e-15,0.0,6.522450568058361e-31,0.0,6000.0,1668.24742268041
5312,1606.28865979381,0.0,0.0,2687.70734020619,9.59076624088417e-14,0.0,1.15486464178666e-30,0.0,6000.0,1606.28865979381
5313,1583.9175257732,3143.89477319588,0.0,3810.55670103093,-6.88592359681069e-14,-7.64294306540785e-14,1.4301596867071298e-30,0.0,8592.1412405,1583.9175257732
5314,1684.22680412371,4083.69449484536,0.0,3810.55670103093,9.73313742059402e-15,-7.64294306540785e-14,1.6559537540744502e-31,0.0,11959.1473515,1684.22680412371
5315,1748.24742268041,4441.73187628866,0.0,3810.55670103093,-9.249322938668591e-14,-7.64294306540785e-14,3.40569998722192e-31,0.0,15621.3552835,1748.24742268041
5316,1712.68041237113,4331.47488659794,0.0,3810.55670103093,-5.0254697985984806e-15,-7.64294306540785e-14,6.36481756323933e-32,0.0,19192.6563275,1712.68041237113
5317,1514.12371134021,3916.34858762887,0.0,3810.55670103093,4.36089615127453e-14,-7.64294306540785e-14,-2.50999869208261e-30,0.0,22421.685738,1514.12371134021
5318,1518.76288659794,2930.58941237113,0.0,3810.55670103093,6.19821227286674e-14,-7.64294306540785e-14,1.70044595255517e-30,0.0,24837.9567085,1518.76288659794
5319,1490.61855670103,0.0,0.0,1899.78944329897,-9.25429449747089e-14,2123.07473081329,-4.544145039031119e-30,0.0,22406.0268908445,1490.61855670103
5320,1449.48453608247,0.0,0.0,3292.96646391752,-1.30586277873838e-14,575.100263459337,-4.996687695367921e-31,0.0,21747.2637024603,1449.48453608247
5321,1407.52577319588,0.0,0.0,959.468226804123,-8.20565219988798e-14,0.0,3.1485214761328398e-30,0.0,21747.2637024603,1407.52577319588
5322,525.2352,0.0,0.0,0.0,972.877269186713,0.0,5.366155998108571e-15,0.0,20632.8567503564,1498.112469186713
5323,81.94074,0.0,0.0,0.0,1413.65118235968,0.0,1.70630641746777e-14,0.0,19013.5541359696,1495.59192235968
5324,0.0,0.0,0.0,0.0,1499.65635738832,0.0,5.54146175300266e-14,0.0,17295.7347116989,1499.65635738832
5325,0.0,0.0,0.0,0.0,1522.45131729668,0.0,-6.82361699281545e-14,0.0,15551.8042222411,1522.45131729668
5326,0.0,0.0,0.0,0.0,1573.53951890034,4233.95189003436,2.4168293178129e-14,0.0,8899.46583858165,1573.53951890034
5327,0.0,0.0,0.0,0.0,1561.97021764032,969.263459441462,-5.725203383796841e-14,0.0,6000.0,1561.97021764032
5328,0.0,0.0,0.0,0.0,575.800687285224,0.0,824.025999999999,0.0,11340.4344933732,1399.826687285223
5329,0.0,0.0,0.0,0.0,1596.21993127148,0.0,3.5175772184307805e-15,0.0,9512.00387336002,1596.21993127148
5330,0.0,0.0,0.0,0.0,1531.72966781214,0.0,8.45754216310939e-14,0.0,7757.44526189136,1531.72966781214
5331,0.0,0.0,0.0,0.0,1534.24971363116,0.0,3.45576895342091e-14,0.0,6000.0,1534.24971363116
5332,0.0,0.0,0.0,0.0,0.0,0.0,1196.3,0.0,6000.0,1196.3
5333,390.3312,0.0,0.0,0.0,0.0,0.0,977.778736,0.0,6000.0,1368.109936
5334,1525.36082474227,657.484175257732,0.0,0.0,-6.02284420709772e-14,0.0,-7.759412526266199e-31,0.0,6542.0957025,1525.36082474227
5335,1574.12371134021,2449.21502594985,0.0,567.828262709949,9.753044632844591e-14,0.0,-4.57839848791515e-31,0.0,8561.47349139565,1574.12371134021
5336,1498.24742268041,1335.74287628866,0.0,3810.55670103093,-1.00123628181361e-13,0.0,-1.30119322074025e-30,0.0,9662.79349289565,1498.24742268041
5337,1538.86597938144,1504.36831958763,0.0,3810.55670103093,1.57145309939645e-14,0.0,1.1828069798526598e-30,0.0,10903.1451723956,1538.86597938144
5338,1546.59793814433,2549.78636082474,0.0,3810.55670103093,1.25339919829719e-13,0.0,-6.10388692073988e-31,0.0,13005.4440268956,1546.5979381443303
5339,1556.28865979381,2273.50063917526,0.0,3810.55670103093,9.438158264990681e-14,0.0,-3.5810116517566696e-30,0.0,14879.9453038956,1556.28865979381
5340,1533.09278350515,2443.75951546392,0.0,3810.55670103093,4.1583418399030504e-14,0.0,1.81152072788818e-31,0.0,16894.8250243956,1533.09278350515
5341,1392.37113402062,5741.64386597938,0.0,0.0,5.03109164568294e-14,0.0,2.6452794734606597e-30,0.0,21628.8103918956,1392.37113402062
5342,1456.90721649485,4206.85578350515,0.0,0.0,5.39949044604604e-15,0.0,1.7051904644819702e-31,0.0,25097.3629853956,1456.90721649485
5343,1439.07216494845,669.285835051547,0.0,0.0,-1.33764299639867e-14,0.0,-2.06777042864561e-31,0.0,25649.1891563956,1439.07216494845
5344,604.7265,0.0,0.0,0.0,862.445927835052,0.0,3.87076076574911e-14,0.0,24661.2785861379,1467.172427835052
5345,1360.41237113402,301.592728865979,0.0,0.0,4.1521955667845904e-14,0.0,-1.89523900949579e-30,0.0,24909.9417910879,1360.41237113402
5346,846.2538,0.0,0.0,0.0,554.448813287514,0.0,4.3049028898578604e-14,0.0,24274.8343302774,1400.702613287514
5347,23.95407,0.0,0.0,0.0,1461.35687525773,0.0,2.46511377981622e-14,0.0,22600.8860195584,1485.31094525773
5348,0.0,0.0,0.0,0.0,1497.36540664376,0.0,9.792942529188721e-14,0.0,20885.6908229447,1497.36540664376
5349,0.0,0.0,0.0,0.0,1469.75945017182,0.0,-8.28816847150694e-14,0.0,19202.1175695978,1469.75945017182
5350,0.0,0.0,0.0,0.0,1533.21878579611,0.0,8.09400880289177e-14,0.0,17445.8532101521,1533.21878579611
5351,0.0,0.0,0.0,0.0,1451.43184421535,0.0,5.87395587178736e-14,0.0,15783.2737780612,1451.43184421535
5352,0.0,0.0,0.0,0.0,1365.75028636884,0.0,-1.28079763925924e-14,0.0,14218.840460342,1365.75028636884
5353,0.0,0.0,0.0,0.0,1381.67239404353,0.0,-8.91434056519186e-15,0.0,12636.1687604067,1381.67239404353
5354,0.0,0.0,0.0,0.0,1359.67926689576,0.0,7.5856972733305e-14,0.0,11078.6896459786,1359.67926689576
5355,0.0,0.0,0.0,0.0,1393.24169530355,0.0,7.25059864509055e-14,0.0,9482.76559637542,1393.24169530355
5356,0.0,0.0,0.0,0.0,1324.28407789233,0.0,-6.29038437731347e-14,0.0,7965.8307992479,1324.28407789233
5357,98.14434,0.0,0.0,0.0,1469.53034387171,0.0,-8.970330195290951e-14,0.0,6282.51998152544,1567.6746838717102
5358,1228.7457,0.0,0.0,0.0,246.639943871707,0.0,-1.2294805273655201e-14,0.0,6000.0,1475.3856438717069
5359,1554.53608247423,1738.01191752577,0.0,0.0,-5.15244382995014e-14,0.0,1.79542949691908e-30,0.0,7432.990826,1554.53608247423
5360,1566.28865979381,0.0,0.0,1786.00434020619,-1.05860429452474e-13,0.0,-1.8793636786736e-30,0.0,7432.990826,1566.28865979381
5361,1680.51546391753,0.0,0.0,205.723436082474,1.22243708524993e-14,0.0,-1.6287860705051401e-31,0.0,7432.990826,1680.51546391753
5362,1685.15463917526,0.0,2.27373675443232e-13,3422.10836082474,2.2784003702674602e-14,0.0,-8.89006676500793e-32,0.0,7432.990826,1685.15463917526
5363,1731.03092783505,150.65137113402,0.0,3810.55670103093,7.10653914079308e-14,0.0,-2.20879078538206e-30,0.0,7557.2028815,1731.03092783505
5364,1744.22680412371,591.097494845361,0.0,3810.55670103093,6.36546222362946e-14,0.0,4.97245649973031e-30,0.0,8044.562766,1744.22680412371
5365,1479.48453608247,3771.9417628866,0.0,3810.55670103093,-1.0850982977623299e-13,0.0,4.09865114613714e-30,0.0,11154.5287495,1479.48453608247
5366,1458.0412371134,2820.03506185567,0.0,3810.55670103093,-2.32155014434484e-14,0.0,-2.7474184271459504e-31,0.0,13479.647658,1458.0412371134
5367,1438.14432989691,4853.56282883106,0.0,313.63284127203,-1.08002395145737e-14,0.0,5.65455675723434e-32,0.0,17481.4102103712,1438.14432989691
5368,652.5729,0.0,0.0,0.0,809.168713631157,0.0,3.94087761777072e-14,0.0,16554.5273768876,1461.741613631157
5369,41.68794,0.0,0.0,0.0,1471.09129232532,0.0,9.207019666357961e-15,0.0,14869.4285311542,1512.77923232532
5370,175.85694,0.0,0.0,0.0,1252.94246071019,0.0,-9.69092495837916e-14,0.0,13434.2137995274,1428.7994007101902
5371,12.134094,0.0,0.0,0.0,1320.88193450172,0.0,4.05451351328553e-14,0.0,11921.1760738668,1333.01602850172
5372,0.0,0.0,0.0,0.0,1341.92439862543,0.0,-4.12720091016442e-14,0.0,10384.0347237804,1341.92439862543
5373,0.0,0.0,0.0,0.0,1306.18556701031,0.0,-6.95298297745767e-14,0.0,8887.83132514312,1306.18556701031
5374,0.0,0.0,0.0,0.0,1271.13402061856,0.0,7.820079520935961e-14,0.0,7431.77860965794,1271.13402061856
5375,0.0,0.0,0.0,0.0,1249.94272623139,0.0,-4.5528127532479e-14,0.0,6000.0,1249.94272623139
5376,0.0,0.0,0.0,0.0,0.0,0.0,1081.1,0.0,12000.0,1081.1
5377,0.0,0.0,0.0,0.0,602.452873997709,0.0,510.758641,0.0,11309.9050698766,1113.211514997709
5378,0.0,0.0,0.0,0.0,1158.53379152348,0.0,8.84599660926772e-14,0.0,9982.83314373289,1158.53379152348
5379,0.0,0.0,0.0,0.0,1169.41580756014,0.0,-9.27375228919656e-14,0.0,8643.29613621841,1169.41580756014
5380,0.0,0.0,0.0,0.0,1185.33791523482,0.0,-8.8843887064565e-14,0.0,7285.5207464878,1185.33791523482
5381,349.2447,0.0,0.0,0.0,1122.25961168385,0.0,-4.64370593326112e-14,0.0,6000.0,1471.50431168385
5382,1410.0,2.7025085960285597e-13,-4.28771841596241e-14,744.915,8.73121099411967e-14,0.0,4.45398276777844e-31,0.0,6000.0,1410.0
5383,1464.63917525773,0.0,0.0,3278.08482474227,1.07211350916054e-13,0.0,-1.62708990916814e-30,0.0,6000.0,1464.63917525773
5384,1446.39175257732,1782.92354639175,0.0,3810.55670103093,-1.04310855407216e-13,-7.64294306540785e-14,-2.76013529606768e-30,0.0,7470.020464,1446.39175257732
5385,1511.85567010309,3522.91362886598,0.0,3810.55670103093,1.00838945291734e-13,-7.64294306540785e-14,3.88992764830652e-30,0.0,10374.662751,1511.85567010309
5386,1519.38144329897,4604.7208556701,0.0,3810.55670103093,-2.39478099573235e-14,-7.64294306540785e-14,1.1502178326878199e-30,0.0,14171.2550965,1519.38144329897
5387,1298.35051546392,42.5397835051531,2.27373675443232e-13,3810.55670103093,1.09781248253059e-14,0.0,-4.8852535584511e-31,0.0,14206.329148,1298.35051546392
5388,1204.53608247423,0.0,0.0,2977.27791752577,-6.22069966120458e-14,0.0,-3.80868174756646e-30,0.0,14206.329148,1204.53608247423
5389,1115.67010309278,4785.41219587629,0.0,3810.55670103093,-4.1478742962644403e-14,0.0,-2.63590126890926e-30,0.0,18151.9015035,1115.67010309278
5390,1079.07216494845,0.0,0.0,1853.15783505155,-6.864086496755e-14,0.0,5.141349289687129e-30,0.0,18151.9015035,1079.07216494845
5391,1045.87628865979,0.0,0.0,1574.12571134021,7.88029828839546e-14,0.0,1.692460479086e-30,0.0,18151.9015035,1045.87628865979
5392,1021.75257731959,0.0,-1.13686837721616e-13,1700.01542268041,2.46742448996179e-14,110.216285751375,-1.1710155303558899e-30,0.0,18025.6514625477,1021.75257731959
5393,969.690721649485,0.0,0.0,662.259178350515,4.6525819113843603e-14,0.0,-2.4480193269574298e-30,0.0,18025.6514625477,969.690721649485
5394,489.8103,0.0,0.0,0.0,511.780079037801,0.0,-1.5404957169384302e-14,0.0,17439.4199859866,1001.590379037801
5395,60.34455,0.0,0.0,0.0,997.555310996564,0.0,3.67875602176265e-14,0.0,16296.7449447534,1057.899860996564
5396,0.0,0.0,0.0,0.0,1030.46964490263,0.0,7.98196524785457e-14,0.0,15116.3673446359,1030.46964490263
5397,0.0,0.0,0.0,0.0,1007.33104238259,0.0,1.7893793866765002e-15,0.0,13962.494443854,1007.33104238259
5398,0.0,0.0,0.0,0.0,991.523482245132,0.0,2.30207381730543e-14,0.0,12826.7287139054,991.523482245132
5399,0.0,0.0,0.0,0.0,982.817869415808,0.0,2.2891587060442102e-14,0.0,11700.9350490534,982.817869415808
5400,0.0,0.0,0.0,0.0,923.253150057274,0.0,3.6541886228138204e-14,0.0,10643.3713032833,923.253150057274
5401,0.0,0.0,0.0,0.0,905.154639175258,0.0,1.0394434454057502e-15,0.0,9606.53895600351,905.154639175258
5402,0.0,0.0,0.0,0.0,908.018327605956,0.0,-1.69179899820798e-14,0.0,8566.42632415247,908.018327605956
5403,0.0,0.0,0.0,0.0,893.699885452463,0.0,1.5116263592767e-14,0.0,7542.71511515767,893.699885452463
5404,0.0,0.0,0.0,0.0,878.121420389461,0.0,2.88446980441205e-14,0.0,6536.84865423045,878.121420389461
5405,365.5176,0.0,0.0,0.0,468.668875143185,0.0,-1.89489866017866e-14,0.0,6000.0,834.186475143185
5406,798.247422680412,0.0,1.13686837721616e-13,1430.96557731959,4.8299637731239304e-15,0.0,-2.39911445962175e-31,0.0,6000.0,798.247422680412
5407,803.40206185567,209.048237113401,0.0,3810.55670103093,-5.36141711597776e-14,0.0,-2.6890125559951296e-30,0.0,6172.3602715,803.40206185567
5408,805.876288659794,2438.70601030928,0.0,3810.55670103093,-6.6574836164010505e-15,-7.64294306540785e-14,2.46131449452082e-31,0.0,8183.073377,805.876288659794
5409,821.340206185567,4016.7430927835,0.0,3810.55670103093,-5.56711798355324e-14,-7.64294306540785e-14,1.72495453181265e-30,0.0,11494.878057,821.340206185567
5410,837.628865979381,5046.23343298969,0.0,3810.55670103093,3.98905711612841e-14,-7.64294306540785e-14,-1.22287199565253e-30,0.0,15655.4975225,837.628865979381
5411,849.484536082474,5362.0407628866,0.0,3810.55670103093,-3.13715848946028e-14,-7.64294306540785e-14,5.18563609610543e-31,0.0,20076.5001315,849.484536082474
5412,836.59793814433,5207.89336082474,0.0,3810.55670103093,5.1579398147864404e-14,-7.64294306540785e-14,1.88391539333425e-30,0.0,24370.4082075,836.59793814433
5413,823.917525773196,4726.61177319588,0.0,3810.55670103093,-1.78271288293231e-14,-7.64294306540785e-14,-2.49392952063837e-31,0.0,28267.4996145,823.917525773196
5414,834.536082474227,3771.07721649485,0.0,3810.55670103093,-5.1361656458548303e-14,-7.64294306540785e-14,-7.286362411516461e-31,0.0,31376.7527795,834.536082474227
5415,841.030927835052,2261.00337113402,0.0,3810.55670103093,-3.8140876141452304e-14,-7.64294306540785e-14,-2.5542413794512197e-30,0.0,33240.950059,841.030927835052
5416,838.144329896907,181.277969072165,-2.27373675443232e-13,3810.55670103093,-2.91131966217927e-14,0.0,-1.67992433431209e-30,0.0,33390.4137445,838.144329896907
5417,808.865979381443,0.0,-1.13686837721616e-13,1504.74602061856,-2.87045638561013e-14,2562.01186712486,-1.4078303053079299e-30,0.0,30455.6922472207,808.865979381443
5418,458.9613,0.0,0.0,0.0,378.588246277205,4233.95189003436,1.76118466411118e-14,0.0,25172.1411174251,837.549546277205
5419,33.4089,0.0,0.0,0.0,851.767888888889,0.0,5.8331435484307e-15,0.0,24196.4619778043,885.1767888888891
5420,0.0,0.0,0.0,0.0,883.619702176403,4233.95189003436,1.48709839148189e-14,0.0,18334.4097530497,883.619702176403
5421,0.0,0.0,0.0,0.0,882.13058419244,0.0,1.8506317516995202e-14,0.0,17323.9508937228,882.13058419244
5422,0.0,0.0,0.0,0.0,875.945017182131,3903.8618220871,-2.7641089112113603e-15,0.0,11848.7998750868,875.945017182131
5423,0.0,0.0,0.0,0.0,872.05040091638,4233.95189003436,1.8261037839047102e-14,0.0,6000.0,872.05040091638
5424,0.0,0.0,0.0,0.0,865.635738831615,0.0,-9.94469264478039e-15,0.0,11008.4355798034,865.635738831615
5425,0.0,0.0,0.0,0.0,869.530355097365,0.0,-4.54080677856841e-14,0.0,10012.4099725899,869.530355097365
5426,0.0,0.0,0.0,0.0,868.499427262314,0.0,-2.7902126072265902e-14,0.0,9017.56526782211,868.499427262314
5427,0.0,0.0,0.0,0.0,858.304696449026,0.0,-2.4395943582701903e-14,0.0,8034.39837612793,858.304696449026
5428,0.0,0.0,0.0,0.0,842.382588774341,0.0,5.86877371188062e-16,0.0,7069.46986664987,842.382588774341
5429,341.1639,0.0,0.0,0.0,456.782379152348,0.0,9.906355521054072e-15,0.0,6546.23690083962,797.9462791523481
5430,758.144329896907,1092.36097010309,0.0,0.0,-5.3693254605704604e-14,0.0,2.20178457595508e-30,0.0,7446.88852068962,758.144329896907
5431,771.546391752577,3867.47960824742,0.0,0.0,4.30826475450247e-14,0.0,-2.6308404710924396e-30,0.0,10635.6254576896,771.546391752577
5432,780.824742268041,2687.15229025228,0.0,3337.80796747968,-6.21167953341982e-14,0.0,2.46450040040785e-30,0.0,12851.1825210026,780.8247422680408
5433,810.927835051546,7672.63116494845,0.0,0.0,-5.20822178292619e-14,0.0,-2.1120005212179298e-30,0.0,19177.2669165026,810.927835051546
5434,839.484536082474,2851.8097628866,0.0,3810.55670103093,4.64584828110782e-14,0.0,-3.65546150475917e-31,0.0,21528.5840660026,839.484536082474
5435,854.845360824742,3657.56993814433,0.0,3810.55670103093,1.04641873119876e-14,0.0,5.15570500989652e-31,0.0,24544.2504800026,854.845360824742
5436,861.134020618557,6682.71697938144,0.0,0.0,5.36305332520384e-14,0.0,1.62881256429259e-30,0.0,30054.1506295026,861.134020618557
5437,876.907216494845,2978.52308247423,0.0,3810.55670103093,-3.83481293100884e-14,0.0,-6.108562645702371e-31,0.0,32509.9429110026,876.907216494845
5438,898.041237113402,5842.4967628866,0.0,0.0,3.78276889139486e-14,0.0,1.84055478885783e-30,0.0,37327.0814920026,898.041237113402
5439,931.030927835052,5714.62907216495,0.0,0.0,4.27413510820986e-14,0.0,5.23996885485428e-31,0.0,42038.7931620026,931.030927835052
5440,957.216494845361,3615.28150515464,0.0,0.0,-5.2826273486298703e-14,0.0,2.12128310965319e-30,0.0,45019.5927630026,957.216494845361
5441,983.917525773196,1237.1894742268,0.0,0.0,3.5239751321374e-14,0.0,-1.1238484281739198e-30,0.0,46039.6554845026,983.917525773196
5442,478.9932,0.0,0.0,0.0,807.189686139748,0.0,1.06424907751186e-14,0.0,45115.0395782715,1286.182886139748
5443,45.89193,0.0,0.0,0.0,1477.76039851088,0.0,4.21664551899227e-15,0.0,43422.3014356474,1523.65232851088
5444,0.0,0.0,0.0,0.0,1613.63115693013,0.0,3.7758794436551005e-15,0.0,41573.926685441,1613.63115693013
5445,0.0,0.0,0.0,0.0,1645.01718213058,0.0,-6.00603705753667e-14,0.0,39689.6000163338,1645.01718213058
5446,0.0,0.0,0.0,0.0,1682.70332187858,0.0,3.6185638169212404e-14,0.0,37762.104802269,1682.70332187858
5447,0.0,0.0,0.0,0.0,1660.13745704467,0.0,-1.7287260588281802e-14,0.0,35860.4582306257,1660.13745704467
5448,0.0,0.0,0.0,0.0,1607.21649484536,0.0,-5.33063078214629e-14,0.0,34019.4313178589,1607.21649484536
5449,0.0,0.0,0.0,0.0,1624.05498281787,0.0,7.20500100971199e-15,0.0,32159.1163318132,1624.05498281787
5450,0.0,0.0,0.0,0.0,1568.27033218786,0.0,7.3953768144342e-14,0.0,30362.7012892155,1568.27033218786
5451,0.0,0.0,0.0,0.0,1600.11454753723,0.0,8.17410397991431e-14,0.0,28529.8094821854,1600.11454753723
5452,0.0,0.0,0.0,0.0,1569.98854524628,0.0,-7.792879489221911e-14,0.0,26731.4262688449,1569.98854524628
5453,0.0,0.0,0.0,0.0,1812.60022909507,0.0,-4.04359208710491e-14,0.0,24655.1373466283,1812.60022909507
5454,624.1704,0.0,0.0,0.0,1270.73850171821,0.0,-5.43587601567484e-14,0.0,23199.5376883028,1894.90890171821
5455,1468.4754,0.0,0.0,0.0,630.445431844216,0.0,-4.07168602268296e-14,0.0,22477.3779725591,2098.920831844216
5456,354.6144,0.0,0.0,0.0,1868.64150286369,0.0,1.6961794640593e-14,0.0,20336.8951514094,2223.25590286369
5457,2016.80412371134,0.0,0.0,46.1770762886595,-4.26242991913102e-14,0.0,2.2782449757863696e-30,0.0,20336.8951514094,2016.80412371134
5458,2096.39175257732,0.0,0.0,1558.93124742268,1.68165598618085e-13,0.0,1.03456546001519e-29,0.0,20336.8951514094,2096.39175257732
5459,2099.48453608247,0.0,0.0,3770.39346391753,-2.3804347971463e-13,0.0,-1.7184566677401798e-29,0.0,20336.8951514094,2099.4845360824697
5460,2113.29896907217,3.05832989690634,0.0,3810.55670103093,-7.09332360473632e-14,0.0,-1.1609882466434898e-30,0.0,20339.4167444094,2113.29896907217
5461,1998.24742268041,0.0,0.0,2829.16957731959,-8.48628305920113e-14,0.0,1.9823332181846298e-30,0.0,20339.4167444094,1998.24742268041
5462,2045.9793814433,0.0,-2.27373675443232e-13,2515.1366185567,-3.39202954198344e-14,0.0,-6.597888367314691e-31,0.0,20339.4167444094,2045.9793814433
5463,1980.92783505155,0.0,0.0,261.494164948454,-3.85102818398007e-14,0.0,-1.0402846377656498e-30,0.0,20339.4167444094,1980.92783505155
5464,1936.80412371134,0.0,0.0,472.189876288659,5.91143514043513e-14,0.0,3.9672711743858996e-30,0.0,20339.4167444094,1936.80412371134
5465,1285.7565,0.0,0.0,0.0,732.893694158076,0.0,-5.746703212569181e-15,0.0,19499.9050672524,2018.650194158076
5466,697.2483,0.0,0.0,0.0,1386.67714662085,0.0,-6.8022605953962e-14,0.0,17911.5005464954,2083.92544662085
5467,0.0,0.0,0.0,0.0,2142.72623138603,0.0,-1.8627814627445699e-13,0.0,15457.0604189055,2142.72623138603
5468,0.0,0.0,0.0,0.0,2037.45704467354,0.0,7.84251899771134e-14,0.0,13123.2035521546,2037.45704467354
5469,0.0,0.0,0.0,0.0,2001.03092783505,0.0,-4.2829684815908105e-14,0.0,10831.0719051499,2001.03092783505
5470,0.0,0.0,0.0,0.0,2030.12600229095,0.0,-3.52746702917789e-14,0.0,8505.6125669014,2030.12600229095
5471,0.0,0.0,0.0,0.0,2187.39977090493,0.0,4.7541348228650105e-14,0.0,6000.0,2187.39977090493
5472,0.0,0.0,0.0,0.0,2167.92668957617,0.0,-5.84493756690986e-14,0.0,9516.69336818308,2167.92668957617
5473,0.0,0.0,0.0,0.0,2188.54524627721,0.0,1.54409010459981e-13,0.0,7009.76868745317,2188.54524627721
5474,0.0,0.0,0.0,0.0,881.528064146621,0.0,1091.426,0.0,6000.0,1972.954064146621
5475,0.0,0.0,0.0,0.0,0.0,0.0,1884.6,0.0,6000.0,1884.6
5476,0.0,0.0,0.0,0.0,0.0,0.0,1822.6,0.0,6000.0,1822.6
5477,302.8893,0.0,0.0,0.0,0.0,0.0,1710.497379,0.0,6000.0,2013.386679
5478,2055.2952,0.0,0.0,0.0,0.0,0.0,80.4636559999999,0.0,6000.0,2135.758856
5479,2240.20618556701,397.85581443299,0.0,0.0,-9.76061734477553e-15,0.0,-6.27916680018224e-31,0.0,6328.032119,2240.20618556701
5480,2371.13402061856,1648.05597938144,0.0,0.0,-1.04735850265168e-13,0.0,3.53737522869424e-30,0.0,7686.854274,2371.13402061856
5481,2522.57731958763,5568.19768041237,0.0,0.0,-5.3232389007026905e-14,0.0,1.0540217597115499e-30,0.0,12277.8332615,2522.57731958763
5482,2538.76288659794,6348.50011340206,0.0,0.0,-6.31564175039963e-14,0.0,-9.83090773549239e-31,0.0,17512.171605,2538.76288659794
5483,2452.98969072165,6859.62830927835,0.0,0.0,-1.95999825028162e-13,0.0,-9.68827874752681e-30,0.0,23167.935146,2452.98969072165
5484,2626.28865979381,6909.43334020619,0.0,0.0,-2.9230877823822e-14,0.0,-1.5286720843177498e-30,0.0,28864.762935,2626.28865979381
5485,2448.35051546392,4403.99148453608,0.0,0.0,-2.22186514609831e-13,0.0,1.0889183853431699e-29,0.0,32495.853914,2448.35051546392
5486,2633.60824742268,5705.02975257732,0.0,0.0,-1.12351774901305e-13,0.0,-1.32291477279941e-30,0.0,37199.650945,2633.60824742268
5487,2435.46391752577,3097.34308247423,0.0,0.0,-1.2360847483587e-13,0.0,1.2445530804076698e-30,0.0,39753.4103165,2435.46391752577
5488,2372.57731958763,1256.09668041237,0.0,0.0,-4.21835715523381e-14,0.0,-2.1259714294119597e-30,0.0,40789.0620295,2372.57731958763
5489,1441.3329,0.0,0.0,0.0,994.738931271478,0.0,-4.02971186530161e-14,0.0,39649.6130818809,2436.071831271478
5490,186.55896,0.0,0.0,0.0,2415.96541672394,0.0,7.15942246229487e-14,0.0,36882.1841967447,2602.52437672394
5491,0.0,0.0,0.0,0.0,2536.99885452463,0.0,7.68984672299067e-15,0.0,33976.1144893854,2536.99885452463
5492,0.0,0.0,0.0,0.0,2391.75257731959,0.0,7.7917676892482e-14,0.0,31236.4208154798,2391.75257731959
5493,0.0,0.0,0.0,0.0,2412.37113402062,0.0,-1.06218374302322e-13,0.0,28473.1090926612,2412.37113402062
5494,0.0,0.0,0.0,0.0,2477.09049255441,0.0,3.25945323932231e-14,0.0,25635.6629385325,2477.09049255441
5495,0.0,0.0,0.0,0.0,2477.89232531501,0.0,-3.51613985477517e-14,0.0,22797.2983047238,2477.89232531501
5496,0.0,0.0,0.0,0.0,2283.96334478809,0.0,1.94141526578996e-13,0.0,20181.0745420799,2283.96334478809
5497,0.0,0.0,0.0,0.0,2384.53608247423,0.0,1.17467877349629e-13,0.0,17449.6471852938,2384.53608247423
5498,0.0,0.0,0.0,0.0,2258.07560137457,0.0,2.1921586348387e-15,0.0,14863.0771951741,2258.07560137457
5499,0.0,0.0,0.0,0.0,594.314088198967,0.0,1466.5638010023,0.0,14182.3050437434,2060.877889201267
5500,0.0,0.0,0.0,0.0,0.0,0.0,1936.2,0.0,14182.3050437434,1936.2
5501,0.0,0.0,0.0,0.0,0.0,0.0,2140.3,0.0,14182.3050437434,2140.3
5502,0.0,0.0,0.0,0.0,2492.66895761741,0.0,-1.09258968170392e-13,0.0,11327.0141415471,2492.66895761741
5503,119.20398,0.0,0.0,0.0,2426.54311500573,0.0,-1.67584092176643e-13,0.0,8547.46876353362,2545.7470950057304
5504,1391.8401,0.0,0.0,0.0,1096.58087399771,0.0,-8.28624620048442e-14,0.0,7291.36237865652,2488.4209739977096
5505,2389.69072164948,5477.53927835051,0.0,0.0,-6.24973188644673e-14,0.0,-1.6761175757675597e-30,0.0,11807.5935136565,2389.69072164948
5506,2409.48453608247,2207.00846391752,0.0,0.0,-1.76491596104254e-13,0.0,8.54697363360595e-30,0.0,13627.2719921565,2409.48453608247
5507,2540.41237113402,72.8066288659797,0.0,0.0,2.18180948562153e-13,0.0,5.31005926878433e-30,0.0,13687.3010576565,2540.41237113402
5508,2582.78350515464,3235.18249484536,0.0,0.0,-9.72264889991405e-15,0.0,1.78366610624361e-31,0.0,16354.7090246565,2582.78350515464
5509,2370.92783505155,4271.62416494845,0.0,0.0,1.66126839968313e-13,0.0,4.8389393624586894e-30,0.0,19876.6631486565,2370.92783505155
5510,2416.18556701031,1539.05943298969,0.0,0.0,6.33277999319069e-14,0.0,4.9087670742769696e-30,0.0,21145.6176511565,2416.18556701031
5511,2329.38144329897,1602.95255670103,0.0,0.0,-1.99772545916746e-13,0.0,-4.0151819284891095e-30,0.0,22467.2520341565,2329.38144329897
5512,2301.54639175258,1261.10360824742,0.0,0.0,2.42144491300496e-13,0.0,-1.04750781305305e-29,0.0,23507.0319591565,2301.5463917525803
5513,1897.2198,0.0,0.0,0.0,403.203658648339,0.0,1.13459529036823e-14,0.0,23045.1720981619,2300.423458648339
5514,313.0722,0.0,0.0,0.0,2154.66204581901,0.0,1.2842822280457799e-13,0.0,20577.0597890908,2467.73424581901
5515,0.0,0.0,0.0,0.0,2591.98167239404,0.0,1.78317772409987e-13,0.0,17608.0086179636,2591.98167239404
5516,0.0,0.0,0.0,0.0,2510.76746849943,0.0,1.53617150055573e-13,0.0,14731.986317277,2510.76746849943
5517,0.0,0.0,0.0,0.0,2594.95990836197,0.0,-1.68194418555668e-13,0.0,11759.5236501957,2594.95990836197
5518,0.0,0.0,0.0,0.0,2520.84765177549,0.0,1.12991352306144e-14,0.0,8871.95474781828,2520.84765177549
5519,0.0,0.0,0.0,0.0,2507.21649484536,0.0,2.26436052039342e-14,0.0,6000.0,2507.21649484536
5520,0.0,0.0,0.0,0.0,2344.44444444444,0.0,1.37860291084103e-13,0.0,9314.4966272114,2344.44444444444
5521,0.0,0.0,0.0,0.0,2372.05040091638,0.0,-4.94465794515328e-14,0.0,6597.37131115599,2372.05040091638
5522,0.0,0.0,0.0,0.0,521.505154639176,0.0,1638.726,0.0,6000.0,2160.231154639176
5523,0.0,0.0,0.0,0.0,0.0,0.0,1954.9,0.0,6000.0,1954.9
5524,0.0,0.0,0.0,0.0,0.0,0.0,2077.8,0.0,6000.0,2077.8
5525,0.0,0.0,0.0,0.0,0.0,0.0,2213.2,0.0,6000.0,2213.2
5526,145.02768,0.0,0.0,0.0,0.0,0.0,2174.3231504,0.0,6000.0,2319.3508304
5527,2485.67010309278,329.106896907217,0.0,0.0,9.67026922763831e-14,0.0,1.4087123882001198e-30,0.0,6271.3486365,2485.67010309278
5528,2539.38144329897,4062.76655670103,0.0,0.0,1.19178123700653e-13,0.0,5.10895137475459e-30,0.0,9621.0996625,2539.38144329897
5529,2579.997,0.0,0.0,0.0,14.0926804123715,0.0,-3.1425052708945004e-16,0.0,9604.95684415822,2594.0896804123718
5530,2506.18556701031,3025.69743298969,0.0,0.0,-2.46466391131882e-13,0.0,-1.98753449642151e-29,0.0,12099.6443776582,2506.1855670103096
5531,2667.42268041237,7449.51631958763,0.0,0.0,-1.0090166664539999e-13,0.0,5.4500740540047e-30,0.0,18241.7705831582,2667.42268041237
5532,2645.56701030928,4890.95498969072,0.0,0.0,-2.16167152591599e-13,0.0,5.825923045940039e-30,0.0,22274.3629721582,2645.56701030928
5533,2512.57731958763,1980.51968041237,0.0,0.0,1.54823151461101e-13,0.0,7.62089391341349e-30,0.0,23907.3014486582,2512.57731958763
5534,2581.34020618557,4035.02479381443,0.0,0.0,-8.7901984344238e-14,0.0,3.2348213928763404e-31,0.0,27234.1793911582,2581.34020618557
5535,2540.20618556701,2171.64781443299,0.0,0.0,-6.04138791165988e-16,0.0,-1.79350679227338e-32,0.0,29024.7030141582,2540.20618556701
5536,2362.0618556701,2036.9551443299,0.0,0.0,9.29299713877996e-14,0.0,-3.93699991688927e-30,0.0,30704.1725306582,2362.0618556701
5537,1201.6347,0.0,0.0,0.0,1253.28103207331,0.0,-1.2780388246239301e-14,0.0,29268.5699738732,2454.91573207331
5538,0.0,0.0,0.0,0.0,0.0,0.0,2321.6,0.0,29268.5699738732,2321.6
5539,0.0,0.0,0.0,0.0,0.0,0.0,2271.8,0.0,29268.5699738732,2271.8
5540,0.0,0.0,0.0,0.0,0.0,0.0,2220.9,0.0,29268.5699738732,2220.9
5541,0.0,0.0,0.0,0.0,2617.29667812142,0.0,6.24021664175015e-14,0.0,26270.5210871362,2617.29667812142
5542,0.0,0.0,0.0,0.0,2636.99885452463,0.0,1.89766422761516e-13,0.0,23249.903842549,2636.99885452463
5543,0.0,0.0,0.0,0.0,83.2291175464174,0.0,2193.44098038198,0.0,23154.566938143,2276.6700979283974
5544,0.0,0.0,0.0,0.0,2473.42497136312,0.0,-1.93876159621874e-13,0.0,20321.3195482654,2473.42497136312
5545,0.0,0.0,0.0,0.0,2494.50171821306,0.0,6.17292913997379e-14,0.0,17463.9292639435,2494.50171821306
5546,0.0,0.0,0.0,0.0,2590.83619702176,0.0,-4.04177381394146e-14,0.0,14496.1902066448,2590.83619702176
5547,0.0,0.0,0.0,0.0,2376.86139747995,0.0,5.65180993516633e-14,0.0,11773.5540125097,2376.86139747995
5548,0.0,0.0,0.0,0.0,2241.46620847652,0.0,1.90428057693162e-13,0.0,9206.00967290314,2241.46620847652
5549,246.1053,0.0,0.0,0.0,2273.3996093929,0.0,6.312105699267251e-15,0.0,6601.88640899375,2519.5049093929
5550,1894.9329,0.0,0.0,0.0,525.446835051547,0.0,-4.11307488778129e-14,0.0,6000.0,2420.379735051547
5551,2438.86597938144,5.999535510055121e-14,-5.999535510055121e-14,2009.62702061856,4.31839666547931e-14,0.0,-1.72189272938423e-30,0.0,6000.0,2438.86597938144
5552,2552.26804123711,339.556257731958,0.0,3810.55670103093,2.06000839266923e-14,0.0,9.800707426197291e-31,0.0,6279.9641345,2552.26804123711
5553,2570.92783505155,2045.47946391752,0.0,3810.55670103093,1.72231159004053e-13,0.0,1.74482628837781e-30,0.0,7966.4619525,2570.92783505155
5554,2560.1030927835,3188.41420618557,0.0,3810.55670103093,-2.08329290857875e-14,0.0,1.2819687174632499e-30,0.0,10595.3094655,2560.1030927835
5555,2431.75257731959,507.657721649483,0.0,3810.55670103093,-1.28930769769712e-13,0.0,7.79842151683945e-30,0.0,11013.873257,2431.75257731959
5556,2467.9381443299,3889.85215463917,0.0,3810.55670103093,-4.96910448846435e-14,0.0,3.85047515694826e-31,0.0,14221.0563585,2467.9381443299
5557,2478.0412371134,3288.72506185567,0.0,3810.55670103093,-1.32726984944618e-13,0.0,8.06935712268747e-30,0.0,16932.610172,2478.0412371134
5558,2491.54639175258,5404.80840698991,0.0,442.598201257513,-6.45975402454235e-14,0.0,-3.74981933368181e-30,0.0,21388.8747035632,2491.54639175258
5559,2472.26804123711,2787.01395876289,0.0,0.0,1.22338734522354e-13,0.0,-8.56053398125138e-32,0.0,23686.7677125632,2472.26804123711
5560,2516.28865979381,147.267340206186,0.0,0.0,1.60145446394942e-13,0.0,1.0670254769817099e-30,0.0,23808.1896345632,2516.28865979381
5561,1436.3958,0.0,0.0,0.0,1076.39871019473,0.0,-1.1502978640374701e-14,0.0,22575.2014212817,2512.79451019473
5562,347.4828,0.0,0.0,0.0,2291.80032531501,0.0,1.40040513097466e-13,0.0,19950.0005904512,2639.28312531501
5563,0.0,0.0,0.0,0.0,2477.43413516609,0.0,-7.790846344028411e-14,0.0,17112.1608021739,2477.43413516609
5564,0.0,0.0,0.0,0.0,2522.10767468499,0.0,4.4043182744752905e-14,0.0,14223.1485745851,2522.10767468499
5565,0.0,0.0,0.0,0.0,2472.16494845361,0.0,1.70374230187871e-13,0.0,11391.3445099189,2472.16494845361
5566,0.0,0.0,0.0,0.0,2293.47079037801,0.0,-2.86677867393727e-14,0.0,8764.23020249853,2293.47079037801
5567,0.0,0.0,0.0,0.0,2413.17296678121,0.0,-1.73974305243296e-13,0.0,6000.0,2413.17296678121
5568,0.0,0.0,0.0,0.0,0.0,0.0,2048.7,0.0,12000.0,2048.7
5569,0.0,0.0,0.0,0.0,0.0,0.0,2043.8,0.0,12000.0,2043.8
5570,0.0,0.0,0.0,0.0,0.0,0.0,2028.9,0.0,12000.0,2028.9
5571,0.0,0.0,0.0,0.0,0.0,0.0,2003.9,0.0,12000.0,2003.9
5572,0.0,0.0,0.0,0.0,0.0,0.0,1995.2,0.0,12000.0,1995.2
5573,232.8606,0.0,0.0,0.0,0.0,0.0,1864.125218,0.0,12000.0,2096.985818
5574,1860.1401,0.0,0.0,0.0,0.0,0.0,388.864103,0.0,12000.0,2249.004203
5575,1317.7269,0.0,0.0,0.0,0.0,0.0,861.904907,0.0,12000.0,2179.631807
5576,2249.69072164948,118.794278350516,0.0,0.0,0.0,0.0,2.00915481273864e-13,0.0,12097.9458825,2249.69072164948
5577,2319.07216494845,5726.86783505155,0.0,0.0,1.69753141108204e-13,0.0,6.29708289789175e-31,0.0,16819.7484125,2319.07216494845
5578,2351.44329896907,6542.70770103093,0.0,0.0,1.34278027382772e-13,0.0,2.0560612179517697e-30,0.0,22214.210912,2351.44329896907
5579,2391.54639175258,6839.84360824742,0.0,0.0,-6.76496997632933e-14,0.0,-2.2027627966413698e-30,0.0,27853.661967,2391.54639175258
5580,2425.67010309278,6891.73589690722,0.0,0.0,-2.02042681332717e-13,0.0,-1.0027179153224899e-29,0.0,33535.898214,2425.67010309278
5581,2424.84536082474,6457.20963917526,0.0,0.0,-9.7887475572392e-14,0.0,1.7193830858057797e-30,0.0,38859.8675615,2424.84536082474
5582,2379.58762886598,53.6193711340206,0.0,0.0,2.05386211955077e-14,0.0,-1.0963203396648799e-30,0.0,38904.076733,2379.58762886598
5583,2370.92783505155,402.752164948454,0.0,0.0,1.66126839968313e-13,0.0,4.8389393624586894e-30,0.0,39236.145893,2370.92783505155
5584,2403.71134020619,1962.44065979381,0.0,0.0,7.85741233627178e-14,0.0,3.9201117110596703e-31,0.0,40854.178217,2403.71134020619
5585,1897.623,0.0,0.0,0.0,471.713276059565,0.0,2.4863902511277403e-15,0.0,40313.8422764965,2369.336276059565
5586,283.2186,0.0,0.0,0.0,2294.36192210767,0.0,-4.09443822453645e-14,0.0,37685.7071996263,2577.5805221076703
5587,0.0,0.0,0.0,0.0,2651.43184421535,0.0,-1.7082258835149997e-13,0.0,34648.5573208,2651.43184421535
5588,0.0,0.0,0.0,0.0,1448.36377840095,0.0,996.678421455972,0.0,32989.4922825401,2445.042199856922
5589,0.0,0.0,0.0,0.0,0.0,0.0,2228.0,0.0,32989.4922825401,2228.0
5590,0.0,0.0,0.0,0.0,2451.20274914089,0.0,6.80188398922981e-14,0.0,30181.6999009354,2451.20274914089
5591,0.0,0.0,0.0,0.0,2493.0126002291,0.0,-1.6200905044131799e-13,0.0,27326.0153645905,2493.0126002291
5592,0.0,0.0,0.0,0.0,2481.09965635739,0.0,-1.90679295186489e-13,0.0,24483.976812062,2481.09965635739
5593,0.0,0.0,0.0,0.0,2394.73081328751,0.0,7.06470096881296e-14,0.0,21740.8716422023,2394.73081328751
5594,0.0,0.0,0.0,0.0,2358.64833906071,0.0,9.513927128612341e-14,0.0,19039.0980579403,2358.64833906071
5595,0.0,0.0,0.0,0.0,2255.21191294387,0.0,-6.46607888780013e-14,0.0,16455.8083523917,2255.21191294387
5596,0.0,0.0,0.0,0.0,2219.12943871707,0.0,1.29452234600644e-13,0.0,13913.8502324409,2219.12943871707
5597,222.7491,0.0,0.0,0.0,2034.40248911798,0.0,-7.346585119961799e-14,0.0,11583.4922838522,2257.15158911798
5598,1791.7326,0.0,0.0,0.0,327.6281534937,0.0,1.10980170004881e-14,0.0,11208.2023027597,2119.3607534937
5599,2219.07216494845,2047.01483505155,0.0,0.0,1.66700981590334e-13,0.0,-8.84204429729748e-30,0.0,12895.9660342597,2219.07216494845
5600,2184.12371134021,4337.15328865979,0.0,0.0,-8.4398608666716e-14,0.0,2.9802780261759896e-30,0.0,16471.9489207597,2184.12371134021
5601,2241.64948453608,5992.07251546392,0.0,0.0,5.2791661368054805e-14,0.0,-2.1592099165767598e-30,0.0,21412.4127097597,2241.64948453608
5602,2274.12371134021,7113.48528865979,0.0,0.0,1.26709091319282e-13,0.0,8.000093642837489e-30,0.0,27277.4813302597,2274.12371134021
5603,2269.48453608247,476.307463917526,0.0,0.0,1.16149458469106e-13,0.0,1.0393600008576199e-30,0.0,27670.1968342597,2269.48453608247
5604,1024.3611,0.0,0.0,0.0,1533.41321076747,0.0,9.89029537570607e-14,0.0,25913.7097657976,2557.77431076747
5605,250.5447,0.0,0.0,0.0,2387.82547651775,0.0,1.92482926957598e-14,0.0,23178.5144891449,2638.3701765177498
5606,2353.71134020619,1721.56965979381,0.0,0.0,7.70480436037829e-14,0.0,-4.343865122437359e-30,0.0,24597.9486736449,2353.71134020619
5607,2367.42268041237,392.838319587629,0.0,0.0,-1.1005814519900999e-13,0.0,-9.275654590010661e-31,0.0,24921.8438681449,2367.42268041237
5608,2452.37113402062,526.226865979381,0.0,0.0,1.42567524816975e-13,0.0,3.0047976351958896e-30,0.0,25355.7179191449,2452.37113402062
5609,1862.4039,0.0,0.0,0.0,497.214452462772,0.0,1.1285575944808801e-14,0.0,24786.1710091074,2359.618352462772
5610,293.1075,0.0,0.0,0.0,2353.59189576174,0.0,-1.90112958340163e-14,0.0,22090.1894561157,2646.69939576174
5611,0.0,0.0,0.0,0.0,2759.90836197022,0.0,-5.33050788185637e-14,0.0,18928.7823977306,2759.90836197022
5612,0.0,0.0,0.0,0.0,2894.61626575029,0.0,-2.3961959055629e-14,0.0,15613.070753114,2894.61626575029
5613,0.0,0.0,0.0,0.0,2818.21305841924,0.0,5.730209739315351e-14,0.0,12384.8771008583,2818.21305841924
5614,0.0,0.0,0.0,0.0,2715.578465063,0.0,1.68987630049356e-13,0.0,9274.24884763603,2715.578465063
5615,0.0,0.0,0.0,0.0,2858.41924398625,0.0,-9.49668446210938e-14,0.0,6000.0,2858.41924398625
5616,0.0,0.0,0.0,0.0,0.0,0.0,2367.3,0.0,12000.0,2367.3
5617,0.0,0.0,0.0,0.0,0.0,0.0,2382.9,0.0,12000.0,2382.9
5618,0.0,0.0,0.0,0.0,0.0,0.0,2303.3,0.0,12000.0,2303.3
5619,0.0,0.0,0.0,0.0,0.0,0.0,2434.5,0.0,12000.0,2434.5
5620,0.0,0.0,0.0,0.0,0.0,0.0,2325.1,0.0,12000.0,2325.1
5621,133.56189,0.0,0.0,0.0,0.0,0.0,2343.2449667,0.0,12000.0,2476.8068567
5622,1084.7697,0.0,0.0,0.0,0.0,0.0,1489.473391,0.0,12000.0,2574.2430910000003
5623,2700.51546391753,1746.88553608247,0.0,0.0,1.39723247778982e-13,0.0,1.06737840702163e-29,0.0,13440.3071245,2700.51546391753
5624,2684.12371134021,328.494288659793,0.0,0.0,-5.35107543458732e-14,0.0,7.63226470416702e-31,0.0,13711.1506655,2684.12371134021
5625,2678.14432989691,2246.06167010309,0.0,0.0,-3.28571789637131e-14,0.0,2.6805589883517597e-30,0.0,15563.0285125,2678.14432989691
5626,2704.32989690722,6903.52710309278,0.0,0.0,-2.35209691197317e-13,0.0,-1.14240036932951e-29,0.0,21254.986609,2704.32989690722
5627,2739.48453608247,2572.71746391753,0.0,0.0,2.34674986413052e-13,0.0,-1.67992338783924e-29,0.0,23376.192158,2739.48453608247
5628,2652.47422680412,3764.49577319588,0.0,0.0,-2.47210446788919e-13,0.0,-1.01326567712805e-29,0.0,26480.018923,2652.47422680412
5629,2646.0824742268,2364.7485257732,0.0,0.0,-1.58852211795103e-13,0.0,3.17618799561283e-30,0.0,28429.7540825,2646.0824742268
5630,2728.14432989691,666.232670103092,0.0,0.0,-1.57040424732845e-14,0.0,-8.38844993820851e-31,0.0,28979.062919,2728.14432989691
5631,2633.71134020619,1826.68865979381,0.0,0.0,-1.8586287956139e-14,0.0,-8.62897552022454e-31,0.0,30485.167719,2633.71134020619
5632,2629.69072164948,1668.69427835052,0.0,0.0,1.53188620398335e-13,0.0,6.53251779739682e-30,0.0,31861.0061515,2629.69072164948
5633,1809.3873,0.0,0.0,0.0,811.219151202749,0.0,-2.7435442093799e-14,0.0,30931.7745922758,2620.606451202749
5634,266.6958,0.0,0.0,0.0,2520.28072623139,0.0,4.99516529938962e-14,0.0,28044.855089147,2786.97652623139
5635,0.0,0.0,0.0,0.0,2880.06872852234,0.0,-9.81116188673739e-14,0.0,24745.8072901524,2880.06872852234
5636,0.0,0.0,0.0,0.0,0.0,0.0,2544.0,0.0,24745.8072901524,2544.0
5637,0.0,0.0,0.0,0.0,0.0,0.0,2467.4,0.0,24745.8072901524,2467.4
5638,0.0,0.0,0.0,0.0,2886.94158075601,0.0,-2.7158823491014e-14,0.0,21438.8868081867,2886.94158075601
5639,0.0,0.0,0.0,0.0,2820.16036655212,0.0,-1.30959846759722e-13,0.0,18208.4625624226,2820.16036655212
5640,0.0,0.0,0.0,0.0,2780.7560137457,0.0,-4.64468356864499e-14,0.0,15023.1750323587,2780.7560137457
5641,0.0,0.0,0.0,0.0,2861.39747995418,0.0,-1.02237511825446e-13,0.0,11745.5146887686,2861.39747995418
5642,0.0,0.0,0.0,0.0,2281.0291071438,0.0,520.461589463459,0.0,9132.65202308271,2801.490696607259
5643,0.0,0.0,0.0,0.0,0.0,0.0,2645.0,0.0,9132.65202308271,2645.0
5644,0.0,0.0,0.0,0.0,0.0,0.0,2513.1,0.0,9132.65202308271,2513.1
5645,179.60439,0.0,0.0,0.0,2349.12226998855,0.0,9.73960863426067e-14,0.0,6441.79031633752,2528.72665998855
5646,1790.7204,0.0,0.0,0.0,385.682946162658,0.0,-1.10814771649312e-14,0.0,6000.0,2176.4033461626577
5647,2126.59793814433,-2.86142140323155e-13,-1.68605210563309e-13,2182.20306185567,-2.05961821969993e-13,0.0,-2.89021658781897e-30,0.0,6000.0,2126.59793814433
5648,2218.14432989691,513.365969072164,0.0,3810.55670103093,1.77090700405494e-13,0.0,-5.81960612213911e-30,0.0,6423.2702415,2218.14432989691
5649,2211.34020618557,0.0,0.0,3358.13279381443,-1.8774829603882e-13,0.0,9.56323626859292e-32,0.0,6423.2702415,2211.34020618557
5650,2319.17525773196,2932.83904123711,0.0,3810.55670103093,-2.2612914953342998e-13,0.0,-9.41363304260631e-30,0.0,8841.396031,2319.17525773196
5651,2395.87628865979,5250.54833303178,0.0,1751.72637830842,1.20007136375198e-13,0.0,-2.66458908476933e-30,0.0,13170.4731315847,2395.87628865979
5652,2615.05154639175,4715.83845360825,0.0,0.0,-1.70217363033499e-13,0.0,9.39115602634656e-30,0.0,17058.6819365847,2615.05154639175
5653,2644.74226804124,6100.72873195876,0.0,0.0,-9.63848900997801e-14,0.0,1.0530981661594198e-30,0.0,22088.7327760847,2644.74226804124
5654,2958.76288659794,4701.15511340206,0.0,0.0,5.3843030681014505e-14,0.0,-1.5199426980883699e-30,0.0,25964.8351670847,2958.76288659794
5655,2997.42268041237,3065.73931958763,0.0,0.0,-1.95009918446387e-13,0.0,1.09122156369312e-29,0.0,28492.5372360847,2997.42268041237
5656,2813.349,0.0,0.0,0.0,164.663768613975,0.0,3.6706226705218704e-17,0.0,28303.9189444307,2978.012768613976
5657,1329.5331,0.0,0.0,0.0,1668.67456242841,0.0,6.162656973605681e-14,0.0,26392.4933288197,2998.20766242841
5658,129.78294,0.0,0.0,0.0,2921.6615672394,0.0,1.9287081384859e-14,0.0,23045.8019574114,3051.4445072394
5659,0.0,0.0,0.0,0.0,3125.54410080183,0.0,-1.3451010243272499e-13,0.0,19465.5681649694,3125.54410080183
5660,0.0,0.0,0.0,0.0,3021.3058419244,0.0,5.49343785428469e-14,0.0,16004.7367309209,3021.3058419244
5661,0.0,0.0,0.0,0.0,2814.31844215349,0.0,-2.09213651875588e-14,0.0,12781.0042656821,2814.31844215349
5662,0.0,0.0,0.0,0.0,2949.36998854525,0.0,-4.43283276955504e-14,0.0,9402.57358006322,2949.36998854525
5663,0.0,0.0,0.0,0.0,2970.44673539519,0.0,1.53524209763481e-13,0.0,6000.0,2970.44673539519
5664,0.0,0.0,0.0,0.0,0.0,0.0,2443.7,0.0,12000.0,2443.7
5665,0.0,0.0,0.0,0.0,0.0,0.0,2578.8,0.0,12000.0,2578.8
5666,0.0,0.0,0.0,0.0,0.0,0.0,2496.1,0.0,12000.0,2496.1
5667,0.0,0.0,0.0,0.0,0.0,0.0,2472.3,0.0,12000.0,2472.3
5668,0.0,0.0,0.0,0.0,0.0,0.0,2387.1,0.0,12000.0,2387.1
5669,84.19845,0.0,0.0,0.0,0.0,0.0,2489.8275035,0.0,12000.0,2574.0259535
5670,1577.2113,0.0,0.0,0.0,0.0,0.0,1063.105039,0.0,12000.0,2640.316339
5671,865.1769,0.0,0.0,0.0,1963.09095876289,0.0,-3.28926380199539e-14,0.0,9751.32765319257,2828.2678587628902
5672,1128.8046,0.0,0.0,0.0,1759.8620137457,0.0,3.47310838111271e-14,0.0,7735.44905783666,2888.6666137457
5673,2711.54639175258,5178.34260824742,0.0,0.0,4.62975889038476e-14,0.0,-1.19255818414006e-30,0.0,12004.9925383367,2711.54639175258
5674,977.2644,0.0,0.0,0.0,2023.3144696449,0.0,-7.93972630403685e-14,0.0,9687.33564298168,3000.5788696449
5675,1870.239,0.0,0.0,0.0,1041.20065292096,0.0,2.79975165769758e-14,0.0,8494.66593745939,2911.43965292096
5676,2059.1067,0.0,0.0,0.0,856.445210165528,0.0,8.88983252549405,0.0,7513.62904150804,2924.441742691022
5677,2787.11340206186,5862.80759793814,0.0,0.0,1.6841144954282299e-13,0.0,-3.38639931896386e-30,0.0,12347.513906008,2787.11340206186
5678,2949.38144329897,219.32955670103,0.0,0.0,0.0,0.0,-6.69318438016039e-14,0.0,12528.351125508,2949.38144329897
5679,2854.94845360825,3036.81154639175,0.0,0.0,0.0,0.0,-6.94480441081358e-14,0.0,15032.202245508,2854.94845360825
5680,1926.7941,0.0,0.0,0.0,1016.6205303551,0.0,2.86359745344724e-14,0.0,13867.6884650326,2943.4146303551
5681,740.4789,0.0,0.0,0.0,0.0,0.0,1978.135467,0.0,13867.6884650326,2718.614367
5682,25.25901,0.0,0.0,0.0,0.0,0.0,2568.8987603,0.0,13867.6884650326,2594.1577703000003
5683,0.0,0.0,0.0,0.0,0.0,0.0,2699.3,0.0,13867.6884650326,2699.3
5684,0.0,0.0,0.0,0.0,0.0,0.0,2697.9,0.0,13867.6884650326,2697.9
5685,0.0,0.0,0.0,0.0,0.0,0.0,2502.4,0.0,13867.6884650326,2502.4
5686,0.0,0.0,0.0,0.0,0.0,0.0,2529.5,0.0,13867.6884650326,2529.5
5687,0.0,0.0,0.0,0.0,0.0,0.0,2704.8,0.0,13867.6884650326,2704.8
5688,0.0,0.0,0.0,0.0,0.0,0.0,2641.7,0.0,13867.6884650326,2641.7
5689,0.0,0.0,0.0,0.0,0.0,0.0,2609.3,0.0,13867.6884650326,2609.3
5690,0.0,0.0,0.0,0.0,0.0,0.0,2544.3,0.0,13867.6884650326,2544.3
5691,0.0,0.0,0.0,0.0,0.0,0.0,2634.8,0.0,13867.6884650326,2634.8
5692,0.0,0.0,0.0,0.0,2875.14318442153,0.0,3.96680789272735e-14,0.0,10574.2827555004,2875.14318442153
5693,152.25861,0.0,0.0,0.0,2678.93373230241,0.0,-1.48945862341949e-13,0.0,7505.63014117924,2831.19234230241
5694,1558.7523,0.0,0.0,0.0,1241.8216139748,0.0,-9.73837515268364e-14,0.0,6083.15406560673,2800.5739139748
5695,2683.9175257732,1231.6584742268,0.0,0.0,2.17351935887608e-13,0.0,-8.95401851994594e-30,0.0,7098.65647760673,2683.9175257732
5696,2592.98969072165,3515.46930927835,0.0,0.0,1.66339547167703e-14,0.0,6.74131626780175e-32,0.0,9997.16092310673,2592.98969072165
5697,2680.1030927835,5106.9909072165,0.0,0.0,8.701004054561371e-14,0.0,-1.2311815801810201e-31,0.0,14207.8749261067,2680.1030927835
5698,2711.44329896907,6028.60970103093,0.0,0.0,-6.30949547728117e-14,0.0,-4.41610425332817e-30,0.0,19178.4636246067,2711.44329896907
5699,2703.60824742268,6486.41175257732,0.0,0.0,-2.1661941760331902e-14,0.0,7.91402333891849e-31,0.0,24526.5101146067,2703.60824742268
5700,2744.32989690722,1951.03910309278,0.0,0.0,-4.12551277017476e-14,0.0,-1.30081813429243e-31,0.0,26135.1418551067,2744.32989690722
5701,2647.01030927835,3019.18869072165,0.0,0.0,-1.53614873878769e-13,0.0,-5.3468281742297095e-30,0.0,28624.4629306067,2647.01030927835
5702,2744.43298969072,1202.91601030928,0.0,0.0,6.81374159749117e-14,0.0,-2.4159403063046796e-30,0.0,29616.2671811067,2744.43298969072
5703,2609.8969072165,1176.1510927835,0.0,0.0,-2.38091936680171e-13,0.0,5.080157434693909e-30,0.0,30586.0037571067,2609.8969072165
5704,1528.6593,0.0,0.0,0.0,1232.18840664376,0.0,8.65444398930104e-14,0.0,29174.562283288,2760.84770664376
5705,307.4505,0.0,0.0,0.0,2585.3070045819,0.0,1.92857831046535e-13,0.0,26213.1567797578,2892.7575045819
5706,81.92478,0.0,0.0,0.0,2834.28747239404,0.0,7.14278191658374e-14,0.0,22966.5502821701,2916.21225239404
5707,0.0,0.0,0.0,0.0,2963.23024054983,0.0,1.93074410220628e-13,0.0,19572.2430192264,2963.23024054983
5708,0.0,0.0,0.0,0.0,3050.4009163803,0.0,-1.36007825594965e-13,0.0,16078.083893934,3050.4009163803
5709,0.0,0.0,0.0,0.0,2936.65521191294,0.0,-6.29955550623277e-14,0.0,12714.2176718115,2936.65521191294
5710,0.0,0.0,0.0,0.0,3016.15120274914,0.0,5.9472695573158e-14,0.0,9259.29074999114,3016.15120274914
5711,0.0,0.0,0.0,0.0,2845.36082474227,0.0,-3.1310761543638905e-15,0.0,6000.0,2845.36082474227
5712,0.0,0.0,0.0,0.0,0.0,0.0,2486.5,0.0,12000.0,2486.5
5713,0.0,0.0,0.0,0.0,0.0,0.0,2520.8,0.0,12000.0,2520.8
5714,0.0,0.0,0.0,0.0,0.0,0.0,2443.3,0.0,12000.0,2443.3
5715,0.0,0.0,0.0,0.0,0.0,0.0,2390.7,0.0,12000.0,2390.7
5716,0.0,0.0,0.0,0.0,0.0,0.0,2105.9,0.0,12000.0,2105.9
5717,0.0,0.0,0.0,0.0,0.0,0.0,2289.1,0.0,12000.0,2289.1
5718,0.0,0.0,0.0,0.0,0.0,0.0,2560.7,0.0,12000.0,2560.7
5719,49.6398,0.0,0.0,0.0,0.0,0.0,2430.749394,0.0,12000.0,2480.389194
5720,808.3236,0.0,0.0,0.0,0.0,0.0,1825.426108,0.0,12000.0,2633.7497080000003
5721,325.5168,0.0,0.0,0.0,0.0,0.0,2228.048704,0.0,12000.0,2553.565504
5722,289.5732,0.0,0.0,0.0,0.0,0.0,2289.213996,0.0,12000.0,2578.787196
5723,1376.6676,0.0,0.0,0.0,0.0,0.0,1146.132428,0.0,12000.0,2522.800028
5724,2599.17525773196,1367.70374226804,0.0,0.0,0.0,0.0,1.60205411365374e-13,0.0,13127.6717355,2599.17525773196
5725,267.7395,0.0,0.0,0.0,0.0,0.0,2208.392685,0.0,13127.6717355,2476.132185
5726,2131.92,0.0,0.0,0.0,0.0,0.0,353.8376,0.0,13127.6717355,2485.7576
5727,2155.482,0.0,0.0,0.0,0.0,0.0,388.68246,0.0,13127.6717355,2544.16446
5728,468.0018,0.0,0.0,0.0,2380.7998327606,0.0,-1.77215042937532e-13,0.0,10400.5241607456,2848.8016327606
5729,172.89846,0.0,0.0,0.0,1211.76068511441,0.0,1324.32141569512,0.0,9012.48213885051,2708.9805608095303
5730,0.0,0.0,0.0,0.0,0.0,0.0,2499.1,0.0,9012.48213885051,2499.1
5731,0.0,0.0,0.0,0.0,0.0,0.0,2449.4,0.0,9012.48213885051,2449.4
5732,0.0,0.0,0.0,0.0,0.0,0.0,2420.2,0.0,9012.48213885051,2420.2
5733,0.0,0.0,0.0,0.0,0.0,0.0,2408.7,0.0,9012.48213885051,2408.7
5734,0.0,0.0,0.0,0.0,2629.8969072165,0.0,-7.21806669417608e-14,0.0,6000.0,2629.8969072165
5735,0.0,0.0,0.0,0.0,0.0,0.0,2267.3,0.0,6000.0,2267.3
5736,0.0,0.0,0.0,0.0,0.0,0.0,2248.7,0.0,6000.0,2248.7
5737,0.0,0.0,0.0,0.0,0.0,0.0,2297.6,0.0,6000.0,2297.6
5738,0.0,0.0,0.0,0.0,0.0,0.0,2370.1,0.0,6000.0,2370.1
5739,0.0,0.0,0.0,0.0,0.0,0.0,2247.1,0.0,6000.0,2247.1
5740,0.0,0.0,0.0,0.0,0.0,0.0,1888.6,0.0,6000.0,1888.6
5741,122.32038,0.0,0.0,0.0,0.0,0.0,1892.0492314,0.0,6000.0,2014.3696114
5742,1574.1936,0.0,0.0,0.0,0.0,0.0,653.632208,0.0,6000.0,2227.825808
5743,2109.07216494845,1870.21783505155,0.0,0.0,-1.49197528509195e-13,0.0,-8.494425013454519e-30,0.0,7541.994605,2109.07216494845
5744,2242.78350515464,3948.77249484536,0.0,0.0,-2.28460747680586e-13,0.0,1.00450014606911e-29,0.0,10797.757527,2242.7835051546394
5745,2294.43298969072,2815.77001030928,0.0,0.0,5.44026981444974e-14,0.0,-9.635904516862351e-31,0.0,13119.3599005,2294.43298969072
5746,2300.20618556701,2630.36111340206,0.0,3810.55670103093,-2.1629007805396799e-13,0.0,-9.34566824275627e-30,0.0,15288.0926385,2300.20618556701
5747,2302.0618556701,2995.35444329897,0.0,3810.55670103093,-2.05815402221301e-13,0.0,-4.35408233418716e-30,0.0,17757.762377,2302.0618556701
5748,2278.65979381443,4287.29088683265,0.0,2623.50231935292,2.78761804927977e-14,0.0,7.184720915021551e-31,0.0,21292.6337131935,2278.65979381443
5749,2387.01030927835,2671.53098969072,0.0,3810.55670103093,4.68102677946843e-14,0.0,-4.21719239990203e-31,0.0,23495.3110141935,2387.01030927835
5750,2365.67010309278,1716.81219587629,0.0,3810.55670103093,4.486779376475481e-15,0.0,6.79235500290791e-32,0.0,24910.8226696935,2365.67010309278
5751,2290.61855670103,124.400742268041,0.0,3810.55670103093,-6.03121404660034e-14,0.0,2.3667319155574397e-30,0.0,25013.3910816935,2290.61855670103
5752,2201.9587628866,0.0,0.0,1735.7092371134,1.87014728902463e-13,0.0,-3.7824935888783194e-30,0.0,25013.3910816935,2201.9587628866
5753,1546.7991,0.0,0.0,0.0,696.912798396335,0.0,3.27292198647845e-14,0.0,24215.0946345041,2243.711898396335
5754,146.33829,0.0,0.0,0.0,2416.43970068729,0.0,-9.347822125127561e-14,0.0,21447.1224687684,2562.77799068729
5755,0.0,0.0,0.0,0.0,2726.57502863688,0.0,1.69916658572044e-13,0.0,18323.8979227926,2726.57502863688
5756,0.0,0.0,0.0,0.0,2621.19129438717,0.0,1.40625628998214e-13,0.0,15321.3878490387,2621.19129438717
5757,0.0,0.0,0.0,0.0,2759.45017182131,0.0,-9.60521437110961e-14,0.0,12160.5056361849,2759.45017182131
5758,0.0,0.0,0.0,0.0,2676.28865979381,0.0,-4.7996649037795804e-14,0.0,9094.88288728024,2676.28865979381
5759,0.0,0.0,0.0,0.0,2701.83276059565,0.0,2.70820392966365e-14,0.0,6000.0,2701.83276059565
5760,0.0,0.0,0.0,0.0,680.840778923253,0.0,1705.526,0.0,11220.1136552998,2386.366778923253
5761,0.0,0.0,0.0,0.0,0.0,0.0,2256.7,0.0,11220.1136552998,2256.7
5762,0.0,0.0,0.0,0.0,0.0,0.0,2245.9,0.0,11220.1136552998,2245.9
5763,0.0,0.0,0.0,0.0,2481.21420389462,0.0,-3.74292344604494e-14,0.0,8377.94389138847,2481.21420389462
5764,0.0,0.0,0.0,0.0,2075.94501718213,0.0,1.0691526778071799e-13,0.0,6000.0,2075.94501718213
5765,92.7801,0.0,0.0,0.0,0.0,0.0,1742.103303,0.0,6000.0,1834.883403
5766,1483.3749,0.0,0.0,0.0,0.0,0.0,394.726347,0.0,6000.0,1878.101247
5767,2041.64948453608,111.270515463917,0.0,0.0,0.0,0.0,3.39368395928141e-14,0.0,6091.74254,2041.64948453608
5768,2026.70103092784,2901.83096907216,0.0,0.0,0.0,0.0,-8.696951520918091e-14,0.0,8484.302174,2026.70103092784
5769,2097.11340206186,2667.53459793814,0.0,0.0,0.0,0.0,-5.32610381914938e-14,0.0,10683.68445,2097.11340206186
5770,2081.44329896907,2473.77170103093,0.0,0.0,-2.22967070318834e-13,0.0,-3.60199979914009e-30,0.0,12723.3092175,2081.44329896907
5771,1957.21649484536,7548.39150515464,0.0,0.0,1.04014030271973e-13,0.0,-4.523155848291789e-30,0.0,18946.9580135,1957.21649484536
5772,2057.31958762887,7407.82141237113,0.0,0.0,2.24272261832249e-13,0.0,5.42185381064088e-30,0.0,25054.706768,2057.31958762887
5773,2041.03092783505,1731.32507216495,0.0,0.0,1.24803746652559e-13,0.0,4.23542027471356e-30,0.0,26482.18429,2041.0309278350503
5774,1957.52577319588,5680.69922680412,0.0,0.0,-6.52696446505957e-14,0.0,1.4911508447394998e-31,0.0,31165.9208025,1957.52577319588
5775,2122.57731958763,3786.31868041237,0.0,0.0,-4.98139703470127e-14,0.0,1.7416699131891498e-30,0.0,34287.7405545,2122.57731958763
5776,588.4704,0.0,0.0,0.0,1714.87252233677,0.0,-3.90179044232455e-14,0.0,32323.3963135644,2303.3429223367702
5777,1341.0873,0.0,0.0,0.0,1064.65672279496,0.0,4.9867055769672204e-14,0.0,31103.858257671,2405.74402279496
5778,134.42289,0.0,0.0,0.0,2498.63665143184,0.0,-9.515119953918851e-14,0.0,28241.7315091809,2633.05954143184
5779,0.0,0.0,0.0,0.0,2813.40206185567,0.0,-4.8662581410042704e-14,0.0,25019.0487350049,2813.40206185567
5780,0.0,0.0,0.0,0.0,2957.73195876289,0.0,1.92609895959284e-13,0.0,21631.039618438,2957.73195876289
5781,0.0,0.0,0.0,0.0,2809.59228160781,0.0,99.8259381563814,0.0,18412.7208537097,2909.4182197641912
5782,0.0,0.0,0.0,0.0,0.0,0.0,2304.2,0.0,18412.7208537097,2304.2
5783,0.0,0.0,0.0,0.0,0.0,0.0,2488.5,0.0,18412.7208537097,2488.5
5784,0.0,0.0,0.0,0.0,0.0,0.0,2457.9,0.0,18412.7208537097,2457.9
5785,0.0,0.0,0.0,0.0,0.0,0.0,2446.4,0.0,18412.7208537097,2446.4
5786,0.0,0.0,0.0,0.0,0.0,0.0,2220.4,0.0,18412.7208537097,2220.4
5787,0.0,0.0,0.0,0.0,0.0,0.0,2362.2,0.0,18412.7208537097,2362.2
5788,0.0,0.0,0.0,0.0,0.0,0.0,2285.3,0.0,18412.7208537097,2285.3
5789,21.18291,0.0,0.0,0.0,2701.54934398625,0.0,-3.1126125065863404e-14,0.0,15318.1626131756,2722.73225398625
5790,0.0,0.0,0.0,0.0,2680.18327605956,0.0,3.02268135429166e-14,0.0,12248.078677254,2680.18327605956
5791,0.0,0.0,0.0,0.0,2739.40435280641,0.0,-1.7066631778418499e-13,0.0,9110.158456399,2739.40435280641
5792,65.97507,0.0,0.0,0.0,2478.4698534937,0.0,-3.7434109406053803e-14,0.0,6271.1322782848,2544.4449234937
5793,2199.17525773196,966.133742268041,0.0,0.0,1.71302715153462e-13,0.0,-2.51063327604907e-31,0.0,7067.7095487848,2199.17525773196
5794,2257.73195876289,2008.81704123711,0.0,0.0,-8.21519675370675e-14,0.0,3.59011403772205e-30,0.0,8723.9791992848,2257.73195876289
5795,1968.3993,0.0,0.0,0.0,419.762518900344,0.0,-1.68189684066172e-14,0.0,8243.15157167845,2388.161818900344
5796,2361.85567010309,1038.29632989691,0.0,0.0,-1.25855115965519e-13,0.0,6.347170688616e-31,0.0,9099.22689567845,2361.85567010309
5797,2183.09278350515,718.519216494845,0.0,0.0,-1.99028490259709e-13,0.0,8.279748126830409e-30,0.0,9691.64598967845,2183.09278350515
5798,2369.17525773196,398.015742268041,0.0,0.0,-2.24603069774495e-13,0.0,6.34105237506411e-30,0.0,10019.8099691784,2369.17525773196
5799,1745.1231,0.0,0.0,0.0,592.933096219931,0.0,3.4406843529309805e-15,0.0,9340.61971004909,2338.056196219931
5800,1509.0978,0.0,0.0,0.0,751.976098510882,0.0,1.89572377325058e-14,0.0,8479.24960866205,2261.073898510882
5801,297.5175,0.0,0.0,0.0,2164.38490836197,0.0,-1.02566160172369e-13,0.0,6000.0,2461.9024083619697
5802,6.939996,0.0,0.0,0.0,0.0,0.0,2247.46820388,0.0,6000.0,2254.40819988
5803,0.0,0.0,0.0,0.0,0.0,0.0,2245.6,0.0,6000.0,2245.6
5804,0.0,0.0,0.0,0.0,0.0,0.0,2300.1,0.0,6000.0,2300.1
5805,0.0,0.0,0.0,0.0,0.0,0.0,2297.9,0.0,6000.0,2297.9
5806,0.0,0.0,0.0,0.0,0.0,0.0,2630.7,0.0,6000.0,2630.7
5807,0.0,0.0,0.0,0.0,0.0,0.0,2627.0,0.0,6000.0,2627.0
5808,0.0,0.0,0.0,0.0,0.0,0.0,2528.0,0.0,12000.0,2528.0
5809,0.0,0.0,0.0,0.0,0.0,0.0,2551.5,0.0,12000.0,2551.5
5810,0.0,0.0,0.0,0.0,0.0,0.0,2499.0,0.0,12000.0,2499.0
5811,0.0,0.0,0.0,0.0,0.0,0.0,2558.0,0.0,12000.0,2558.0
5812,0.0,0.0,0.0,0.0,0.0,0.0,2505.1,0.0,12000.0,2505.1
5813,0.0,0.0,0.0,0.0,0.0,0.0,2378.8,0.0,12000.0,2378.8
5814,0.0,0.0,0.0,0.0,0.0,0.0,2575.2,0.0,12000.0,2575.2
5815,132.4575,0.0,0.0,0.0,1017.44557617411,0.0,1522.486237,0.0,10834.5411498578,2672.38931317411
5816,914.3904,0.0,0.0,0.0,1900.84915463918,0.0,6.04473789327627e-14,0.0,8657.16525680036,2815.23955463918
5817,573.09,0.0,0.0,0.0,2319.70526918671,0.0,1.45547050446003e-13,0.0,6000.0,2892.7952691867104
5818,2691.13402061856,5546.45197938144,0.0,0.0,-6.415618329521071e-15,0.0,-2.81975717989433e-31,0.0,10573.049657,2691.13402061856
5819,2642.98969072165,6239.00230927835,0.0,0.0,2.5329777442115702e-15,0.0,-2.62661029636406e-32,0.0,15717.107061,2642.98969072165
5820,2793.29896907217,6034.17703092784,0.0,0.0,-1.54358929535806e-13,0.0,4.3958600187049594e-30,0.0,20692.286023,2793.29896907217
5821,2688.45360824742,708.443391752577,0.0,0.0,1.18519025061124e-13,0.0,-5.2168309471541795e-30,0.0,21276.3975995,2688.45360824742
5822,2814.53608247423,4143.20491752577,0.0,0.0,-2.0580092806276299e-13,0.0,3.44620000790872e-30,0.0,24692.470054,2814.53608247423
5823,1604.568,0.0,0.0,0.0,1313.36659793814,0.0,7.33522859863837e-15,0.0,23188.0409612873,2917.93459793814
5824,203.90832,0.0,0.0,0.0,2832.54172920962,0.0,5.86917922781709e-14,0.0,19943.4341695237,3036.45004920962
5825,306.2136,0.0,0.0,0.0,2679.46484306987,0.0,-9.16467526880107e-14,0.0,16874.1731808985,2985.67844306987
5826,103.96554,0.0,0.0,0.0,2941.75650194731,0.0,1.1328831241060802e-15,0.0,13504.4635566747,3045.72204194731
5827,0.0,0.0,0.0,0.0,0.0,0.0,2837.1,0.0,13504.4635566747,2837.1
5828,0.0,0.0,0.0,0.0,0.0,0.0,2790.0,0.0,13504.4635566747,2790.0
5829,0.0,0.0,0.0,0.0,0.0,0.0,2756.5,0.0,13504.4635566747,2756.5
5830,0.0,0.0,0.0,0.0,0.0,0.0,2887.8,0.0,13504.4635566747,2887.8
5831,0.0,0.0,0.0,0.0,0.0,0.0,2735.7,0.0,13504.4635566747,2735.7
5832,0.0,0.0,0.0,0.0,0.0,0.0,2556.6,0.0,13504.4635566747,2556.6
5833,0.0,0.0,0.0,0.0,0.0,0.0,2569.4,0.0,13504.4635566747,2569.4
5834,0.0,0.0,0.0,0.0,0.0,0.0,2521.7,0.0,13504.4635566747,2521.7
5835,0.0,0.0,0.0,0.0,0.0,0.0,2523.9,0.0,13504.4635566747,2523.9
5836,0.0,0.0,0.0,0.0,1984.54596428977,0.0,683.391373175034,0.0,11231.2150294242,2667.937337464804
5837,14.591472,0.0,0.0,0.0,2930.86629113402,0.0,2.79436319259468e-14,0.0,7873.97987348599,2945.45776313402
5838,1226.3769,0.0,0.0,0.0,1635.98442955326,0.0,-4.68887427914786e-14,0.0,6000.0,2862.36132955326
5839,2674.63917525773,652.705824742268,0.0,0.0,1.80605613455764e-13,0.0,4.66271043903267e-30,0.0,6538.1559525,2674.63917525773
5840,2530.82474226804,639.020257731959,0.0,0.0,-1.46743004899669e-13,0.0,9.256150020198609e-30,0.0,7065.028155,2530.82474226804
5841,2660.61855670103,4354.85144329897,0.0,0.0,5.51612279600725e-14,0.0,2.6034082595385197e-30,0.0,10655.60317,2660.61855670103
5842,2724.63917525773,5140.11282474227,0.0,0.0,1.97758749946193e-13,0.0,-7.12080038623526e-30,0.0,14893.626194,2724.63917525773
5843,2604.74226804124,5708.98973195876,0.0,0.0,2.14935380722944e-13,0.0,8.53546824994068e-30,0.0,19600.688228,2604.74226804124
5844,2855.25773195876,5417.75526804124,0.0,0.0,-2.41021170735672e-13,0.0,1.07799961363036e-29,0.0,24067.6274465,2855.2577319587595
5845,2649.07216494845,5064.87883505155,0.0,0.0,7.56448893072171e-14,0.0,-4.9269592514114596e-30,0.0,28243.620046,2649.07216494845
5846,2804.53608247423,2049.76091752577,0.0,0.0,-1.33724443261283e-14,0.0,3.6278761062007904e-31,0.0,29933.6479225,2804.53608247423
5847,2554.53608247423,187.496917525773,0.0,0.0,-2.10028431208029e-14,0.0,9.83755316735253e-32,0.0,30088.239131,2554.53608247423
5848,29.82462,0.0,0.0,0.0,2599.39303390607,0.0,1.80149927036244e-13,0.0,27110.6984277857,2629.2176539060697
5849,0.0,0.0,0.0,0.0,2823.3676975945,0.0,5.27637803628425e-14,0.0,23876.6002633017,2823.3676975945
5850,80.82207,0.0,0.0,0.0,2762.6604720504,0.0,-1.89269648004053e-13,0.0,20712.040730598,2843.4825420504003
5851,0.0,0.0,0.0,0.0,2853.49369988545,0.0,4.28128531735536e-14,0.0,17443.4339724245,2853.49369988545
5852,0.0,0.0,0.0,0.0,1258.61728518889,0.0,1418.7271100301,0.0,16001.7188691153,2677.34439521899
5853,0.0,0.0,0.0,0.0,2895.53264604811,0.0,6.15321707294358e-14,0.0,12684.9575334359,2895.53264604811
5854,0.0,0.0,0.0,0.0,2917.18213058419,0.0,6.34482920574783e-16,0.0,9343.39724639792,2917.18213058419
5855,0.0,0.0,0.0,0.0,2918.78579610538,0.0,-7.71244653987939e-14,0.0,6000.0,2918.78579610538
5856,0.0,0.0,0.0,0.0,0.0,0.0,2492.6,0.0,12000.0,2492.6
5857,0.0,0.0,0.0,0.0,0.0,0.0,2601.4,0.0,12000.0,2601.4
5858,0.0,0.0,0.0,0.0,2389.20274914089,0.0,493.126,0.0,9263.22709147664,2882.32874914089
5859,0.0,0.0,0.0,0.0,0.0,0.0,2513.2,0.0,9263.22709147664,2513.2
5860,0.0,0.0,0.0,0.0,0.0,0.0,2393.0,0.0,9263.22709147664,2393.0
5861,0.0,0.0,0.0,0.0,0.0,0.0,2501.1,0.0,9263.22709147664,2501.1
5862,0.0,0.0,0.0,0.0,2848.79725085911,0.0,3.23453215338161e-14,0.0,6000.0,2848.79725085911
5863,2544.32989690722,1351.14910309278,0.0,0.0,-4.73594467374872e-14,0.0,-2.5453733014119e-30,0.0,7114.0224355,2544.32989690722
5864,2671.9587628866,3615.1472371134,0.0,0.0,-1.99734577471884e-13,0.0,9.187261626796459e-30,0.0,10094.7113325,2671.9587628866
5865,2613.09278350515,5475.33021649485,0.0,0.0,2.15190251775467e-13,0.0,-7.59470679808126e-30,0.0,14609.121096,2613.09278350515
5866,2608.55670103093,476.133298969072,0.0,0.0,-1.75624614984849e-13,0.0,-8.06174151888659e-30,0.0,15001.693001,2608.55670103093
5867,1559.9409,0.0,0.0,0.0,1132.13897709049,0.0,4.5121932449818505e-15,0.0,13704.8556847451,2692.0798770904903
5868,2642.57731958763,2420.33368041237,0.0,0.0,5.46105806243743e-14,0.0,-3.5106511576980903e-31,0.0,15700.4208042451,2642.57731958763
5869,2525.56701030928,6593.72498969072,0.0,0.0,1.96891768826787e-13,0.0,9.487914766257279e-30,0.0,21136.9470582451,2525.56701030928
5870,2733.60824742268,2471.55675257732,0.0,0.0,-1.0929961538343499e-13,0.0,-2.8699713098398497e-30,0.0,23174.7456007451,2733.60824742268
5871,2721.13402061856,3339.50797938144,0.0,0.0,-9.40532919526239e-14,0.0,3.6320819111162394e-30,0.0,25928.1699297451,2721.13402061856
5872,2748.65979381443,945.030206185567,0.0,0.0,1.3077465170525e-13,0.0,-6.00734668936582e-31,0.0,26707.3473347451,2748.65979381443
5873,1307.1765,0.0,0.0,0.0,0.0,0.0,1312.638795,0.0,26707.3473347451,2619.8152950000003
5874,125.73687,0.0,0.0,0.0,0.0,0.0,2467.2352361,0.0,26707.3473347451,2592.9721061
5875,0.0,0.0,0.0,0.0,0.0,0.0,2580.0,0.0,26707.3473347451,2580.0
5876,0.0,0.0,0.0,0.0,0.0,0.0,2482.7,0.0,26707.3473347451,2482.7
5877,0.0,0.0,0.0,0.0,0.0,0.0,2393.3,0.0,26707.3473347451,2393.3
5878,0.0,0.0,0.0,0.0,0.0,0.0,2458.5,0.0,26707.3473347451,2458.5
5879,0.0,0.0,0.0,0.0,0.0,0.0,2431.8,0.0,26707.3473347451,2431.8
5880,0.0,0.0,0.0,0.0,0.0,0.0,2361.0,0.0,26707.3473347451,2361.0
5881,0.0,0.0,0.0,0.0,0.0,0.0,2442.5,0.0,26707.3473347451,2442.5
5882,0.0,0.0,0.0,0.0,0.0,0.0,2334.6,0.0,26707.3473347451,2334.6
5883,0.0,0.0,0.0,0.0,953.101118189095,0.0,1533.54272382092,0.0,25615.5934765675,2486.643842010015
5884,0.0,0.0,0.0,0.0,0.0,0.0,2163.9,0.0,25615.5934765675,2163.9
5885,29.5596,0.0,0.0,0.0,2808.73675601375,0.0,-7.504621500939781e-14,0.0,22398.2546953375,2838.29635601375
5886,1422.3447,0.0,0.0,0.0,1293.61470904926,0.0,-7.38722599375143e-14,0.0,20916.4509049031,2715.95940904926
5887,2592.57731958763,1334.25468041237,0.0,0.0,6.8711557596933e-14,0.0,-5.0781148419337494e-30,0.0,22016.5438889031,2592.57731958763
5888,2592.88659793814,691.450402061856,0.0,0.0,-1.08385645691383e-13,0.0,2.34444508817407e-30,0.0,22586.6447454031,2592.88659793814
5889,2655.77319587629,2621.92580412371,0.0,0.0,-1.89810548974915e-13,0.0,-1.08132440881969e-29,0.0,24748.4225709031,2655.77319587629
5890,2649.17525773196,2903.41374226804,0.0,0.0,2.0066448971536999e-13,0.0,3.8148179472195696e-30,0.0,27142.2872014031,2649.17525773196
5891,2649.07216494845,7046.48083505155,0.0,0.0,7.56448893072171e-14,0.0,-4.9269592514114596e-30,0.0,32952.1106499031,2649.07216494845
5892,2139.27,0.0,0.0,0.0,590.84547537228,0.0,3.58377247440207e-14,0.0,32275.3117090414,2730.11547537228
5893,1416.5949,0.0,0.0,0.0,1339.98046620848,0.0,8.51937270277943e-15,0.0,30740.397085664,2756.57536620848
5894,2202.459,0.0,0.0,0.0,517.199049255441,0.0,-2.1818637475847e-14,0.0,30147.9583121755,2719.658049255441
5895,1302.1134,0.0,0.0,0.0,1363.05842153494,0.0,4.44854081065936e-14,0.0,28586.6084593291,2665.17182153494
5896,818.4687,0.0,0.0,0.0,1845.91679381443,0.0,-3.6966133631796e-14,0.0,26472.1562327375,2664.38549381443
5897,1204.7091,0.0,0.0,0.0,1432.91199656357,0.0,-8.59029967220629e-14,0.0,24830.7908300301,2637.62109656357
5898,127.43115,0.0,0.0,0.0,2631.37661454754,0.0,3.87803151627742e-14,0.0,21816.6137228737,2758.80776454754
5899,0.0,0.0,0.0,0.0,2680.87056128293,0.0,-1.33026264561517e-13,0.0,18745.742518655,2680.87056128293
5900,0.0,0.0,0.0,0.0,2676.6323024055,0.0,-1.00746731308722e-13,0.0,15679.7261356017,2676.6323024055
5901,0.0,0.0,0.0,0.0,2868.95761741123,0.0,-1.9453779455352e-13,0.0,12393.4058407435,2868.95761741123
5902,0.0,0.0,0.0,0.0,2792.89805269187,0.0,-1.66023820375664e-13,0.0,9194.2099040976,2792.89805269187
5903,0.0,0.0,0.0,0.0,2788.54524627721,0.0,1.10000089474975e-13,0.0,6000.0,2788.54524627721
5904,0.0,0.0,0.0,0.0,0.0,0.0,2369.8,0.0,12000.0,2369.8
5905,0.0,0.0,0.0,0.0,0.0,0.0,2345.1,0.0,12000.0,2345.1
5906,0.0,0.0,0.0,0.0,0.0,0.0,2327.3,0.0,12000.0,2327.3
5907,0.0,0.0,0.0,0.0,0.0,0.0,2200.9,0.0,12000.0,2200.9
5908,0.0,0.0,0.0,0.0,0.0,0.0,2250.1,0.0,12000.0,2250.1
5909,0.0,0.0,0.0,0.0,0.0,0.0,2278.2,0.0,12000.0,2278.2
5910,1350.9531,0.0,0.0,0.0,1195.61912142039,0.0,5.328292317838e-14,0.0,10630.4477417865,2546.5722214203897
5911,2370.51546391753,1490.94353608247,0.0,0.0,2.33831499579969e-13,0.0,5.21164248728985e-30,0.0,11859.7306872865,2370.5154639175303
5912,2397.83505154639,3828.62294845361,0.0,0.0,2.24247299153031e-13,0.0,-1.09864973605821e-29,0.0,15016.4303082865,2397.83505154639
5913,2417.62886597938,5577.55413402062,0.0,0.0,1.10253021913244e-13,0.0,-7.63406151208614e-31,0.0,19615.1236917865,2417.62886597938
5914,2364.0206185567,3762.5193814433,0.0,0.0,2.12797190897126e-13,0.0,-6.740677063259139e-30,0.0,22717.3209217865,2364.0206185567
5915,2372.98969072165,4230.31330927835,0.0,0.0,-9.42611744325008e-14,0.0,-2.48984798686373e-30,0.0,26205.2142452865,2372.98969072165
5916,2346.90721649485,4542.87778350516,0.0,0.0,2.33110938209256e-13,0.0,2.03564918934142e-29,0.0,29950.8169777865,2346.9072164948507
5917,2425.36082474227,2806.89417525773,0.0,0.0,-4.0572534775895404e-14,0.0,-9.30351964521427e-31,0.0,32265.1012252865,2425.36082474227
5918,2421.9587628866,2963.5962371134,0.0,0.0,-2.22992032998053e-13,0.0,2.02726727789109e-30,0.0,34708.5863227865,2421.9587628866
5919,2494.32989690722,305.642103092784,0.0,0.0,-4.88855264964222e-14,0.0,-1.7718450328916797e-30,0.0,34960.5882367865,2494.32989690722
5920,1296.0003,0.0,0.0,0.0,1288.4074558992,0.0,-9.08001237594079e-15,0.0,33484.7492265927,2584.4077558992
5921,158.02605,0.0,0.0,0.0,2568.63084936999,0.0,1.33711052628929e-13,0.0,30542.445848162,2726.65689936999
5922,0.0,0.0,0.0,0.0,2722.79495990836,0.0,1.8719034315478999e-13,0.0,27423.5512778202,2722.79495990836
5923,0.0,0.0,0.0,0.0,2706.87285223368,0.0,4.2552402228028703e-14,0.0,24322.8950896946,2706.87285223368
5924,0.0,0.0,0.0,0.0,2679.4959908362,0.0,1.9347989164735e-13,0.0,21253.5984220701,2679.4959908362
5925,0.0,0.0,0.0,0.0,2743.8717067583,0.0,4.5801356852518705e-14,0.0,18110.5609572839,2743.8717067583
5926,0.0,0.0,0.0,0.0,2695.18900343643,0.0,-1.92117985514108e-13,0.0,15023.288330209,2695.18900343643
5927,0.0,0.0,0.0,0.0,2715.92210767468,0.0,1.1623754777843e-13,0.0,11912.2664428382,2715.92210767468
5928,0.0,0.0,0.0,0.0,2595.99083619702,0.0,1.27968583928553e-14,0.0,8938.62287331129,2595.99083619702
5929,0.0,0.0,0.0,0.0,1492.877291883,0.0,951.618124186143,0.0,7228.568701624,2444.495416069143
5930,0.0,0.0,0.0,0.0,0.0,0.0,2182.4,0.0,7228.568701624,2182.4
5931,0.0,0.0,0.0,0.0,0.0,0.0,2105.6,0.0,7228.568701624,2105.6
5932,0.0,0.0,0.0,0.0,0.0,0.0,2090.6,0.0,7228.568701624,2090.6
5933,0.0,0.0,0.0,0.0,0.0,0.0,2133.5,0.0,7228.568701624,2133.5
5934,1284.3012,0.0,0.0,0.0,1072.54047651776,0.0,-3.33377050827051e-14,0.0,6000.0,2356.84167651776
5935,2250.92783505155,1585.68816494845,0.0,0.0,5.82838703369117e-14,0.0,7.346216758765e-31,0.0,7307.399892,2250.92783505155
5936,2328.14432989691,3962.30067010309,0.0,0.0,-2.79126805447639e-14,0.0,-1.60023407722627e-31,0.0,10574.3167945,2328.14432989691
5937,2329.17525773196,5827.87574226804,0.0,0.0,8.67172010482291e-14,0.0,2.8046133347182698e-30,0.0,15379.400344,2329.17525773196
5938,1616.3133,0.0,0.0,0.0,885.310537227949,0.0,-3.09418081605842e-14,0.0,14365.2989267859,2501.623837227949
5939,2301.03092783505,7549.25007216495,0.0,0.0,1.84829550504e-13,0.0,-7.825343080203319e-30,0.0,20589.6556112859,2301.03092783505
5940,2458.96907216495,7299.66792783505,0.0,0.0,-2.32280457141816e-13,0.0,-1.7123842394904799e-29,0.0,26608.2318177859,2458.969072164949
5941,2435.67010309278,6473.39089690722,0.0,0.0,9.517661251744821e-14,0.0,-3.32716390534321e-30,0.0,31945.5426122859,2435.67010309278
5942,956.6214,0.0,0.0,0.0,1614.86511111111,0.0,-5.089501955682051e-15,0.0,30095.7543979547,2571.4865111111103
5943,2080.2369,0.0,0.0,0.0,692.749378006872,0.0,2.86290979865222e-14,0.0,29302.2270462859,2772.986278006872
5944,2135.952,0.0,0.0,0.0,547.224009163803,0.0,2.33683721425205e-14,0.0,28675.3954206687,2683.1760091638034
5945,131.77437,0.0,0.0,0.0,2746.36753848797,0.0,-1.38366886768736e-13,0.0,25529.4990421029,2878.14190848797
5946,99.92724,0.0,0.0,0.0,2591.26068407789,0.0,-1.69565231750685e-13,0.0,22561.2737453355,2691.18792407789
5947,0.0,0.0,0.0,0.0,2944.10080183276,0.0,1.46201452370023e-13,0.0,19188.8787833278,2944.10080183276
5948,0.0,0.0,0.0,0.0,2985.22336769759,0.0,7.942664014084071e-14,0.0,15769.3789348769,2985.22336769759
5949,0.0,0.0,0.0,0.0,2685.25429353815,0.0,140.173001741191,0.0,12693.4862733212,2825.427295279341
5950,0.0,0.0,0.0,0.0,2896.56357388316,0.0,-1.54470989645924e-13,0.0,9375.54403519614,2896.56357388316
5951,0.0,0.0,0.0,0.0,2946.84994272623,0.0,-5.20635091612465e-14,0.0,6000.0,2946.84994272623
5952,0.0,0.0,0.0,0.0,0.0,0.0,2446.9,0.0,12000.0,2446.9
5953,0.0,0.0,0.0,0.0,0.0,0.0,2376.1,0.0,12000.0,2376.1
5954,0.0,0.0,0.0,0.0,0.0,0.0,2462.8,0.0,12000.0,2462.8
5955,0.0,0.0,0.0,0.0,0.0,0.0,2497.5,0.0,12000.0,2497.5
5956,0.0,0.0,0.0,0.0,880.608624284078,0.0,1577.428671,0.0,10991.2845082657,2458.037295284078
5957,0.0,0.0,0.0,0.0,2810.19473081329,0.0,1.06855315228695e-13,0.0,7772.27565280943,2810.19473081329
5958,1274.9457,0.0,0.0,0.0,1547.19664490263,0.0,-6.63732239926726e-14,0.0,6000.0,2822.1423449026297
5959,2649.58762886598,1190.40937113402,0.0,0.0,1.32959830103714e-13,0.0,3.44211482238842e-30,0.0,6981.4925265,2649.58762886598
5960,2618.65979381443,3715.99020618557,0.0,0.0,2.30987222541976e-13,0.0,1.2880628922310298e-29,0.0,10045.3264515,2618.6597938144305
5961,2696.18556701031,5507.17043298969,0.0,0.0,-3.23065316280149e-14,0.0,1.2562780159654998e-31,0.0,14585.9884735,2696.18556701031
5962,2831.64948453608,4430.42351546392,0.0,0.0,-2.26114675374892e-13,0.0,-1.6133507005104298e-30,0.0,18238.872662,2831.64948453608
5963,2893.50515463918,4981.57884536082,0.0,0.0,8.310537406687631e-14,0.0,3.79531762535657e-30,0.0,22346.18442,2893.50515463918
5964,2897.42268041237,4808.75831958763,0.0,0.0,-1.9806207796425699e-13,0.0,1.4404630498445098e-30,0.0,26311.0056545,2897.42268041237
5965,2705.87628865979,3286.01171134021,0.0,0.0,-7.88919255393207e-14,0.0,-2.8538217254655097e-30,0.0,29020.3223105,2705.87628865979
5966,2817.01030927835,771.931690721649,0.0,0.0,-4.4245824488432805e-14,0.0,-2.01603875616774e-30,0.0,29656.7799895,2817.01030927835
5967,2325.771,0.0,0.0,0.0,365.981821305842,0.0,-1.14575339059793e-14,0.0,29237.5568264922,2691.752821305842
5968,2161.677,0.0,0.0,0.0,490.118339060711,0.0,-6.177958875034211e-15,0.0,28676.1383395956,2651.7953390607117
5969,534.6012,0.0,0.0,0.0,2338.87380985109,0.0,1.05563333736305e-13,0.0,25997.0159915416,2873.47500985109
5970,13.475133,0.0,0.0,0.0,2901.52247536082,0.0,-1.01256740813652e-13,0.0,22673.3934539004,2914.99760836082
5971,0.0,0.0,0.0,0.0,2862.08476517755,0.0,1.89256760956584e-13,0.0,19394.9458420132,2862.08476517755
5972,0.0,0.0,0.0,0.0,2978.6941580756,0.0,-4.4276237506445404e-14,0.0,15982.9250423847,2978.6941580756
5973,0.0,0.0,0.0,0.0,921.441112975535,0.0,1653.58190837236,0.0,14927.4369404655,2575.023021347895
5974,0.0,0.0,0.0,0.0,0.0,0.0,2605.0,0.0,14927.4369404655,2605.0
5975,0.0,0.0,0.0,0.0,0.0,0.0,2558.4,0.0,14927.4369404655,2558.4
5976,0.0,0.0,0.0,0.0,0.0,0.0,2461.9,0.0,14927.4369404655,2461.9
5977,0.0,0.0,0.0,0.0,0.0,0.0,2472.2,0.0,14927.4369404655,2472.2
5978,0.0,0.0,0.0,0.0,0.0,0.0,2562.5,0.0,14927.4369404655,2562.5
5979,0.0,0.0,0.0,0.0,0.0,0.0,2447.0,0.0,14927.4369404655,2447.0
5980,0.0,0.0,0.0,0.0,0.0,0.0,2338.6,0.0,14927.4369404655,2338.6
5981,0.0,0.0,0.0,0.0,2644.44444444444,0.0,5.972190643256499e-14,0.0,11898.290955993,2644.44444444444
5982,0.0,0.0,0.0,0.0,2653.03550973654,0.0,9.0659987090434e-14,0.0,8859.30411780683,2653.03550973654
5983,1501.437,0.0,0.0,0.0,904.016162657503,0.0,1.04734286357511e-14,0.0,7823.77586734004,2405.4531626575026
5984,1247.5176,0.0,0.0,0.0,1251.21183046964,0.0,6.087951175128211e-15,0.0,6390.54353003232,2498.72943046964
5985,2000.985,0.0,0.0,0.0,340.944501718213,0.0,2.36272237361103e-14,0.0,6000.0,2341.929501718213
5986,2406.39175257732,6394.43524742268,0.0,0.0,-1.51064065649401e-14,0.0,-8.535605972920131e-31,0.0,11272.2118615,2406.39175257732
5987,1377.5559,0.0,0.0,0.0,1035.81990492554,0.0,2.6623716395813702e-14,0.0,10085.7056702909,2413.3758049255403
5988,2238.14432989691,3052.51167010309,0.0,0.0,0.0,0.0,-2.08664792203355e-13,0.0,12602.5015422909,2238.14432989691
5989,2372.78350515464,1018.52749484536,0.0,0.0,0.0,0.0,1.54173123294256e-13,0.0,13442.2774617909,2372.78350515464
5990,2417.21649484536,1325.23550515464,0.0,0.0,1.62330624793406e-13,0.0,5.1098749683067095e-30,0.0,14534.9341357909,2417.21649484536
5991,1527.5253,0.0,0.0,0.0,921.535462772051,0.0,-3.72439226787477e-14,0.0,13479.3379585033,2449.060762772051
5992,2008.7718,0.0,0.0,0.0,292.659053837343,0.0,-1.63626284897636e-14,0.0,13144.104219858,2301.430853837343
5993,0.0,0.0,0.0,0.0,1220.86081868979,0.0,1172.38850528382,0.0,11745.6382190679,2393.24932397361
5994,18.641742,0.0,0.0,0.0,2471.38317326461,0.0,7.48758977900092e-14,0.0,8914.72965862734,2490.0249152646097
5995,0.0,0.0,0.0,0.0,2544.55899198167,0.0,-2.6857522442501998e-14,0.0,6000.0,2544.55899198167
5996,0.0,0.0,0.0,0.0,0.0,0.0,2233.1,0.0,6000.0,2233.1
5997,0.0,0.0,0.0,0.0,0.0,0.0,2322.0,0.0,6000.0,2322.0
5998,0.0,0.0,0.0,0.0,0.0,0.0,2560.6,0.0,6000.0,2560.6
5999,0.0,0.0,0.0,0.0,0.0,0.0,2592.4,0.0,6000.0,2592.4
6000,0.0,0.0,0.0,0.0,0.0,0.0,2592.5,0.0,12000.0,2592.5
6001,0.0,0.0,0.0,0.0,0.0,0.0,2677.1,0.0,12000.0,2677.1
6002,0.0,0.0,0.0,0.0,0.0,0.0,2628.0,0.0,12000.0,2628.0
6003,0.0,0.0,0.0,0.0,0.0,0.0,2424.0,0.0,12000.0,2424.0
6004,0.0,0.0,0.0,0.0,0.0,0.0,2471.9,0.0,12000.0,2471.9
6005,0.0,0.0,0.0,0.0,0.0,0.0,2572.0,0.0,12000.0,2572.0
6006,84.73479,0.0,0.0,0.0,0.0,0.0,2483.4072537,0.0,12000.0,2568.1420437
6007,39.10662,0.0,0.0,0.0,0.0,0.0,2570.4665786,0.0,12000.0,2609.5731986
6008,148.27323,0.0,0.0,0.0,0.0,0.0,2557.3749669,0.0,12000.0,2705.6481969
6009,189.35301,0.0,0.0,0.0,0.0,0.0,2513.7275803,0.0,12000.0,2703.0805903
6010,1672.5009,0.0,0.0,0.0,0.0,0.0,1035.174127,0.0,12000.0,2707.675027
6011,739.9119,0.0,0.0,0.0,0.0,0.0,1801.385457,0.0,12000.0,2541.297357
6012,752.2326,0.0,0.0,0.0,0.0,0.0,1875.734378,0.0,12000.0,2627.9669780000004
6013,1247.2614,0.0,0.0,0.0,0.0,0.0,1335.356442,0.0,12000.0,2582.617842
6014,809.046,0.0,0.0,0.0,0.0,0.0,1878.82538,0.0,12000.0,2687.87138
6015,1067.2095,0.0,0.0,0.0,0.0,0.0,1500.306785,0.0,12000.0,2567.516285
6016,480.228,0.0,0.0,0.0,0.0,0.0,2074.87884,0.0,12000.0,2555.10684
6017,0.0,0.0,0.0,0.0,0.0,0.0,2500.1,0.0,12000.0,2500.1
6018,0.0,0.0,0.0,0.0,0.0,0.0,2488.6,0.0,12000.0,2488.6
6019,0.0,0.0,0.0,0.0,0.0,0.0,2496.8,0.0,12000.0,2496.8
6020,0.0,0.0,0.0,0.0,0.0,0.0,2553.9,0.0,12000.0,2553.9
6021,0.0,0.0,0.0,0.0,0.0,0.0,2527.4,0.0,12000.0,2527.4
6022,0.0,0.0,0.0,0.0,0.0,0.0,2589.0,0.0,12000.0,2589.0
6023,0.0,0.0,0.0,0.0,0.0,0.0,2593.9,0.0,12000.0,2593.9
6024,0.0,0.0,0.0,0.0,0.0,0.0,2479.7,0.0,12000.0,2479.7
6025,0.0,0.0,0.0,0.0,0.0,0.0,2351.7,0.0,12000.0,2351.7
6026,0.0,0.0,0.0,0.0,0.0,0.0,2456.3,0.0,12000.0,2456.3
6027,0.0,0.0,0.0,0.0,0.0,0.0,2640.4,0.0,12000.0,2640.4
6028,0.0,0.0,0.0,0.0,0.0,0.0,2492.7,0.0,12000.0,2492.7
6029,0.0,0.0,0.0,0.0,0.0,0.0,2665.7,0.0,12000.0,2665.7
6030,1068.249,0.0,0.0,0.0,257.815741095251,0.0,1354.72532802385,0.0,11704.6784179894,2680.7900691191007
6031,37.93209,0.0,0.0,0.0,2940.67110274914,0.0,1.57564043772761e-13,0.0,8336.21209181628,2978.60319274914
6032,959.3892,0.0,0.0,0.0,2017.97534478809,0.0,9.4306740807305e-14,0.0,6024.6710324943,2977.36454478809
6033,2804.63917525773,4619.42782474227,0.0,0.0,9.6020099350531e-14,0.0,-3.30042202277124e-30,0.0,9833.3892739943,2804.63917525773
6034,1053.7758,0.0,0.0,0.0,1960.40947766323,0.0,2.50828859507792e-14,0.0,7587.78849774776,3014.18527766323
6035,1450.722,0.0,0.0,0.0,1386.13935853379,0.0,-6.632668887835911e-15,0.0,6000.0,2836.86135853379
6036,2800.51546391753,509.735536082474,0.0,0.0,1.42775407296852e-13,0.0,-1.8920815909512298e-30,0.0,6420.2769495,2800.51546391753
6037,2676.39175257732,2989.38724742268,0.0,0.0,8.168774561177221e-14,0.0,-4.588058845713409e-30,0.0,8885.026735,2676.39175257732
6038,2692.37113402062,2659.77286597938,0.0,0.0,-1.47021370238516e-13,0.0,-2.0534543932233198e-30,0.0,11078.009463,2692.37113402062
6039,2755.9793814433,1345.2366185567,0.0,0.0,3.2026697896273404e-14,0.0,-4.038039247976199e-31,0.0,12187.157055,2755.9793814433
6040,1817.9049,0.0,0.0,0.0,1019.85366208477,0.0,3.4439746453935503e-14,0.0,11018.9398017528,2837.75856208477
6041,0.0,0.0,0.0,0.0,2942.38258877434,0.0,1.86216167088514e-13,0.0,7648.51301048785,2942.38258877434
6042,0.0,0.0,0.0,0.0,0.0,0.0,2548.7,0.0,7648.51301048785,2548.7
6043,0.0,0.0,0.0,0.0,1439.15185815589,0.0,1276.22042782991,0.0,6000.0,2715.3722859858
6044,0.0,0.0,0.0,0.0,0.0,0.0,2397.0,0.0,6000.0,2397.0
6045,0.0,0.0,0.0,0.0,0.0,0.0,2511.2,0.0,6000.0,2511.2
6046,0.0,0.0,0.0,0.0,0.0,0.0,2607.2,0.0,6000.0,2607.2
6047,0.0,0.0,0.0,0.0,0.0,0.0,2664.1,0.0,6000.0,2664.1
6048,0.0,0.0,0.0,0.0,0.0,0.0,2598.6,0.0,12000.0,2598.6
6049,0.0,0.0,0.0,0.0,0.0,0.0,2541.2,0.0,12000.0,2541.2
6050,0.0,0.0,0.0,0.0,0.0,0.0,2589.5,0.0,12000.0,2589.5
6051,0.0,0.0,0.0,0.0,0.0,0.0,2509.5,0.0,12000.0,2509.5
6052,0.0,0.0,0.0,0.0,0.0,0.0,2415.7,0.0,12000.0,2415.7
6053,0.0,0.0,0.0,0.0,2306.69720836197,0.0,576.3533371,0.0,9357.7351565155,2883.0505454619697
6054,66.36357,0.0,0.0,0.0,2931.30279163803,0.0,-2.70800221506597e-14,0.0,6000.0,2997.66636163803
6055,2645.25773195876,488.383268041237,0.0,0.0,-3.90699493032836e-14,0.0,-1.59663688416779e-30,0.0,6402.6720045,2645.25773195876
6056,2725.25773195876,1470.43726804124,0.0,0.0,-1.40808599898945e-13,0.0,2.2237414792962298e-30,0.0,7615.047532,2725.25773195876
6057,2665.9793814433,2753.0706185567,0.0,0.0,-1.63453945358231e-13,0.0,-5.41479297407974e-30,0.0,9884.954257,2665.9793814433
6058,2571.9587628866,4058.7912371134,0.0,0.0,-2.02786736989754e-13,0.0,-2.8449096029019204e-31,0.0,13231.427632,2571.9587628866
6059,2601.753,0.0,0.0,0.0,28.1782245131726,0.0,9.97925733393369e-17,0.0,13199.1501697856,2629.9312245131728
6060,2414.076,0.0,0.0,0.0,257.097686139748,0.0,-1.90974388549496e-14,0.0,12904.6511020425,2671.173686139748
6061,2584.32989690722,5615.12010309278,0.0,0.0,1.62222173489576e-13,0.0,-2.2614339782937297e-30,0.0,17534.3176270425,2584.32989690722
6062,2619.69072164949,4330.09127835051,0.0,0.0,-1.4403067345182998e-13,0.0,1.08513116736423e-29,0.0,21104.4778860425,2619.69072164949
6063,954.3555,0.0,0.0,0.0,1798.59698167239,0.0,-1.6813933389286e-14,0.0,19044.2293388805,2752.95248167239
6064,179.92233,0.0,0.0,0.0,2591.60978224513,0.0,-1.31820581504192e-13,0.0,16075.6041587601,2771.53211224513
6065,118.07061,0.0,0.0,0.0,2725.28236918671,0.0,-5.70045657447574e-14,0.0,12953.8603223492,2843.3529791867104
6066,0.0,0.0,0.0,0.0,2705.15463917526,0.0,2.48142033839387e-14,0.0,9855.1723049663,2705.15463917526
6067,0.0,0.0,0.0,0.0,2730.12600229095,0.0,-9.6104233900201e-14,0.0,6727.88020612214,2730.12600229095
6068,0.0,0.0,0.0,0.0,635.439419944631,0.0,1821.16138638834,0.0,6000.0,2456.600806332971
6069,0.0,0.0,0.0,0.0,0.0,0.0,2378.0,0.0,6000.0,2378.0
6070,0.0,0.0,0.0,0.0,0.0,0.0,2339.3,0.0,6000.0,2339.3
6071,0.0,0.0,0.0,0.0,0.0,0.0,2354.1,0.0,6000.0,2354.1
6072,0.0,0.0,0.0,0.0,0.0,0.0,2359.2,0.0,6000.0,2359.2
6073,0.0,0.0,0.0,0.0,0.0,0.0,2302.5,0.0,6000.0,2302.5
6074,0.0,0.0,0.0,0.0,0.0,0.0,2259.2,0.0,6000.0,2259.2
6075,0.0,0.0,0.0,0.0,0.0,0.0,2104.4,0.0,6000.0,2104.4
6076,0.0,0.0,0.0,0.0,0.0,0.0,2135.6,0.0,6000.0,2135.6
6077,0.0,0.0,0.0,0.0,0.0,0.0,2209.9,0.0,6000.0,2209.9
6078,17.806404,0.0,0.0,0.0,0.0,0.0,2287.72778812,0.0,6000.0,2305.53419212
6079,27.56418,0.0,0.0,0.0,0.0,0.0,2296.3627454,0.0,6000.0,2323.9269254
6080,2398.45360824742,2890.41739175258,0.0,0.0,-9.869299396061331e-14,0.0,3.8762756343922894e-30,0.0,8383.1491395,2398.45360824742
6081,2365.36082474227,4771.55217525773,0.0,0.0,1.65956925933297e-13,0.0,9.00643895637191e-31,0.0,12317.293908,2365.36082474227
6082,887.4327,0.0,0.0,0.0,1754.39894730813,0.0,3.3438122445306303e-15,0.0,10307.6731207055,2641.83164730813
6083,1664.0127,0.0,0.0,0.0,940.558626575028,0.0,-2.15213471460362e-14,0.0,9230.28637777874,2604.5713265750283
6084,2523.40206185567,1626.23993814433,0.0,0.0,-1.41760538035859e-13,0.0,-5.174309349876169e-30,0.0,10571.1212067787,2523.40206185567
6085,2602.16494845361,6103.72105154639,0.0,0.0,-8.72663799910321e-14,0.0,5.247103248006719e-30,0.0,15603.6392137787,2602.16494845361
6086,2596.59793814433,4776.06106185567,0.0,0.0,-1.03063350757541e-13,0.0,-4.2094233482577094e-30,0.0,19541.5015592787,2596.59793814433
6087,2561.13402061856,1075.39397938144,0.0,0.0,1.09424009238699e-13,0.0,-4.008674815811789e-30,0.0,20428.1638952787,2561.13402061856
6088,1607.7915,0.0,0.0,0.0,951.938424971363,0.0,-4.83312262656253e-14,0.0,19337.7418735475,2559.7299249713637
6089,145.95609,0.0,0.0,0.0,2677.91820469645,0.0,5.20506628104592e-14,0.0,16270.2525210888,2823.8742946964503
6090,0.0,0.0,0.0,0.0,2952.92096219931,0.0,8.664521715608821e-14,0.0,12887.7542826016,2952.92096219931
6091,0.0,0.0,0.0,0.0,2916.95303550974,0.0,-1.90359811406343e-13,0.0,9546.4564183293,2916.95303550974
6092,0.0,0.0,0.0,0.0,2881.78694158076,0.0,-8.03734200232839e-14,0.0,6245.44044859189,2881.78694158076
6093,0.0,0.0,0.0,0.0,214.269511620721,0.0,2368.14271635511,0.0,6000.0,2582.4122279758312
6094,0.0,0.0,0.0,0.0,0.0,0.0,2489.3,0.0,6000.0,2489.3
6095,0.0,0.0,0.0,0.0,0.0,0.0,2446.2,0.0,6000.0,2446.2
6096,0.0,0.0,0.0,0.0,23.1088201603673,0.0,2430.326,0.0,11973.5294156239,2453.4348201603675
6097,0.0,0.0,0.0,0.0,2642.95532646048,0.0,-1.64016435408491e-13,0.0,8946.08917912847,2642.95532646048
6098,0.0,0.0,0.0,0.0,0.0,0.0,2371.6,0.0,8946.08917912847,2371.6
6099,0.0,0.0,0.0,0.0,0.0,0.0,2306.1,0.0,8946.08917912847,2306.1
6100,0.0,0.0,0.0,0.0,2571.93585337915,0.0,1.03703598336898e-13,0.0,6000.0,2571.93585337915
6101,0.0,0.0,0.0,0.0,0.0,0.0,2141.4,0.0,6000.0,2141.4
6102,1049.8383,0.0,0.0,0.0,0.0,0.0,1119.156849,0.0,6000.0,2168.995149
6103,2432.16494845361,1057.53105154639,0.0,0.0,-1.96635429381368e-13,0.0,7.42571839200829e-30,0.0,6871.934352,2432.16494845361
6104,2393.29896907217,3532.52303092783,0.0,0.0,-1.66567567607285e-13,0.0,1.05840861668667e-29,0.0,9784.499591,2393.29896907217
6105,2437.21649484536,1846.02750515464,0.0,0.0,-2.3815339941135597e-13,0.0,8.513170914472839e-30,0.0,11306.549269,2437.21649484536
6106,2509.07216494845,3094.21083505155,0.0,0.0,-1.21361833706222e-13,0.0,1.85438909195373e-30,0.0,13857.7261025,2509.07216494845
6107,2589.58762886598,2573.03137113402,0.0,0.0,-1.8141260023688e-13,0.0,-2.49319872435239e-30,0.0,15979.190468,2589.58762886598
6108,1401.6009,0.0,0.0,0.0,0.0,0.0,1203.747127,0.0,15979.190468,2605.348027
6109,2507.11340206186,3070.31859793814,0.0,0.0,0.0,0.0,-2.10592963457174e-13,0.0,18510.668152,2507.11340206186
6110,2568.45360824742,1831.50839175258,0.0,0.0,0.0,0.0,9.320196390148081e-15,0.0,20020.746821,2568.45360824742
6111,1245.2055,0.0,0.0,0.0,0.0,0.0,1225.850665,0.0,20020.746821,2471.056165
6112,747.6609,0.0,0.0,0.0,0.0,0.0,1636.668927,0.0,20020.746821,2384.329827
6113,548.9862,0.0,0.0,0.0,0.0,0.0,1868.383386,0.0,20020.746821,2417.369586
6114,0.0,0.0,0.0,0.0,0.0,0.0,2313.6,0.0,20020.746821,2313.6
6115,0.0,0.0,0.0,0.0,0.0,0.0,2344.0,0.0,20020.746821,2344.0
6116,0.0,0.0,0.0,0.0,0.0,0.0,2497.3,0.0,20020.746821,2497.3
6117,0.0,0.0,0.0,0.0,0.0,0.0,2432.0,0.0,20020.746821,2432.0
6118,0.0,0.0,0.0,0.0,0.0,0.0,2439.7,0.0,20020.746821,2439.7
6119,0.0,0.0,0.0,0.0,0.0,0.0,2283.3,0.0,20020.746821,2283.3
6120,0.0,0.0,0.0,0.0,0.0,0.0,2423.7,0.0,20020.746821,2423.7
6121,0.0,0.0,0.0,0.0,0.0,0.0,2459.5,0.0,20020.746821,2459.5
6122,0.0,0.0,0.0,0.0,0.0,0.0,2471.2,0.0,20020.746821,2471.2
6123,0.0,0.0,0.0,0.0,2594.34179947527,0.0,221.839609058092,0.0,17048.9921824258,2816.1814085333617
6124,0.0,0.0,0.0,0.0,2645.81901489118,0.0,1.30210187547581e-13,0.0,14018.2716613592,2645.81901489118
6125,0.0,0.0,0.0,0.0,2376.97594501718,0.0,1.52015246515122e-13,0.0,11295.5042558412,2376.97594501718
6126,0.0,0.0,0.0,0.0,2365.75028636884,0.0,1.78448372280983e-14,0.0,8585.59556584253,2365.75028636884
6127,476.8575,0.0,0.0,0.0,1892.26600801833,0.0,-1.93760278790152e-14,0.0,6418.0514558559,2369.12350801833
6128,1841.1246,0.0,0.0,0.0,364.9589209622,0.0,-1.1686724617444e-14,0.0,6000.0,2206.0835209622
6129,2158.65979381443,625.268206185567,0.0,0.0,-7.996678913860361e-14,0.0,-3.3858455950800394e-30,0.0,6515.533636,2158.65979381443
6130,2163.29896907216,3943.75291157119,0.0,2952.99911935665,-8.50342130199219e-14,0.0,-1.9433430825430897e-30,0.0,9767.15791159044,2163.29896907216
6131,2171.13402061856,3688.30527835051,0.0,3810.55670103093,-1.10840169300908e-13,0.0,-4.3873208213519595e-30,0.0,12808.1656135904,2171.13402061856
6132,2125.56701030928,3658.96528865979,0.0,3810.55670103093,1.69056074023814e-13,0.0,-8.608993391509731e-31,0.0,15824.9824940904,2125.56701030928
6133,2245.77319587629,6606.65080412371,0.0,0.0,6.036353421733521e-15,0.0,-1.2417249710705999e-31,0.0,21272.1660820904,2245.77319587629
6134,2376.70103092784,5108.64396907216,0.0,0.0,-8.89388794986593e-14,0.0,1.97509270083158e-30,0.0,25484.2430345904,2376.70103092784
6135,2416.90721649485,3125.49678350516,0.0,0.0,-1.81474062968065e-13,0.0,9.398147554265451e-31,0.0,28061.2151325904,2416.90721649485
6136,2503.9175257732,501.308474226804,0.0,0.0,-2.04863464084387e-13,0.0,3.0439684949852396e-30,0.0,28474.5439695904,2503.9175257732
6137,696.0807,0.0,0.0,0.0,2107.21846620848,0.0,-1.14945886646807e-13,0.0,26060.7771125361,2803.29916620848
6138,0.0,0.0,0.0,0.0,2840.54982817869,0.0,-1.0909575495756e-13,0.0,22806.9972406246,2840.54982817869
6139,0.0,0.0,0.0,0.0,2902.52004581902,0.0,-1.69012324054629e-13,0.0,19482.2320105914,2902.52004581902
6140,0.0,0.0,0.0,0.0,2879.26689576174,0.0,-8.810860148898e-14,0.0,16184.1026912767,2879.26689576174
6141,0.0,0.0,0.0,0.0,2896.67812142039,0.0,-1.16726756045046e-13,0.0,12866.0292417688,2896.67812142039
6142,0.0,0.0,0.0,0.0,3029.43871706758,0.0,1.00878307870764e-13,0.0,9395.88179953787,3029.43871706758
6143,0.0,0.0,0.0,0.0,2964.60481099656,0.0,-1.33431745988239e-13,0.0,6000.0,2964.60481099656
6144,0.0,0.0,0.0,0.0,0.0,0.0,2438.0,0.0,12000.0,2438.0
6145,0.0,0.0,0.0,0.0,0.0,0.0,2453.3,0.0,12000.0,2453.3
6146,0.0,0.0,0.0,0.0,0.0,0.0,2474.5,0.0,12000.0,2474.5
6147,0.0,0.0,0.0,0.0,0.0,0.0,2427.1,0.0,12000.0,2427.1
6148,0.0,0.0,0.0,0.0,0.0,0.0,2366.5,0.0,12000.0,2366.5
6149,0.0,0.0,0.0,0.0,0.0,0.0,2350.8,0.0,12000.0,2350.8
6150,91.76916,0.0,0.0,0.0,2816.70551523482,0.0,1.91006419840442e-14,0.0,8773.53320133468,2908.47467523482
6151,2177.175,0.0,0.0,0.0,487.331328751432,0.0,1.13817068281311e-14,0.0,8215.30716610967,2664.506328751432
6152,2534.63917525773,2071.10182474227,0.0,0.0,-1.6401109557675e-14,0.0,4.25249658270774e-31,0.0,9922.93062060967,2534.63917525773
6153,2537.62886597938,5383.02513402062,0.0,0.0,2.18095991544645e-13,0.0,3.34091153537358e-30,0.0,14361.2348436097,2537.62886597938
6154,2584.53608247423,6491.34891752577,0.0,0.0,-1.24267573475399e-13,0.0,-9.081229241501099e-30,0.0,19713.3520261097,2584.53608247423
6155,2449.48453608247,7106.35546391753,0.0,0.0,1.74629673913147e-14,0.0,5.5797954624942105e-31,0.0,25572.5421061097,2449.48453608247
6156,2531.13402061856,4086.59597938144,0.0,0.0,2.12688739593296e-13,0.0,7.925632238394609e-30,0.0,28941.9404911097,2531.13402061856
6157,2528.86597938144,3269.23402061856,0.0,0.0,-2.50983167677503e-13,0.0,1.75780582960114e-29,0.0,31637.4239411097,2528.8659793814395
6158,2707.9381443299,4459.1728556701,0.0,0.0,1.50367837646665e-13,0.0,-2.4339528026472598e-30,0.0,35314.0119606097,2707.9381443299
6159,2634.94845360825,2598.46154639175,0.0,0.0,-1.90446153328121e-13,0.0,6.300753051338159e-30,0.0,37456.4435056097,2634.94845360825
6160,1506.6807,0.0,0.0,0.0,1187.76600343643,0.0,-7.54245270623307e-14,0.0,36095.8868006424,2694.4467034364297
6161,40.22445,0.0,0.0,0.0,0.0,0.0,2534.1822835,0.0,36095.8868006424,2574.4067335
6162,0.0,0.0,0.0,0.0,0.0,0.0,2502.6,0.0,36095.8868006424,2502.6
6163,0.0,0.0,0.0,0.0,2724.99697570079,0.0,84.5776402132069,0.0,32974.469875441,2809.5746159139967
6164,0.0,0.0,0.0,0.0,2877.54868270332,0.0,-4.80938867704891e-14,0.0,29678.3087268691,2877.54868270332
6165,0.0,0.0,0.0,0.0,2832.07331042383,0.0,-1.02289602014551e-13,0.0,26434.2384972885,2832.07331042383
6166,0.0,0.0,0.0,0.0,0.0,0.0,2542.2,0.0,26434.2384972885,2542.2
6167,0.0,0.0,0.0,0.0,0.0,0.0,2535.5,0.0,26434.2384972885,2535.5
6168,0.0,0.0,0.0,0.0,0.0,0.0,2395.1,0.0,26434.2384972885,2395.1
6169,0.0,0.0,0.0,0.0,0.0,0.0,2487.9,0.0,26434.2384972885,2487.9
6170,0.0,0.0,0.0,0.0,0.0,0.0,2407.3,0.0,26434.2384972885,2407.3
6171,0.0,0.0,0.0,0.0,2768.72852233677,0.0,-1.7061422759507998e-13,0.0,23262.7281624239,2768.72852233677
6172,0.0,0.0,0.0,0.0,2778.23596792669,0.0,-5.4182017152146e-14,0.0,20080.3272827828,2778.23596792669
6173,0.0,0.0,0.0,0.0,2993.47079037801,0.0,-1.18373807129085e-13,0.0,16651.3802147668,2993.47079037801
6174,0.0,0.0,0.0,0.0,2920.96219931271,0.0,-1.66392016621715e-14,0.0,13305.4899520947,2920.96219931271
6175,65.49249,0.0,0.0,0.0,2859.30387709049,0.0,-1.17702640741352e-13,0.0,10030.2277790243,2924.79636709049
6176,647.9802,0.0,0.0,0.0,2295.14227491409,0.0,-7.09563212188263e-14,0.0,7401.19882723266,2943.12247491409
6177,1755.8037,0.0,0.0,0.0,1085.9913069874,0.0,6.76401002887903e-14,0.0,6157.22253056897,2841.7950069874
6178,2717.295,0.0,0.0,0.0,137.255269186712,0.0,-1.97307899940797e-15,0.0,6000.0,2854.5502691867123
6179,2797.9381443299,6811.8088556701,0.0,0.0,-1.4379929668563e-13,0.0,-1.06810245875694e-29,0.0,11616.3364015,2797.9381443299
6180,2731.03092783505,2865.74207216495,0.0,0.0,9.37734582208824e-14,0.0,-3.9102580343173094e-30,0.0,13979.14074,2731.03092783505
6181,2722.98969072165,1896.80030927835,0.0,0.0,-8.35786161199563e-14,0.0,-2.39514130444173e-30,0.0,15543.052595,2722.98969072165
6182,2805.25773195876,631.266268041237,0.0,0.0,-2.42547250494607e-13,0.0,-4.97468928136685e-30,0.0,16063.531633,2805.2577319587595
6183,2070.0603,0.0,0.0,0.0,739.795542955326,0.0,1.20007036183184e-14,0.0,15216.1140580225,2809.855842955326
6184,913.2984,0.0,0.0,0.0,1851.43247651776,0.0,2.6935666988446202e-14,0.0,13095.343752733,2764.73087651776
6185,640.8507,0.0,0.0,0.0,2165.9505395189,0.0,1.40726453671503e-13,0.0,10614.3007521386,2806.8012395189
6186,0.0,0.0,0.0,0.0,2898.51088201604,0.0,5.42615035250834e-14,0.0,7294.12792050513,2898.51088201604
6187,0.0,0.0,0.0,0.0,1129.77367460098,0.0,1653.00758207334,0.0,6000.0,2782.78125667432
6188,0.0,0.0,0.0,0.0,0.0,0.0,2530.2,0.0,6000.0,2530.2
6189,0.0,0.0,0.0,0.0,0.0,0.0,2544.4,0.0,6000.0,2544.4
6190,0.0,0.0,0.0,0.0,0.0,0.0,2619.2,0.0,6000.0,2619.2
6191,0.0,0.0,0.0,0.0,0.0,0.0,2517.4,0.0,6000.0,2517.4
6192,0.0,0.0,0.0,0.0,0.0,0.0,2455.4,0.0,12000.0,2455.4
6193,0.0,0.0,0.0,0.0,0.0,0.0,2474.3,0.0,12000.0,2474.3
6194,0.0,0.0,0.0,0.0,0.0,0.0,2479.3,0.0,12000.0,2479.3
6195,0.0,0.0,0.0,0.0,0.0,0.0,2458.8,0.0,12000.0,2458.8
6196,0.0,0.0,0.0,0.0,493.37918785796,0.0,1923.379969,0.0,11434.8462911134,2416.75915685796
6197,0.0,0.0,0.0,0.0,2910.99656357388,0.0,-1.75818476997638e-13,0.0,8100.37141874932,2910.99656357388
6198,886.5423,0.0,0.0,0.0,1833.62424856816,0.0,-2.6074033157342702e-14,0.0,6000.0,2720.16654856816
6199,2197.21649484536,1219.33650515464,0.0,0.0,6.706255237562891e-14,0.0,-2.9479641759192097e-30,0.0,7005.3429485,2197.21649484536
6200,2255.9793814433,3754.8506185567,0.0,0.0,1.6765900306924202e-14,0.0,-9.32628082690727e-31,0.0,10101.2172835,2255.9793814433
6201,2235.46391752577,1983.16308247423,0.0,0.0,-1.2971279387161e-13,0.0,4.3386661544885495e-30,0.0,11736.335245,2235.46391752577
6202,2233.40206185567,2331.19993814433,0.0,0.0,1.46302277260697e-13,0.0,6.166875509126809e-30,0.0,13658.409594,2233.40206185567
6203,2135.36082474227,2376.23717525773,0.0,0.0,2.47490280520661e-13,0.0,-1.16267853537726e-29,0.0,15617.617145,2135.3608247422703
6204,1999.79381443299,3481.60518556701,0.0,0.0,8.70819917974783e-14,0.0,5.05193719133009e-30,0.0,18488.2006205,1999.79381443299
6205,2034.94845360825,2852.78054639175,0.0,0.0,5.95053634553004e-14,0.0,-5.32166026856574e-30,0.0,20840.318181,2034.94845360825
6206,2165.9793814433,2128.4576185567,0.0,0.0,-1.7871474294758e-13,0.0,-8.698319413004619e-30,0.0,22595.2314875,2165.9793814433
6207,2213.40206185567,304.14093814433,0.0,0.0,4.15114671471659e-14,0.0,5.15501285504174e-31,0.0,22845.995691,2213.40206185567
6208,1200.0765,0.0,0.0,0.0,1067.49804696449,0.0,-2.15232311138811e-14,0.0,21623.2029682457,2267.57454696449
6209,558.3165,0.0,0.0,0.0,1864.18441580756,0.0,-4.76202465623609e-14,0.0,19487.8256305509,2422.50091580756
6210,0.0,0.0,0.0,0.0,2492.55441008018,0.0,1.92238321990033e-13,0.0,16632.6659397374,2492.55441008018
6211,0.0,0.0,0.0,0.0,0.0,0.0,2142.8,0.0,16632.6659397374,2142.8
6212,0.0,0.0,0.0,0.0,2559.90836197022,0.0,-2.04637935717318e-14,0.0,13700.3539558082,2559.90836197022
6213,0.0,0.0,0.0,0.0,0.0,0.0,2093.4,0.0,13700.3539558082,2093.4
6214,0.0,0.0,0.0,0.0,0.0,0.0,2217.6,0.0,13700.3539558082,2217.6
6215,0.0,0.0,0.0,0.0,0.0,0.0,2210.3,0.0,13700.3539558082,2210.3
6216,0.0,0.0,0.0,0.0,0.0,0.0,2260.5,0.0,13700.3539558082,2260.5
6217,0.0,0.0,0.0,0.0,0.0,0.0,2363.8,0.0,13700.3539558082,2363.8
6218,0.0,0.0,0.0,0.0,0.0,0.0,2258.5,0.0,13700.3539558082,2258.5
6219,0.0,0.0,0.0,0.0,0.0,0.0,2402.8,0.0,13700.3539558082,2402.8
6220,0.0,0.0,0.0,0.0,0.0,0.0,2308.3,0.0,13700.3539558082,2308.3
6221,0.0,0.0,0.0,0.0,0.0,0.0,2634.4,0.0,13700.3539558082,2634.4
6222,48.13662,0.0,0.0,0.0,0.0,0.0,2335.7074786,0.0,13700.3539558082,2383.8440986
6223,2357.83505154639,761.987948453608,0.0,0.0,3.02927356574616e-14,0.0,-2.4280099219382504e-31,0.0,14328.6130193082,2357.83505154639
6224,320.8401,0.0,0.0,0.0,2262.7549862543,0.0,6.4955605314506e-14,0.0,11736.6829090513,2583.5950862543
6225,1405.9962,0.0,0.0,0.0,1084.63194272623,0.0,-2.85413791396994e-14,0.0,10494.2637306707,2490.62814272623
6226,2382.78350515464,2299.62849484536,0.0,0.0,-1.5826967935653702e-14,0.0,5.17777403673473e-31,0.0,12390.3074246707,2382.78350515464
6227,259.2009,0.0,0.0,0.0,2531.12843871707,0.0,-6.871813617920521e-14,0.0,9490.96213404405,2790.3293387170697
6228,2631.64948453608,3746.28151546392,0.0,0.0,-2.32218994410631e-13,0.0,-2.05568558746837e-29,0.0,12579.7712435441,2631.6494845360794
6229,91.72779,0.0,0.0,0.0,2712.2841279496,0.0,-1.70259745630209e-13,0.0,9472.91657235322,2804.0119179496
6230,273.1806,0.0,0.0,0.0,2626.93564490263,0.0,-4.3082096743591604e-14,0.0,6463.82648655409,2900.11624490263
6231,2346.876,0.0,0.0,0.0,306.105704467354,0.0,-1.1450208417920501e-14,0.0,6113.18994077247,2652.981704467354
6232,61.53819,0.0,0.0,0.0,98.8148182943694,0.0,2362.54261932902,0.0,6000.0,2522.8956276233894
6233,41.66379,0.0,0.0,0.0,0.0,0.0,2456.7861237,0.0,6000.0,2498.4499137000003
6234,0.0,0.0,0.0,0.0,0.0,0.0,2521.1,0.0,6000.0,2521.1
6235,0.0,0.0,0.0,0.0,0.0,0.0,2424.1,0.0,6000.0,2424.1
6236,0.0,0.0,0.0,0.0,0.0,0.0,2311.6,0.0,6000.0,2311.6
6237,0.0,0.0,0.0,0.0,0.0,0.0,2308.9,0.0,6000.0,2308.9
6238,0.0,0.0,0.0,0.0,0.0,0.0,2411.5,0.0,6000.0,2411.5
6239,0.0,0.0,0.0,0.0,0.0,0.0,2545.5,0.0,6000.0,2545.5
6240,0.0,0.0,0.0,0.0,0.0,0.0,2511.4,0.0,12000.0,2511.4
6241,0.0,0.0,0.0,0.0,0.0,0.0,2488.9,0.0,12000.0,2488.9
6242,0.0,0.0,0.0,0.0,0.0,0.0,2398.8,0.0,12000.0,2398.8
6243,0.0,0.0,0.0,0.0,0.0,0.0,2364.7,0.0,12000.0,2364.7
6244,0.0,0.0,0.0,0.0,228.477835805941,0.0,2074.13884934141,0.0,11738.2842659726,2302.6166851473517
6245,0.0,0.0,0.0,0.0,2626.11683848797,0.0,2.8459312035664203e-15,0.0,8730.13210275611,2626.11683848797
6246,846.1257,0.0,0.0,0.0,1771.88782474227,0.0,3.70261826971725e-14,0.0,6700.47823707196,2618.01352474227
6247,2268.35051546392,1121.49048453608,0.0,0.0,-1.2350002353203999e-13,0.0,8.6158620270081e-30,0.0,7625.14714157196,2268.35051546392
6248,2288.35051546392,3698.64448453608,0.0,0.0,-1.87092134185082e-14,0.0,4.9372484547187e-31,0.0,10674.679519072,2288.35051546392
6249,2251.44329896907,5653.94370103093,0.0,0.0,1.31225867864902e-13,0.0,-7.41569136913488e-30,0.0,15336.356100572,2251.44329896907
6250,2372.68041237113,6783.31958762887,0.0,0.0,6.72089721243212e-14,0.0,-4.4118299222873895e-30,0.0,20929.203100572,2372.68041237113
6251,2417.9381443299,7289.9208556701,0.0,0.0,-5.12171246435784e-14,0.0,1.1585757842150499e-30,0.0,26939.742846072,2417.9381443299
6252,2350.20618556701,7221.78281443299,0.0,0.0,-1.9913694156354e-13,0.0,9.084391802299771e-31,0.0,32894.102776572,2350.20618556701
6253,2404.74226804124,6358.66273195876,0.0,0.0,1.93204004955711e-13,0.0,-4.90745892954846e-30,0.0,38136.820199072,2404.74226804124
6254,2255.46391752577,5033.32108247423,0.0,0.0,-2.49219837580787e-14,0.0,-1.0287687460159099e-30,0.0,42286.793431572,2255.46391752577
6255,2184.53608247423,3042.86791752577,0.0,0.0,-1.36476211546879e-13,0.0,-2.8930030933393297e-30,0.0,44795.638029572,2184.53608247423
6256,2451.54639175258,163.877608247423,0.0,0.0,2.46722730577301e-13,0.0,-7.28625837402765e-30,0.0,44930.755117572,2451.5463917525803
6257,357.0735,0.0,0.0,0.0,2223.8702233677,0.0,1.17182477451947e-13,0.0,42383.3665455586,2580.9437233677
6258,0.0,0.0,0.0,0.0,2674.22680412371,0.0,4.47681479516215e-14,0.0,39320.1056015451,2674.22680412371
6259,0.0,0.0,0.0,0.0,2753.03550973654,0.0,-1.24257874194924e-13,0.0,36166.571226131,2753.03550973654
6260,0.0,0.0,0.0,0.0,2794.2726231386,0.0,-9.553553926064741e-14,0.0,32965.8007528909,2794.2726231386
6261,0.0,0.0,0.0,0.0,2775.25773195876,0.0,1.08415636147874e-14,0.0,29786.8113692039,2775.25773195876
6262,0.0,0.0,0.0,0.0,2721.53493699885,0.0,-1.84795228120651e-13,0.0,26669.3601240735,2721.53493699885
6263,0.0,0.0,0.0,0.0,2638.14432989691,0.0,1.27013323112196e-13,0.0,23647.4307656578,2638.14432989691
6264,0.0,0.0,0.0,0.0,2686.13974799542,0.0,7.343839269679261e-14,0.0,20570.523837828,2686.13974799542
6265,0.0,0.0,0.0,0.0,2446.96449026346,0.0,1.00298373145093e-13,0.0,17767.5862773887,2446.96449026346
6266,0.0,0.0,0.0,0.0,2265.63573883162,0.0,1.37265551349997e-13,0.0,15172.3563360009,2265.63573883162
6267,0.0,0.0,0.0,0.0,2287.05612829324,0.0,-1.14626430785781e-13,0.0,12552.5898660201,2287.05612829324
6268,0.0,0.0,0.0,0.0,2234.36426116838,0.0,-1.29271945572696e-13,0.0,9993.1806321502,2234.36426116838
6269,0.0,0.0,0.0,0.0,2103.89461626575,0.0,3.6479076854806403e-14,0.0,7583.22116334636,2103.89461626575
6270,790.8054,0.0,0.0,0.0,1382.15207560137,0.0,-4.1655297743401303e-14,0.0,6000.0,2172.95747560137
6271,2223.29896907216,1061.26903092784,0.0,0.0,2.29338217320672e-13,0.0,3.99197046419771e-30,0.0,6875.016316,2223.2989690721606
6272,2197.62886597938,730.779134020619,0.0,0.0,-6.42107236027468e-16,0.0,3.66261042571102e-32,0.0,7477.543712,2197.62886597938
6273,2313.29896907217,2248.93003092783,0.0,0.0,-6.48289170116235e-14,0.0,-4.255101320724379e-30,0.0,9331.7865225,2313.29896907217
6274,2351.34020618557,2903.8030927835,0.0,3810.55670103093,2.48854837061124e-14,0.0,-1.16748485123634e-30,0.0,11725.9721725,2351.34020618557
6275,2295.15463917526,5209.05505678,0.0,2158.05830404474,-1.59145051292487e-13,0.0,6.1039194883492e-30,0.0,16020.8380668151,2295.15463917526
6276,2394.0206185567,3344.98368041237,0.0,3810.55670103093,1.0953246054253e-13,0.0,3.36263413078864e-30,0.0,18778.7771113151,2394.0206185567
6277,2440.20618556701,6293.21081443299,0.0,0.0,-3.65629830903583e-15,0.0,-2.78651902809392e-31,0.0,23967.5294278151,2440.20618556701
6278,2317.62886597938,4926.57313402062,0.0,0.0,1.07200862395374e-13,0.0,7.836503858318281e-31,0.0,28029.4889768151,2317.62886597938
6279,2151.54639175258,1085.24660824742,0.0,0.0,2.37566252023691e-13,0.0,-1.36638978870334e-29,0.0,28924.2748053151,2151.5463917525803
6280,1479.9393,0.0,0.0,0.0,857.341213058419,0.0,-2.64440181520015e-14,0.0,27942.2115601165,2337.2805130584197
6281,50.10747,0.0,0.0,0.0,2500.68242164948,0.0,5.71927970256949e-14,0.0,25077.7414322247,2550.78989164948
6282,0.0,0.0,0.0,0.0,2560.71019473081,0.0,-3.0466810950125703e-14,0.0,22144.5109686155,2560.71019473081
6283,0.0,0.0,0.0,0.0,2830.92783505155,0.0,1.82164111973498e-14,0.0,18901.7528528635,2830.92783505155
6284,0.0,0.0,0.0,0.0,2817.86941580756,0.0,1.1005217966408e-13,0.0,15673.9528347563,2817.86941580756
6285,0.0,0.0,0.0,0.0,2737.11340206186,0.0,7.03457086396175e-14,0.0,12538.6568415583,2737.11340206186
6286,0.0,0.0,0.0,0.0,2823.82588774341,0.0,9.55108452553749e-14,0.0,9304.03383154295,2823.82588774341
6287,0.0,0.0,0.0,0.0,2884.421534937,0.0,-3.4894004956710105e-14,0.0,6000.0,2884.421534937
6288,0.0,0.0,0.0,0.0,0.0,0.0,2396.6,0.0,12000.0,2396.6
6289,0.0,0.0,0.0,0.0,0.0,0.0,2468.8,0.0,12000.0,2468.8
6290,0.0,0.0,0.0,0.0,0.0,0.0,2517.0,0.0,12000.0,2517.0
6291,0.0,0.0,0.0,0.0,0.0,0.0,2578.9,0.0,12000.0,2578.9
6292,0.0,0.0,0.0,0.0,0.0,0.0,2416.9,0.0,12000.0,2416.9
6293,0.0,0.0,0.0,0.0,0.0,0.0,2556.6,0.0,12000.0,2556.6
6294,30.37356,0.0,0.0,0.0,0.0,0.0,2435.4376468,0.0,12000.0,2465.8112068
6295,1018.7814,0.0,0.0,0.0,1734.80188087056,0.0,8.40266556438795e-14,0.0,10012.8271696786,2753.58328087056
6296,2199.351,0.0,0.0,0.0,0.0,0.0,325.12953,0.0,10012.8271696786,2524.4805300000003
6297,2510.10309278351,2858.8199072165,0.0,0.0,-6.7319521132288e-15,0.0,-1.70315741097579e-33,0.0,12369.9241831786,2510.10309278351
6298,2460.41237113402,2586.20262886598,0.0,0.0,-1.85355235160479e-13,0.0,-7.583973721361899e-31,0.0,14502.2482506786,2460.41237113402
6299,2589.48453608247,3937.86146391753,0.0,0.0,2.30096747136247e-13,0.0,-1.99880536348953e-29,0.0,17749.0150276786,2589.48453608247
6300,2647.52577319588,3454.59122680412,0.0,0.0,-9.629993308227241e-14,0.0,3.0222458995701698e-30,0.0,20597.3254941786,2647.52577319588
6301,2502.68041237113,3291.38758762887,0.0,0.0,-3.30035987124054e-14,0.0,-1.3649798273436e-30,0.0,23311.0745601786,2502.68041237113
6302,2635.36082474227,1763.38317525773,0.0,0.0,-2.42523756208284e-13,0.0,4.27471931822837e-31,0.0,24764.9839881786,2635.3608247422694
6303,1241.6229,0.0,0.0,0.0,1578.03641122566,0.0,-4.38084476939592e-14,0.0,22957.3821425593,2819.65931122566
6304,2168.544,0.0,0.0,0.0,576.417319587629,0.0,-2.3191373586705998e-14,0.0,22297.1102988163,2744.961319587629
6305,66.20313,0.0,0.0,0.0,2962.6379884307,0.0,-8.20487891167852e-14,0.0,18903.4814460893,3028.8411184307
6306,0.0,0.0,0.0,0.0,3001.37457044674,0.0,1.33570265195798e-13,0.0,15465.4807926566,3001.37457044674
6307,0.0,0.0,0.0,0.0,2950.63001145475,0.0,-1.27090107306574e-13,0.0,12085.6067818264,2950.63001145475
6308,0.0,0.0,0.0,0.0,3039.97709049255,0.0,5.90602715009193e-14,0.0,8603.38789237332,3039.97709049255
6309,0.0,0.0,0.0,0.0,2272.75763004191,0.0,597.382588973416,0.0,6000.0,2870.140219015326
6310,0.0,0.0,0.0,0.0,0.0,0.0,2700.0,0.0,6000.0,2700.0
6311,0.0,0.0,0.0,0.0,0.0,0.0,2557.6,0.0,6000.0,2557.6
6312,0.0,0.0,0.0,0.0,0.0,0.0,2526.2,0.0,6000.0,2526.2
6313,0.0,0.0,0.0,0.0,0.0,0.0,2525.3,0.0,6000.0,2525.3
6314,0.0,0.0,0.0,0.0,0.0,0.0,2526.4,0.0,6000.0,2526.4
6315,0.0,0.0,0.0,0.0,0.0,0.0,2611.9,0.0,6000.0,2611.9
6316,0.0,0.0,0.0,0.0,0.0,0.0,2390.1,0.0,6000.0,2390.1
6317,0.0,0.0,0.0,0.0,0.0,0.0,2251.8,0.0,6000.0,2251.8
6318,194.48898,0.0,0.0,0.0,0.0,0.0,2059.5456894,0.0,6000.0,2254.0346694
6319,2420.0,385.957,0.0,0.0,1.78042638542408e-13,0.0,1.57844470703329e-30,0.0,6318.2215465,2420.0
6320,2340.72164948454,2948.56935051546,0.0,0.0,5.06064829695908e-14,0.0,-6.926548458382191e-31,0.0,8749.316976,2340.72164948454
6321,2352.88659793814,4073.53870226162,4.54747350886464e-13,642.279699800231,1.96830306095602e-13,0.0,-9.116690002217969e-30,0.0,12107.9496360147,2352.88659793814
6322,2391.23711340206,5921.61288659794,0.0,0.0,1.09447503525022e-13,0.0,1.39348639737789e-30,0.0,16990.3194610147,2391.23711340206
6323,2549.89690721649,6263.8660927835,0.0,0.0,-4.71895327024718e-14,0.0,1.3929221654096e-30,0.0,22154.8770545147,2549.89690721649
6324,2405.56701030928,2458.11528865979,0.0,3810.55670103093,8.90487991953854e-14,0.0,5.3835970796750796e-30,0.0,24181.5931100147,2405.56701030928
6325,2362.16494845361,5622.39205154639,0.0,0.0,2.17949571795953e-13,0.0,4.8047772817417595e-30,0.0,28817.2553565147,2362.16494845361
6326,2630.30927835052,248.096020618555,0.0,3810.55670103093,-1.85378729446802e-13,0.0,-6.1605585853258796e-30,0.0,29021.8105255147,2630.30927835052
6327,2416.70103092783,0.0,0.0,2337.21596907217,1.0501568399691e-13,0.0,-3.25919910549317e-30,0.0,29021.8105255147,2416.70103092783
6328,2310.882,0.0,0.0,0.0,39.7989232531508,0.0,1.2999360223864702e-15,0.0,28976.221839085,2350.680923253151
6329,219.0258,0.0,0.0,0.0,2521.93009621993,0.0,1.71372125550242e-13,0.0,26087.4130232546,2740.95589621993
6330,0.0,0.0,0.0,0.0,2949.94272623139,0.0,3.61629707978597e-14,0.0,22708.3262807215,2949.94272623139
6331,0.0,0.0,0.0,0.0,2882.01603665521,0.0,1.10620874303633e-13,0.0,19407.0478882184,2882.01603665521
6332,0.0,0.0,0.0,0.0,2865.06300114548,0.0,1.24233180189651e-13,0.0,16125.1887803771,2865.06300114548
6333,0.0,0.0,0.0,0.0,2797.9381443299,0.0,1.3093515275445e-13,0.0,12920.2195428858,2797.9381443299
6334,0.0,0.0,0.0,0.0,2985.33791523482,0.0,1.74923787304299e-13,0.0,9500.58848305208,2985.33791523482
6335,0.0,0.0,0.0,0.0,3056.01374570447,0.0,-4.0046164170163103e-14,0.0,6000.0,3056.01374570447
6336,0.0,0.0,0.0,0.0,2982.01603665521,0.0,-1.62049900544305e-13,0.0,8584.17407026894,2982.01603665521
6337,0.0,0.0,0.0,0.0,2255.98396334479,0.0,730.126,0.0,6000.0,2986.1099633447902
6338,0.0,0.0,0.0,0.0,0.0,0.0,2601.4,0.0,6000.0,2601.4
6339,0.0,0.0,0.0,0.0,0.0,0.0,2578.7,0.0,6000.0,2578.7
6340,0.0,0.0,0.0,0.0,0.0,0.0,2454.1,0.0,6000.0,2454.1
6341,0.0,0.0,0.0,0.0,0.0,0.0,2576.9,0.0,6000.0,2576.9
6342,616.9779,0.0,0.0,0.0,0.0,0.0,2004.931437,0.0,6000.0,2621.909337
6343,2596.80412371134,340.29787628866,0.0,0.0,1.31348793327271e-13,0.0,7.755899919561439e-30,0.0,6280.575599,2596.80412371134
6344,2766.0824742268,2616.5535257732,0.0,0.0,-5.1009242163701505e-14,0.0,1.77110112013147e-30,0.0,8437.923981,2766.0824742268
6345,2640.30927835052,4475.60372164948,0.0,0.0,0.0,0.0,1.1127923325073e-13,0.0,12128.0592495,2640.30927835052
6346,2562.16494845361,3487.91405154639,0.0,0.0,0.0,0.0,1.95599046696067e-13,0.0,15003.844385,2562.16494845361
6347,2562.16494845361,6255.88205154639,0.0,0.0,0.0,0.0,1.95599046696067e-13,0.0,20161.8191365,2562.16494845361
6348,2562.37113402062,6149.37386597938,0.0,0.0,0.0,0.0,-5.4506502404355804e-14,0.0,25231.977889,2562.37113402062
6349,1574.3259,0.0,0.0,0.0,0.0,0.0,829.203877,0.0,25231.977889,2403.529777
6350,1638.9177,0.0,0.0,0.0,0.0,0.0,874.849831,0.0,25231.977889,2513.767531
6351,1871.8497,0.0,0.0,0.0,0.0,0.0,643.905791,0.0,25231.977889,2515.755491
6352,597.2001,0.0,0.0,0.0,0.0,0.0,1745.515903,0.0,25231.977889,2342.716003
6353,0.0,0.0,0.0,0.0,0.0,0.0,2386.8,0.0,25231.977889,2386.8
6354,0.0,0.0,0.0,0.0,0.0,0.0,2475.5,0.0,25231.977889,2475.5
6355,0.0,0.0,0.0,0.0,0.0,0.0,2519.1,0.0,25231.977889,2519.1
6356,0.0,0.0,0.0,0.0,0.0,0.0,2555.3,0.0,25231.977889,2555.3
6357,0.0,0.0,0.0,0.0,0.0,0.0,2410.0,0.0,25231.977889,2410.0
6358,0.0,0.0,0.0,0.0,2804.69644902635,0.0,1.0639080096735099e-13,0.0,22019.2671799206,2804.69644902635
6359,0.0,0.0,0.0,0.0,2808.36197021764,0.0,-6.3800307788539306e-15,0.0,18802.3577065899,2808.36197021764
6360,0.0,0.0,0.0,0.0,2831.156930126,0.0,-1.87783731799616e-13,0.0,15559.3371680722,2831.156930126
6361,0.0,0.0,0.0,0.0,2868.15578465063,0.0,-1.84534777175126e-13,0.0,12273.9353528939,2868.15578465063
6362,0.0,0.0,0.0,0.0,2742.49713631157,0.0,-2.46869242624975e-14,0.0,9132.47242470196,2742.49713631157
6363,0.0,0.0,0.0,0.0,2734.64842676481,0.0,83.9519234343196,0.0,6000.0,2818.60035019913
6364,0.0,0.0,0.0,0.0,0.0,0.0,2299.1,0.0,6000.0,2299.1
6365,0.0,0.0,0.0,0.0,0.0,0.0,2377.3,0.0,6000.0,2377.3
6366,0.0,0.0,0.0,0.0,0.0,0.0,2426.8,0.0,6000.0,2426.8
6367,1711.3194,0.0,0.0,0.0,0.0,0.0,736.520182,0.0,6000.0,2447.839582
6368,1994.2167,0.0,0.0,0.0,0.0,0.0,497.909801,0.0,6000.0,2492.126501
6369,2482.47422680412,931.033773195877,0.0,0.0,1.48695338139038e-13,0.0,5.3128457743046895e-30,0.0,6767.637346,2482.47422680412
6370,2599.8969072165,2849.0570927835,0.0,0.0,-3.00363962120433e-14,0.0,6.28220464268755e-31,0.0,9116.684919,2599.8969072165
6371,2599.58762886598,3624.60237113402,0.0,0.0,1.3143375034477899e-13,0.0,9.72504765297219e-30,0.0,12105.169574,2599.58762886598
6372,2594.74226804124,6386.70573195876,0.0,0.0,-9.79109698587151e-14,0.0,-3.6827781273839e-30,0.0,17371.00845,2594.74226804124
6373,2516.39175257732,5662.66724742268,0.0,0.0,-2.20109787515198e-13,0.0,7.56072439815624e-30,0.0,22039.8775955,2516.39175257732
6374,2609.69072164948,3077.84427835051,0.0,0.0,4.83978102848038e-14,0.0,8.81143573774187e-31,0.0,24577.560203,2609.69072164948
6375,2535.87628865979,407.294711340206,0.0,0.0,0.0,0.0,-1.50709410586997e-13,0.0,24913.3746925,2535.87628865979
6376,672.7161,0.0,0.0,0.0,0.0,0.0,1825.365383,0.0,24913.3746925,2498.081483
6377,19.007142,0.0,0.0,0.0,0.0,0.0,2344.56307226,0.0,24913.3746925,2363.57021426
6378,0.0,0.0,0.0,0.0,1784.68653037839,0.0,832.368658979664,0.0,22869.0602247126,2617.055189358054
6379,0.0,0.0,0.0,0.0,2975.94501718213,0.0,1.5398872402482399e-13,0.0,19460.1884982726,2975.94501718213
6380,0.0,0.0,0.0,0.0,3011.56930126002,0.0,1.44502311096879e-13,0.0,16010.5100317663,3011.56930126002
6381,0.0,0.0,0.0,0.0,2879.03780068728,0.0,6.01386279454049e-14,0.0,12712.6431352173,2879.03780068728
6382,0.0,0.0,0.0,0.0,2898.16723940435,0.0,1.0701158579600999e-13,0.0,9392.86393773233,2898.16723940435
6383,0.0,0.0,0.0,0.0,2961.97021764032,0.0,1.60330362706489e-13,0.0,6000.0,2961.97021764032
6384,0.0,0.0,0.0,0.0,0.0,0.0,2539.8,0.0,12000.0,2539.8
6385,0.0,0.0,0.0,0.0,0.0,0.0,2477.6,0.0,12000.0,2477.6
6386,0.0,0.0,0.0,0.0,0.0,0.0,2598.2,0.0,12000.0,2598.2
6387,0.0,0.0,0.0,0.0,0.0,0.0,2517.9,0.0,12000.0,2517.9
6388,0.0,0.0,0.0,0.0,0.0,0.0,2365.3,0.0,12000.0,2365.3
6389,0.0,0.0,0.0,0.0,0.0,0.0,2507.7,0.0,12000.0,2507.7
6390,516.8079,0.0,0.0,0.0,2355.55135967927,0.0,-2.58290253901818e-14,0.0,9301.77392934792,2872.3592596792696
6391,548.2407,0.0,0.0,0.0,2269.53782474227,0.0,-1.46489864106161e-13,0.0,6702.07424464887,2817.77852474227
6392,2119.236,0.0,0.0,0.0,420.207422680413,0.0,1.78004140637023e-16,0.0,6220.73699071942,2539.443422680413
6393,2573.09278350515,1035.23221649485,0.0,0.0,5.608631548404531e-15,0.0,-3.03214848362057e-31,0.0,7074.28595321942,2573.09278350515
6394,2620.61855670103,2704.70844329897,0.0,0.0,-1.5442039226699e-13,0.0,7.8288734984839e-30,0.0,9304.31806471942,2620.61855670103
6395,2575.9793814433,3081.6516185567,0.0,0.0,1.30713188974065e-13,0.0,2.8322788108423498e-30,0.0,11845.1398242194,2575.9793814433
6396,2612.37113402062,2279.66286597938,0.0,0.0,-6.09097763743478e-14,0.0,-3.73254762003172e-31,0.0,13724.7218572194,2612.37113402062
6397,2596.28865979381,705.625340206186,0.0,0.0,7.40338525307745e-14,0.0,-6.13174154238444e-31,0.0,14306.5099502194,2596.28865979381
6398,1224.8334,0.0,0.0,0.0,1521.54822680412,0.0,-6.84688176945492e-15,0.0,12563.6139286798,2746.38162680412
6399,156.39729,0.0,0.0,0.0,0.0,0.0,2344.5946287,0.0,12563.6139286798,2500.9919187
6400,10.224522,0.0,0.0,0.0,0.0,0.0,2391.28221366,0.0,12563.6139286798,2401.50673566
6401,8.106609,0.0,0.0,0.0,0.0,0.0,2380.83658927,0.0,12563.6139286798,2388.94319827
6402,0.0,0.0,0.0,0.0,0.0,0.0,2426.1,0.0,12563.6139286798,2426.1
6403,0.0,0.0,0.0,0.0,0.0,0.0,2280.0,0.0,12563.6139286798,2280.0
6404,0.0,0.0,0.0,0.0,0.0,0.0,2467.7,0.0,12563.6139286798,2467.7
6405,0.0,0.0,0.0,0.0,0.0,0.0,2485.4,0.0,12563.6139286798,2485.4
6406,0.0,0.0,0.0,0.0,0.0,0.0,2466.8,0.0,12563.6139286798,2466.8
6407,0.0,0.0,0.0,0.0,0.0,0.0,2569.3,0.0,12563.6139286798,2569.3
6408,0.0,0.0,0.0,0.0,0.0,0.0,2514.8,0.0,12563.6139286798,2514.8
6409,0.0,0.0,0.0,0.0,0.0,0.0,2443.6,0.0,12563.6139286798,2443.6
6410,0.0,0.0,0.0,0.0,0.0,0.0,2464.9,0.0,12563.6139286798,2464.9
6411,0.0,0.0,0.0,0.0,0.0,0.0,2470.0,0.0,12563.6139286798,2470.0
6412,0.0,0.0,0.0,0.0,0.0,0.0,2379.0,0.0,12563.6139286798,2379.0
6413,0.0,0.0,0.0,0.0,0.0,0.0,2440.7,0.0,12563.6139286798,2440.7
6414,49.02303,0.0,0.0,0.0,0.0,0.0,2450.9476609,0.0,12563.6139286798,2499.9706909
6415,12.95469,0.0,0.0,0.0,0.0,0.0,2380.9339507,0.0,12563.6139286798,2393.8886407
6416,68.26575,0.0,0.0,0.0,0.0,0.0,2283.8822225,0.0,12563.6139286798,2352.1479725
6417,359.0538,0.0,0.0,0.0,0.0,0.0,2085.417814,0.0,12563.6139286798,2444.471614
6418,547.1214,0.0,0.0,0.0,0.0,0.0,1939.892242,0.0,12563.6139286798,2487.013642
6419,882.3591,0.0,0.0,0.0,0.0,0.0,1614.211673,0.0,12563.6139286798,2496.570773
6420,736.0416,0.0,0.0,0.0,0.0,0.0,1827.539648,0.0,12563.6139286798,2563.581248
6421,1607.5857,0.0,0.0,0.0,0.0,0.0,1011.741871,0.0,12563.6139286798,2619.327571
6422,980.5782,0.0,0.0,0.0,0.0,0.0,1592.939146,0.0,12563.6139286798,2573.517346
6423,801.9879,0.0,0.0,0.0,0.0,0.0,1714.471737,0.0,12563.6139286798,2516.459637
6424,142.38714,0.0,0.0,0.0,94.0670330478544,0.0,2263.96395434922,0.0,12455.86245898,2500.4181273970744
6425,64.95405,0.0,0.0,0.0,0.0,0.0,2307.2945715,0.0,12455.86245898,2372.2486215
6426,0.0,0.0,0.0,0.0,0.0,0.0,2418.7,0.0,12455.86245898,2418.7
6427,0.0,0.0,0.0,0.0,0.0,0.0,2374.0,0.0,12455.86245898,2374.0
6428,0.0,0.0,0.0,0.0,0.0,0.0,2404.2,0.0,12455.86245898,2404.2
6429,0.0,0.0,0.0,0.0,0.0,0.0,2420.9,0.0,12455.86245898,2420.9
6430,0.0,0.0,0.0,0.0,2791.4089347079,0.0,7.232275107163671e-15,0.0,9258.37227031119,2791.4089347079
6431,0.0,0.0,0.0,0.0,2844.55899198167,0.0,6.87194122402998e-15,0.0,6000.0,2844.55899198167
6432,0.0,0.0,0.0,0.0,2432.73081328751,0.0,347.426,0.0,9213.36676599368,2780.15681328751
6433,0.0,0.0,0.0,0.0,2805.26918671249,0.0,-1.52359424300541e-13,0.0,6000.0,2805.26918671249
6434,0.0,0.0,0.0,0.0,0.0,0.0,2552.0,0.0,6000.0,2552.0
6435,0.0,0.0,0.0,0.0,0.0,0.0,2425.7,0.0,6000.0,2425.7
6436,0.0,0.0,0.0,0.0,0.0,0.0,2503.1,0.0,6000.0,2503.1
6437,0.0,0.0,0.0,0.0,0.0,0.0,2506.4,0.0,6000.0,2506.4
6438,390.3228,0.0,0.0,0.0,0.0,0.0,2088.186884,0.0,6000.0,2478.509684
6439,397.7862,0.0,0.0,0.0,0.0,0.0,2190.047386,0.0,6000.0,2587.833586
6440,2589.89690721649,2477.71809278351,0.0,0.0,1.62392087524591e-13,0.0,1.67686148852777e-30,0.0,8042.8785675,2589.89690721649
6441,2520.82474226804,4395.46225773196,0.0,0.0,6.13125355684584e-14,0.0,4.8042130497734596e-30,0.0,11666.937199,2520.82474226804
6442,2658.24742268041,5448.06757731959,0.0,0.0,-1.26283886690916e-14,0.0,2.61557401296619e-31,0.0,16158.8689165,2658.24742268041
6443,2621.34020618557,6028.83279381443,0.0,0.0,1.21679635882825e-13,0.0,-1.04113876617213e-29,0.0,21129.641555,2621.34020618557
6444,2579.38144329897,5944.07755670103,0.0,0.0,-1.92142147122071e-13,0.0,8.645390415100429e-30,0.0,26030.5335005,2579.38144329897
6445,2567.01030927835,5206.18169072165,0.0,0.0,-5.18762232831074e-14,0.0,1.85160258643337e-30,0.0,30323.0303045,2567.01030927835
6446,2612.47422680412,3783.28577319588,0.0,0.0,4.8482767302311504e-14,0.0,-2.65911325487861e-30,0.0,33442.3494245,2612.47422680412
6447,2671.64948453608,1672.99851546392,0.0,0.0,-3.82644309150623e-14,0.0,1.75587512930925e-30,0.0,34821.7367005,2671.64948453608
6448,1870.4931,0.0,0.0,0.0,752.143978235968,0.0,-3.265628837881e-14,0.0,33960.1742970224,2622.637078235968
6449,134.96343,0.0,0.0,0.0,2795.74510068729,0.0,1.48666403810948e-13,0.0,30757.717137014,2930.7085306872896
6450,0.0,0.0,0.0,0.0,2808.13287514318,0.0,1.41867198655531e-13,0.0,27541.0700864491,2808.13287514318
6451,0.0,0.0,0.0,0.0,2894.15807560138,0.0,-8.956110385580421e-15,0.0,24225.8832873639,2894.15807560138
6452,0.0,0.0,0.0,0.0,0.0,0.0,2545.1,0.0,24225.8832873639,2545.1
6453,0.0,0.0,0.0,0.0,0.0,0.0,2594.0,0.0,24225.8832873639,2594.0
6454,0.0,0.0,0.0,0.0,0.0,0.0,2569.1,0.0,24225.8832873639,2569.1
6455,0.0,0.0,0.0,0.0,0.0,0.0,2533.3,0.0,24225.8832873639,2533.3
6456,0.0,0.0,0.0,0.0,0.0,0.0,2515.6,0.0,24225.8832873639,2515.6
6457,0.0,0.0,0.0,0.0,0.0,0.0,2597.0,0.0,24225.8832873639,2597.0
6458,0.0,0.0,0.0,0.0,2393.68533484006,0.0,320.412702684631,0.0,21483.975687318,2714.098037524691
6459,0.0,0.0,0.0,0.0,2823.59679266896,0.0,-9.548344907154251e-14,0.0,18249.6151000684,2823.59679266896
6460,0.0,0.0,0.0,0.0,0.0,0.0,2486.3,0.0,18249.6151000684,2486.3
6461,0.0,0.0,0.0,0.0,2931.50057273769,0.0,-5.84572380320166e-14,0.0,14891.6533901741,2931.50057273769
6462,27.17862,0.0,0.0,0.0,2896.60565704467,0.0,8.97284125348191e-14,0.0,11573.662946824,2923.78427704467
6463,0.0,0.0,0.0,0.0,2905.04009163803,0.0,1.7796438117237e-13,0.0,8246.01106636803,2905.04009163803
6464,1510.6476,0.0,0.0,0.0,1359.64699656357,0.0,1.1282791583801801e-14,0.0,6688.56891681067,2870.29459656357
6465,2131.878,0.0,0.0,0.0,601.120664375716,0.0,-2.18969364162978e-14,0.0,6000.0,2732.998664375716
6466,2844.32989690722,814.269103092783,0.0,0.0,-3.82029681838777e-14,0.0,-1.67713835046969e-30,0.0,6671.3648755,2844.32989690722
6467,2739.8969072165,2712.3330927835,0.0,0.0,1.82597383532889e-13,0.0,-6.3489674965351205e-31,0.0,8907.6835105,2739.8969072165
6468,2652.37113402062,3352.28486597938,0.0,0.0,1.48671843852715e-13,0.0,-8.93154388849969e-32,0.0,11671.6423825,2652.37113402062
6469,2120.937,0.0,0.0,0.0,747.870687285223,0.0,-2.3114184899801402e-14,0.0,10814.974928565,2868.807687285223
6470,333.4926,0.0,0.0,0.0,2717.42517525773,0.0,9.30481028676015e-14,0.0,7702.23131429501,3050.91777525773
6471,438.1503,0.0,0.0,0.0,1486.04793737954,0.0,869.474359667659,0.0,6000.0,2793.672597047199
6472,0.0,0.0,0.0,0.0,0.0,0.0,2664.4,0.0,6000.0,2664.4
6473,0.0,0.0,0.0,0.0,0.0,0.0,2613.1,0.0,6000.0,2613.1
6474,0.0,0.0,0.0,0.0,0.0,0.0,2636.4,0.0,6000.0,2636.4
6475,0.0,0.0,0.0,0.0,0.0,0.0,2657.6,0.0,6000.0,2657.6
6476,0.0,0.0,0.0,0.0,0.0,0.0,2594.0,0.0,6000.0,2594.0
6477,0.0,0.0,0.0,0.0,0.0,0.0,2495.4,0.0,6000.0,2495.4
6478,0.0,0.0,0.0,0.0,0.0,0.0,2590.8,0.0,6000.0,2590.8
6479,0.0,0.0,0.0,0.0,0.0,0.0,2561.4,0.0,6000.0,2561.4
6480,0.0,0.0,0.0,0.0,0.0,0.0,2486.5,0.0,12000.0,2486.5
6481,0.0,0.0,0.0,0.0,0.0,0.0,2388.8,0.0,12000.0,2388.8
6482,0.0,0.0,0.0,0.0,0.0,0.0,2487.6,0.0,12000.0,2487.6
6483,0.0,0.0,0.0,0.0,0.0,0.0,2462.7,0.0,12000.0,2462.7
6484,0.0,0.0,0.0,0.0,0.0,0.0,2189.5,0.0,12000.0,2189.5
6485,0.0,0.0,0.0,0.0,0.0,0.0,2116.7,0.0,12000.0,2116.7
6486,0.0,0.0,0.0,0.0,0.0,0.0,2185.8,0.0,12000.0,2185.8
6487,0.0,0.0,0.0,0.0,0.0,0.0,2167.9,0.0,12000.0,2167.9
6488,476.6727,0.0,0.0,0.0,0.0,0.0,1769.927481,0.0,12000.0,2246.600181
6489,595.4109,0.0,0.0,0.0,0.0,0.0,1765.251427,0.0,12000.0,2360.662327
6490,2428.35051546392,2366.43248453608,0.0,0.0,0.0,0.0,1.69296146402969e-13,0.0,13951.1235835,2428.35051546392
6491,2272.37113402062,1901.79886597938,0.0,0.0,0.0,0.0,2.10614755876132e-13,0.0,15519.1567485,2272.37113402062
6492,516.1002,0.0,0.0,0.0,0.0,0.0,1707.982806,0.0,15519.1567485,2224.083006
6493,2397.9381443299,386.619855670102,0.0,0.0,0.0,0.0,-1.36194927042957e-13,0.0,15837.9248195,2397.9381443299
6494,2778.35051546392,3048.28848453608,0.0,0.0,0.0,0.0,1.7862201980982e-13,0.0,18351.238675,2778.35051546392
6495,2693.81443298969,1192.78156701031,0.0,0.0,0.0,0.0,-8.73839374285173e-14,0.0,19334.687077,2693.81443298969
6496,471.2736,0.0,0.0,0.0,320.819142390529,0.0,1886.78949669307,0.0,18967.1966504358,2678.882239083599
6497,0.0,0.0,0.0,0.0,0.0,0.0,2629.0,0.0,18967.1966504358,2629.0
6498,0.0,0.0,0.0,0.0,0.0,0.0,2631.1,0.0,18967.1966504358,2631.1
6499,0.0,0.0,0.0,0.0,0.0,0.0,2635.8,0.0,18967.1966504358,2635.8
6500,0.0,0.0,0.0,0.0,0.0,0.0,2630.3,0.0,18967.1966504358,2630.3
6501,0.0,0.0,0.0,0.0,0.0,0.0,2527.9,0.0,18967.1966504358,2527.9
6502,0.0,0.0,0.0,0.0,0.0,0.0,2723.0,0.0,18967.1966504358,2723.0
6503,0.0,0.0,0.0,0.0,0.0,0.0,2697.3,0.0,18967.1966504358,2697.3
6504,0.0,0.0,0.0,0.0,0.0,0.0,2592.6,0.0,18967.1966504358,2592.6
6505,0.0,0.0,0.0,0.0,0.0,0.0,2666.2,0.0,18967.1966504358,2666.2
6506,0.0,0.0,0.0,0.0,0.0,0.0,2585.5,0.0,18967.1966504358,2585.5
6507,0.0,0.0,0.0,0.0,0.0,0.0,2539.2,0.0,18967.1966504358,2539.2
6508,0.0,0.0,0.0,0.0,2904.23825887743,0.0,-1.51274125210539e-13,0.0,15640.4632496598,2904.23825887743
6509,0.0,0.0,0.0,0.0,3025.08591065292,0.0,-2.0092219602480302e-14,0.0,12175.3018399772,3025.08591065292
6510,0.0,0.0,0.0,0.0,2985.91065292096,0.0,-8.38264379635927e-14,0.0,8755.01472322927,2985.91065292096
6511,2264.976,0.0,0.0,0.0,489.774662084765,0.0,-1.68793927797714e-15,0.0,8193.98990984466,2754.7506620847653
6512,945.1512,0.0,0.0,0.0,1915.35319129439,0.0,9.0713842111424e-14,0.0,6000.0,2860.50439129439
6513,2647.73195876289,4152.86604123711,0.0,0.0,1.2248515427104599e-13,0.0,-1.5494710861807e-30,0.0,9424.038051,2647.73195876289
6514,2650.30927835052,320.140721649484,0.0,0.0,-8.05879193332711e-14,0.0,-5.091843617032411e-31,0.0,9687.994076,2650.30927835052
6515,2331.273,0.0,0.0,0.0,254.713848797251,0.0,-9.040388262353981e-15,0.0,9396.22563522423,2585.9868487972512
6516,1396.0947,0.0,0.0,0.0,1373.98412485682,0.0,-3.07558705172951e-14,0.0,7822.36065829775,2770.07882485682
6517,2629.27835051546,1823.51964948454,0.0,0.0,1.89639166547004e-13,0.0,-4.1312413366578794e-30,0.0,9325.85260929775,2629.27835051546
6518,1401.036,0.0,0.0,0.0,1498.39069873998,0.0,4.97280273825495e-14,0.0,7609.48296583844,2899.42669873998
6519,889.7385,0.0,0.0,0.0,1405.07862917696,0.0,527.820011728517,0.0,6000.0,2822.637140905477
6520,592.4541,0.0,0.0,0.0,0.0,0.0,1987.319523,0.0,6000.0,2579.773623
6521,0.0,0.0,0.0,0.0,0.0,0.0,2528.7,0.0,6000.0,2528.7
6522,0.0,0.0,0.0,0.0,0.0,0.0,2449.4,0.0,6000.0,2449.4
6523,0.0,0.0,0.0,0.0,0.0,0.0,2618.5,0.0,6000.0,2618.5
6524,0.0,0.0,0.0,0.0,0.0,0.0,2611.0,0.0,6000.0,2611.0
6525,0.0,0.0,0.0,0.0,0.0,0.0,2546.6,0.0,6000.0,2546.6
6526,0.0,0.0,0.0,0.0,0.0,0.0,2607.1,0.0,6000.0,2607.1
6527,0.0,0.0,0.0,0.0,0.0,0.0,2608.5,0.0,6000.0,2608.5
6528,0.0,0.0,0.0,0.0,0.0,0.0,2619.3,0.0,12000.0,2619.3
6529,0.0,0.0,0.0,0.0,0.0,0.0,2656.5,0.0,12000.0,2656.5
6530,0.0,0.0,0.0,0.0,0.0,0.0,2634.4,0.0,12000.0,2634.4
6531,0.0,0.0,0.0,0.0,0.0,0.0,2600.7,0.0,12000.0,2600.7
6532,0.0,0.0,0.0,0.0,0.0,0.0,2468.5,0.0,12000.0,2468.5
6533,0.0,0.0,0.0,0.0,0.0,0.0,2558.7,0.0,12000.0,2558.7
6534,0.0,0.0,0.0,0.0,0.0,0.0,2524.2,0.0,12000.0,2524.2
6535,309.4287,0.0,0.0,0.0,2423.15870103093,0.0,148.536615,0.0,9224.3313848443,2881.12401603093
6536,827.1354,0.0,0.0,0.0,1996.42458419244,0.0,6.06171550007283e-14,0.0,6937.47619103853,2823.55998419244
6537,1932.8064,0.0,0.0,0.0,818.416714776633,0.0,-1.09380651828832e-14,0.0,6000.0,2751.223114776633
6538,2561.13402061856,1064.11697938144,0.0,0.0,1.09424009238699e-13,0.0,-4.008674815811789e-30,0.0,6877.3644495,2561.13402061856
6539,2474.12371134021,1132.24828865979,0.0,0.0,1.32813410355021e-13,0.0,4.9059805687566e-30,0.0,7810.9031635,2474.12371134021
6540,2294.439,0.0,0.0,0.0,104.918865979382,0.0,-3.4800271713575203e-15,0.0,7690.72118643312,2399.357865979382
6541,2506.18556701031,2031.87243298969,0.0,0.0,-2.46466391131882e-13,0.0,-1.98753449642151e-29,0.0,9366.00000743312,2506.1855670103096
6542,2707.11340206186,830.735597938144,0.0,0.0,-2.35124734179809e-13,0.0,-9.45485595988438e-30,0.0,10050.9415079331,2707.11340206186
6543,2736.49484536082,1305.98415463918,0.0,0.0,1.77885310732213e-16,0.0,-1.5575568615519e-33,0.0,11127.7254434331,2736.49484536082
6544,1586.5563,0.0,0.0,0.0,1203.59723825888,0.0,-1.95470797191377e-15,0.0,9749.03444886396,2790.15353825888
6545,0.0,0.0,0.0,0.0,2960.2520045819,0.0,1.4259216386239998e-13,0.0,6358.13868187439,2960.2520045819
6546,0.0,0.0,0.0,0.0,312.655069276339,0.0,2292.55212452176,0.0,6000.0,2605.207193798099
6547,0.0,0.0,0.0,0.0,0.0,0.0,2575.2,0.0,6000.0,2575.2
6548,0.0,0.0,0.0,0.0,0.0,0.0,2596.4,0.0,6000.0,2596.4
6549,0.0,0.0,0.0,0.0,0.0,0.0,2518.2,0.0,6000.0,2518.2
6550,0.0,0.0,0.0,0.0,0.0,0.0,2472.4,0.0,6000.0,2472.4
6551,0.0,0.0,0.0,0.0,0.0,0.0,2458.2,0.0,6000.0,2458.2
6552,0.0,0.0,0.0,0.0,0.0,0.0,2530.6,0.0,6000.0,2530.6
6553,0.0,0.0,0.0,0.0,0.0,0.0,2559.6,0.0,6000.0,2559.6
6554,0.0,0.0,0.0,0.0,0.0,0.0,2465.8,0.0,6000.0,2465.8
6555,0.0,0.0,0.0,0.0,0.0,0.0,2395.0,0.0,6000.0,2395.0
6556,0.0,0.0,0.0,0.0,0.0,0.0,2433.5,0.0,6000.0,2433.5
6557,0.0,0.0,0.0,0.0,0.0,0.0,2491.6,0.0,6000.0,2491.6
6558,15.197259,0.0,0.0,0.0,0.0,0.0,2561.35865877,0.0,6000.0,2576.55591777
6559,9.983547,0.0,0.0,0.0,0.0,0.0,2579.71595941,0.0,6000.0,2589.69950641
6560,66.32577,0.0,0.0,0.0,0.0,0.0,2597.6640031,0.0,6000.0,2663.9897731
6561,725.7411,0.0,0.0,0.0,0.0,0.0,2052.231133,0.0,6000.0,2777.9722330000004
6562,2169.426,0.0,0.0,0.0,0.0,0.0,570.65678,0.0,6000.0,2740.08278
6563,2624.706,0.0,0.0,0.0,0.0,0.0,81.1351799999998,0.0,6000.0,2705.84118
6564,1171.2666,0.0,0.0,0.0,0.0,0.0,1353.971398,0.0,6000.0,2525.237998
6565,1881.4047,0.0,0.0,0.0,0.0,0.0,564.437441,0.0,6000.0,2445.842141
6566,620.4345,0.0,0.0,0.0,0.0,0.0,2066.578535,0.0,6000.0,2687.013035
6567,483.0231,0.0,0.0,0.0,0.0,0.0,2142.667593,0.0,6000.0,2625.690693
6568,179.76924,0.0,0.0,0.0,0.0,0.0,2435.2238372,0.0,6000.0,2614.9930772
6569,0.0,0.0,0.0,0.0,0.0,0.0,2609.6,0.0,6000.0,2609.6
6570,0.0,0.0,0.0,0.0,0.0,0.0,2609.1,0.0,6000.0,2609.1
6571,0.0,0.0,0.0,0.0,0.0,0.0,2568.7,0.0,6000.0,2568.7
6572,0.0,0.0,0.0,0.0,0.0,0.0,2589.0,0.0,6000.0,2589.0
6573,0.0,0.0,0.0,0.0,0.0,0.0,2599.8,0.0,6000.0,2599.8
6574,0.0,0.0,0.0,0.0,0.0,0.0,2518.9,0.0,6000.0,2518.9
6575,0.0,0.0,0.0,0.0,0.0,0.0,2620.6,0.0,6000.0,2620.6
6576,0.0,0.0,0.0,0.0,0.0,0.0,2511.3,0.0,12000.0,2511.3
6577,0.0,0.0,0.0,0.0,0.0,0.0,2525.5,0.0,12000.0,2525.5
6578,0.0,0.0,0.0,0.0,0.0,0.0,2487.9,0.0,12000.0,2487.9
6579,0.0,0.0,0.0,0.0,0.0,0.0,2476.8,0.0,12000.0,2476.8
6580,0.0,0.0,0.0,0.0,0.0,0.0,2466.9,0.0,12000.0,2466.9
6581,0.0,0.0,0.0,0.0,0.0,0.0,2538.8,0.0,12000.0,2538.8
6582,0.0,0.0,0.0,0.0,0.0,0.0,2610.0,0.0,12000.0,2610.0
6583,199.81017,0.0,0.0,0.0,0.0,0.0,2425.7841351,0.0,12000.0,2625.5943051000004
6584,634.0215,0.0,0.0,0.0,0.0,0.0,2036.399145,0.0,12000.0,2670.420645
6585,2006.1783,0.0,0.0,0.0,0.0,0.0,639.107049000001,0.0,12000.0,2645.285349000001
6586,2707.21649484536,5479.88550515464,0.0,0.0,0.0,0.0,-1.0976420230924999e-13,0.0,16518.165599,2707.21649484536
6587,2776.90721649485,241.947783505155,0.0,0.0,0.0,0.0,1.24013880493519e-13,0.0,16717.6515465,2776.90721649485
6588,1667.8305,0.0,0.0,0.0,0.0,0.0,994.204415,0.0,16717.6515465,2662.034915
6589,1655.8689,0.0,0.0,0.0,1156.70924054983,0.0,-8.662100505221231e-14,0.0,15392.6695985621,2812.57814054983
6590,1591.2918,0.0,0.0,0.0,1275.54061168385,0.0,-6.04893191328347e-14,0.0,13931.5692415359,2866.8324116838503
6591,1308.9237,0.0,0.0,0.0,1476.79726345934,0.0,-4.6944142327271e-14,0.0,12239.9343463935,2785.72096345934
6592,4.533354,0.0,0.0,0.0,2898.74300872852,0.0,-1.07669553118077e-14,0.0,8919.49561932757,2903.2763627285203
6593,0.0,0.0,0.0,0.0,2548.71967567297,0.0,328.067723137501,0.0,6000.0,2876.787398810471
6594,0.0,0.0,0.0,0.0,0.0,0.0,2514.0,0.0,6000.0,2514.0
6595,0.0,0.0,0.0,0.0,0.0,0.0,2532.5,0.0,6000.0,2532.5
6596,0.0,0.0,0.0,0.0,0.0,0.0,2421.1,0.0,6000.0,2421.1
6597,0.0,0.0,0.0,0.0,0.0,0.0,2453.2,0.0,6000.0,2453.2
6598,0.0,0.0,0.0,0.0,0.0,0.0,2468.8,0.0,6000.0,2468.8
6599,0.0,0.0,0.0,0.0,0.0,0.0,2395.6,0.0,6000.0,2395.6
6600,0.0,0.0,0.0,0.0,0.0,0.0,2427.0,0.0,6000.0,2427.0
6601,0.0,0.0,0.0,0.0,0.0,0.0,2424.4,0.0,6000.0,2424.4
6602,0.0,0.0,0.0,0.0,0.0,0.0,2488.7,0.0,6000.0,2488.7
6603,0.0,0.0,0.0,0.0,0.0,0.0,2368.0,0.0,6000.0,2368.0
6604,0.0,0.0,0.0,0.0,0.0,0.0,2363.9,0.0,6000.0,2363.9
6605,0.0,0.0,0.0,0.0,0.0,0.0,2353.4,0.0,6000.0,2353.4
6606,0.0,0.0,0.0,0.0,0.0,0.0,2343.1,0.0,6000.0,2343.1
6607,10.131597,0.0,0.0,0.0,0.0,0.0,2362.37235091,0.0,6000.0,2372.50394791
6608,769.1061,0.0,0.0,0.0,0.0,0.0,1691.367083,0.0,6000.0,2460.473183
6609,2509.38144329897,838.879556701031,0.0,0.0,2.06815797323756e-13,0.0,-1.05125909487361e-29,0.0,6691.6561945,2509.38144329897
6610,2529.48453608247,2193.14246391753,0.0,0.0,-8.42756832043468e-14,0.0,-3.8857489333818794e-30,0.0,8499.902156,2529.48453608247
6611,2492.0618556701,3037.1331443299,0.0,0.0,8.34445728256665e-15,0.0,4.96027885949788e-31,0.0,11004.0184335,2492.0618556701
6612,2556.0824742268,2269.3395257732,0.0,0.0,1.50941979268687e-13,0.0,5.9226817858507494e-30,0.0,12875.0888725,2556.0824742268
6613,2545.9793814433,2221.5666185567,0.0,0.0,2.33977919328662e-13,0.0,3.74777674092166e-30,0.0,14706.7705495,2545.979381443301
6614,2552.98969072165,3674.58130927835,0.0,0.0,-1.92947665510292e-13,0.0,-2.16526160440158e-31,0.0,17736.462839,2552.98969072165
6615,2600.72164948454,1349.77735051546,0.0,0.0,-1.49818658703862e-13,0.0,-5.61776378007772e-30,0.0,18849.3542645,2600.72164948454
6616,142.28088,0.0,0.0,0.0,2664.13235555556,0.0,1.33726493977014e-14,0.0,15797.6562627181,2806.41323555556
6617,0.0,0.0,0.0,0.0,2777.66323024055,0.0,-1.34673315645556e-13,0.0,12615.9114399913,2777.66323024055
6618,0.0,0.0,0.0,0.0,2758.41924398625,0.0,1.19951016664264e-13,0.0,9456.2101295832,2758.41924398625
6619,0.0,0.0,0.0,0.0,2847.99541809851,0.0,1.0010125247479099e-13,0.0,6193.90151778651,2847.99541809851
6620,0.0,0.0,0.0,0.0,169.276025027626,0.0,2378.12203015088,0.0,6000.0,2547.398055178506
6621,0.0,0.0,0.0,0.0,0.0,0.0,2499.6,0.0,6000.0,2499.6
6622,0.0,0.0,0.0,0.0,0.0,0.0,2590.7,0.0,6000.0,2590.7
6623,0.0,0.0,0.0,0.0,0.0,0.0,2615.8,0.0,6000.0,2615.8
6624,0.0,0.0,0.0,0.0,0.0,0.0,2522.7,0.0,12000.0,2522.7
6625,0.0,0.0,0.0,0.0,0.0,0.0,2575.3,0.0,12000.0,2575.3
6626,0.0,0.0,0.0,0.0,0.0,0.0,2539.6,0.0,12000.0,2539.6
6627,0.0,0.0,0.0,0.0,0.0,0.0,2507.2,0.0,12000.0,2507.2
6628,0.0,0.0,0.0,0.0,0.0,0.0,2321.7,0.0,12000.0,2321.7
6629,0.0,0.0,0.0,0.0,0.0,0.0,1644.4,0.0,12000.0,1644.4
6630,0.0,0.0,0.0,0.0,0.0,0.0,1240.6,0.0,12000.0,1240.6
6631,87.58029,0.0,0.0,0.0,2240.37470641466,0.0,3.36274363857998e-12,0.0,9433.7059491241,2327.954996414663
6632,1717.7622,0.0,0.0,0.0,656.438334478809,0.0,4.7891359028680105e-14,0.0,8681.77200355846,2374.200534478809
6633,2444.12371134021,1131.06328865979,0.0,0.0,2.36078140709618e-13,0.0,5.8214784988359096e-30,0.0,9614.33368505846,2444.1237113402103
6634,2571.64948453608,3138.96451546392,0.0,0.0,-4.13165904329321e-14,0.0,-2.2064728957138497e-30,0.0,12202.4099280585,2571.64948453608
6635,2508.45360824742,3269.15039175258,0.0,0.0,2.0157845940742199e-13,0.0,-1.98957477889359e-30,0.0,14897.8244260585,2508.45360824742
6636,2460.61855670103,3086.13244329897,0.0,0.0,4.9056908924332805e-14,0.0,1.88116771555863e-31,0.0,17442.3406255585,2460.61855670103
6637,2345.15463917526,3656.43536082474,0.0,0.0,-1.73246028265046e-13,0.0,5.3215646524496e-30,0.0,20457.0715805585,2345.15463917526
6638,2632.37113402062,1834.39186597938,0.0,0.0,4.38810337391836e-14,0.0,-2.31285100444085e-31,0.0,21969.5276740585,2632.37113402062
6639,2715.46391752577,57.3760824742262,0.0,0.0,-2.19242806395792e-13,0.0,-9.0479907543363e-30,0.0,22016.8342540585,2715.46391752577
6640,762.2937,0.0,0.0,0.0,24.130635314197,0.0,1731.90906637071,0.0,21989.1932055886,2518.3334016849067
6641,0.0,0.0,0.0,0.0,0.0,0.0,2560.4,0.0,21989.1932055886,2560.4
6642,0.0,0.0,0.0,0.0,0.0,0.0,2525.3,0.0,21989.1932055886,2525.3
6643,0.0,0.0,0.0,0.0,0.0,0.0,2544.6,0.0,21989.1932055886,2544.6
6644,0.0,0.0,0.0,0.0,0.0,0.0,2525.5,0.0,21989.1932055886,2525.5
6645,0.0,0.0,0.0,0.0,0.0,0.0,2552.0,0.0,21989.1932055886,2552.0
6646,0.0,0.0,0.0,0.0,0.0,0.0,2587.8,0.0,21989.1932055886,2587.8
6647,0.0,0.0,0.0,0.0,0.0,0.0,2506.8,0.0,21989.1932055886,2506.8
6648,0.0,0.0,0.0,0.0,0.0,0.0,2393.3,0.0,21989.1932055886,2393.3
6649,0.0,0.0,0.0,0.0,0.0,0.0,2431.7,0.0,21989.1932055886,2431.7
6650,0.0,0.0,0.0,0.0,0.0,0.0,2358.2,0.0,21989.1932055886,2358.2
6651,0.0,0.0,0.0,0.0,0.0,0.0,2382.0,0.0,21989.1932055886,2382.0
6652,0.0,0.0,0.0,0.0,0.0,0.0,2226.2,0.0,21989.1932055886,2226.2
6653,0.0,0.0,0.0,0.0,0.0,0.0,2124.5,0.0,21989.1932055886,2124.5
6654,0.0,0.0,0.0,0.0,2461.16838487973,0.0,-1.69796322096119e-13,0.0,19169.985433676,2461.16838487973
6655,0.0,0.0,0.0,0.0,2479.61053837342,0.0,-1.74231997036617e-14,0.0,16329.6526291245,2479.61053837342
6656,7.052955,0.0,0.0,0.0,2464.5574268614,0.0,-1.7888524896594499e-13,0.0,13506.5627930862,2471.6103818614
6657,425.1051,0.0,0.0,0.0,2228.23373768614,0.0,1.76307384225691e-13,0.0,10954.1759228845,2653.3388376861403
6658,2300.529,0.0,0.0,0.0,86.8119931271481,0.0,-4.26536673869445e-15,0.0,10854.7349227388,2387.340993127148
6659,2304.74226804124,82.7687319587631,0.0,0.0,1.90151845437841e-13,0.0,7.658406731619079e-30,0.0,10922.9777422388,2304.74226804124
6660,1782.4212,0.0,0.0,0.0,610.253649484536,0.0,-2.2562834002065302e-14,0.0,10223.9472159106,2392.674849484536
6661,2360.61855670103,410.646443298969,0.0,0.0,4.6004749406463e-14,0.0,1.7351733085963097e-30,0.0,10562.5252084106,2360.61855670103
6662,2384.0206185567,996.601381443299,0.0,0.0,-1.87686833307636e-13,0.0,-3.33738111709301e-30,0.0,11384.2230474106,2384.0206185567
6663,398.7438,0.0,0.0,0.0,2146.41295990836,0.0,-4.89378973613193e-14,0.0,8925.55986309404,2545.15675990836
6664,31.18143,0.0,0.0,0.0,2554.0137604811,0.0,-1.05512019103171e-13,0.0,6000.0,2585.1951904811
6665,0.0,0.0,0.0,0.0,0.0,0.0,2244.4,0.0,6000.0,2244.4
6666,0.0,0.0,0.0,0.0,0.0,0.0,2225.1,0.0,6000.0,2225.1
6667,0.0,0.0,0.0,0.0,0.0,0.0,2181.1,0.0,6000.0,2181.1
6668,0.0,0.0,0.0,0.0,0.0,0.0,2155.6,0.0,6000.0,2155.6
6669,0.0,0.0,0.0,0.0,0.0,0.0,2080.3,0.0,6000.0,2080.3
6670,0.0,0.0,0.0,0.0,0.0,0.0,2280.7,0.0,6000.0,2280.7
6671,0.0,0.0,0.0,0.0,0.0,0.0,2412.3,0.0,6000.0,2412.3
6672,0.0,0.0,0.0,0.0,0.0,0.0,2161.1,0.0,12000.0,2161.1
6673,0.0,0.0,0.0,0.0,0.0,0.0,2435.3,0.0,12000.0,2435.3
6674,0.0,0.0,0.0,0.0,0.0,0.0,2402.0,0.0,12000.0,2402.0
6675,0.0,0.0,0.0,0.0,0.0,0.0,2496.1,0.0,12000.0,2496.1
6676,0.0,0.0,0.0,0.0,0.0,0.0,2384.3,0.0,12000.0,2384.3
6677,0.0,0.0,0.0,0.0,0.0,0.0,2414.6,0.0,12000.0,2414.6
6678,0.0,0.0,0.0,0.0,0.0,0.0,2487.7,0.0,12000.0,2487.7
6679,3.765216,0.0,0.0,0.0,1272.69331996821,0.0,1467.08647214775,0.0,10542.1611455118,2743.54500811596
6680,37.20108,0.0,0.0,0.0,2916.51197296678,0.0,1.04770435834508e-13,0.0,7201.36850752005,2953.71305296678
6681,2082.6078,0.0,0.0,0.0,577.400268041237,0.0,-4.3084824120780405e-14,0.0,6539.97072053123,2660.008068041237
6682,2524.0206185567,5060.5283814433,0.0,0.0,2.4946946437297e-14,0.0,9.08906231048273e-31,0.0,10712.3763710312,2524.0206185567
6683,2582.78350515464,2616.52249484536,0.0,0.0,-9.72264889991405e-15,0.0,1.78366610624361e-31,0.0,12869.6991680312,2582.78350515464
6684,2622.0618556701,2336.8151443299,0.0,0.0,-9.186811355415999e-14,0.0,-3.34387772168585e-30,0.0,14796.4032545312,2622.0618556701
6685,2585.46391752577,4541.26408247423,0.0,0.0,-1.34657292290559e-13,0.0,9.933950831594709e-30,0.0,18540.6754905312,2585.46391752577
6686,2585.77319587629,1438.30980412371,0.0,0.0,2.0914739547091199e-13,0.0,-7.93360720377931e-30,0.0,19726.5619240312,2585.77319587629
6687,2020.9392,0.0,0.0,0.0,525.875115693013,0.0,2.98050493742077e-15,0.0,19124.1849301103,2546.8143156930128
6688,90.90522,0.0,0.0,0.0,2825.56922863688,0.0,-1.56416090340207e-13,0.0,15887.5649660359,2916.47444863688
6689,0.0,0.0,0.0,0.0,2861.0538373425,0.0,-4.948742955452e-14,0.0,12610.2982565944,2861.0538373425
6690,0.0,0.0,0.0,0.0,2871.24856815579,0.0,1.9197529909142102e-14,0.0,9321.35373407914,2871.24856815579
6691,0.0,0.0,0.0,0.0,0.0,0.0,2518.3,0.0,9321.35373407914,2518.3
6692,0.0,0.0,0.0,0.0,0.0,0.0,2553.6,0.0,9321.35373407914,2553.6
6693,0.0,0.0,0.0,0.0,0.0,0.0,2500.9,0.0,9321.35373407914,2500.9
6694,0.0,0.0,0.0,0.0,0.0,0.0,2621.0,0.0,9321.35373407914,2621.0
6695,0.0,0.0,0.0,0.0,0.0,0.0,2640.9,0.0,9321.35373407914,2640.9
6696,0.0,0.0,0.0,0.0,0.0,0.0,2542.0,0.0,9321.35373407914,2542.0
6697,0.0,0.0,0.0,0.0,0.0,0.0,2610.5,0.0,9321.35373407914,2610.5
6698,0.0,0.0,0.0,0.0,0.0,0.0,2525.3,0.0,9321.35373407914,2525.3
6699,0.0,0.0,0.0,0.0,0.0,0.0,2537.3,0.0,9321.35373407914,2537.3
6700,0.0,0.0,0.0,0.0,0.0,0.0,2491.2,0.0,9321.35373407914,2491.2
6701,0.0,0.0,0.0,0.0,0.0,0.0,2593.2,0.0,9321.35373407914,2593.2
6702,0.0,0.0,0.0,0.0,2899.54180985109,0.0,1.77499866911026e-13,0.0,6000.0,2899.54180985109
6703,91.86744,0.0,0.0,0.0,0.0,0.0,2498.6885832,0.0,6000.0,2590.5560232
6704,442.89,0.0,0.0,0.0,0.0,0.0,2029.7967,0.0,6000.0,2472.6867
6705,76.83648,0.0,0.0,0.0,0.0,0.0,2329.5686144,0.0,6000.0,2406.4050944
6706,2207.142,0.0,0.0,0.0,0.0,0.0,403.17226,0.0,6000.0,2610.31426
6707,2531.9587628866,2338.6132371134,0.0,0.0,0.0,0.0,8.1107354509589e-14,0.0,7928.186614,2531.9587628866
6708,2516.80412371134,803.841876288659,0.0,0.0,0.0,0.0,2.0348533854471998e-13,0.0,8590.954241,2516.80412371134
6709,2490.61855670103,4341.81544329897,0.0,0.0,0.0,0.0,-4.7323428108620204e-14,0.0,12170.781074,2490.61855670103
6710,2667.42268041237,2716.38931958763,0.0,0.0,0.0,0.0,-8.80871549814345e-14,0.0,14410.444068,2667.42268041237
6711,2644.94845360825,573.070546391752,0.0,0.0,0.0,0.0,1.06855372202339e-13,0.0,14882.9407335,2644.94845360825
6712,82.30866,0.0,0.0,0.0,2753.56311546392,0.0,5.80967507265909e-14,0.0,11728.8019987189,2835.87177546392
6713,0.0,0.0,0.0,0.0,0.0,0.0,2459.5,0.0,11728.8019987189,2459.5
6714,0.0,0.0,0.0,0.0,1906.28423651961,0.0,974.213861518378,0.0,9545.20035322104,2880.498098037988
6715,0.0,0.0,0.0,0.0,3094.95990836197,0.0,-1.67306240135968e-13,0.0,6000.0,3094.95990836197
6716,0.0,0.0,0.0,0.0,0.0,0.0,2662.3,0.0,6000.0,2662.3
6717,0.0,0.0,0.0,0.0,0.0,0.0,2539.1,0.0,6000.0,2539.1
6718,0.0,0.0,0.0,0.0,0.0,0.0,2661.3,0.0,6000.0,2661.3
6719,0.0,0.0,0.0,0.0,0.0,0.0,2630.8,0.0,6000.0,2630.8
6720,0.0,0.0,0.0,0.0,0.0,0.0,2547.9,0.0,12000.0,2547.9
6721,0.0,0.0,0.0,0.0,0.0,0.0,2689.2,0.0,12000.0,2689.2
6722,0.0,0.0,0.0,0.0,0.0,0.0,2658.9,0.0,12000.0,2658.9
6723,0.0,0.0,0.0,0.0,0.0,0.0,2536.0,0.0,12000.0,2536.0
6724,0.0,0.0,0.0,0.0,0.0,0.0,2419.5,0.0,12000.0,2419.5
6725,0.0,0.0,0.0,0.0,0.0,0.0,2528.6,0.0,12000.0,2528.6
6726,0.0,0.0,0.0,0.0,0.0,0.0,2506.4,0.0,12000.0,2506.4
6727,24.61095,0.0,0.0,0.0,0.0,0.0,2443.6273785,0.0,12000.0,2468.2383285
6728,1801.2183,0.0,0.0,0.0,0.0,0.0,842.018249,0.0,12000.0,2643.236549
6729,2689.07216494845,344.944835051546,0.0,0.0,0.0,0.0,-1.92102187536444e-13,0.0,12284.4070165,2689.07216494845
6730,2672.0618556701,980.342144329896,0.0,0.0,-9.0342033795225e-14,0.0,1.39199857185747e-30,0.0,13092.6991145,2672.0618556701
6731,1847.1957,0.0,0.0,0.0,562.523717070738,0.0,161.736965997246,0.0,12448.3420502723,2571.456383067984
6732,2326.926,0.0,0.0,0.0,286.347972508591,0.0,2.2708021640990804e-15,0.0,12120.3374998616,2613.2739725085908
6733,2470.61855670103,163.180443298969,0.0,0.0,-1.58998631543795e-13,0.0,4.6400537419810094e-30,0.0,12254.8797753616,2470.61855670103
6734,2590.41237113402,242.634628865979,0.0,0.0,2.35334085052581e-13,0.0,1.55641666917706e-29,0.0,12454.9320268616,2590.4123711340203
6735,1979.9367,0.0,0.0,0.0,628.249027491409,0.0,3.38578037206563e-14,0.0,11735.2882382116,2608.185727491409
6736,66.04059,0.0,0.0,0.0,0.0,0.0,2409.6406277,0.0,11735.2882382116,2475.6812177
6737,0.0,0.0,0.0,0.0,0.0,0.0,2479.9,0.0,11735.2882382116,2479.9
6738,0.0,0.0,0.0,0.0,0.0,0.0,2486.9,0.0,11735.2882382116,2486.9
6739,0.0,0.0,0.0,0.0,0.0,0.0,2442.2,0.0,11735.2882382116,2442.2
6740,0.0,0.0,0.0,0.0,0.0,0.0,2418.4,0.0,11735.2882382116,2418.4
6741,0.0,0.0,0.0,0.0,0.0,0.0,2481.0,0.0,11735.2882382116,2481.0
6742,0.0,0.0,0.0,0.0,0.0,0.0,2330.5,0.0,11735.2882382116,2330.5
6743,0.0,0.0,0.0,0.0,0.0,0.0,2458.0,0.0,11735.2882382116,2458.0
6744,0.0,0.0,0.0,0.0,0.0,0.0,2374.8,0.0,11735.2882382116,2374.8
6745,0.0,0.0,0.0,0.0,0.0,0.0,2334.6,0.0,11735.2882382116,2334.6
6746,0.0,0.0,0.0,0.0,0.0,0.0,2408.0,0.0,11735.2882382116,2408.0
6747,0.0,0.0,0.0,0.0,0.0,0.0,2395.3,0.0,11735.2882382116,2395.3
6748,0.0,0.0,0.0,0.0,0.0,0.0,2352.9,0.0,11735.2882382116,2352.9
6749,0.0,0.0,0.0,0.0,0.0,0.0,2433.8,0.0,11735.2882382116,2433.8
6750,0.0,0.0,0.0,0.0,0.0,0.0,2499.9,0.0,11735.2882382116,2499.9
6751,45.1416,0.0,0.0,0.0,0.0,0.0,2371.212648,0.0,11735.2882382116,2416.354248
6752,35.08659,0.0,0.0,0.0,2813.4776720504,0.0,7.09361061837839e-14,0.0,8512.51885441966,2848.5642620504
6753,596.4294,0.0,0.0,0.0,2193.42895990836,0.0,-7.750346327400531e-14,0.0,6000.0,2789.85835990836
6754,1668.6789,0.0,0.0,0.0,0.0,0.0,870.581467,0.0,6000.0,2539.260367
6755,952.3164,0.0,0.0,0.0,0.0,0.0,1480.353092,0.0,6000.0,2432.669492
6756,2484.74226804124,1381.50473195876,0.0,0.0,1.07092411091543e-13,0.0,4.4311505633584794e-30,0.0,7139.0506515,2484.74226804124
6757,2004.4038,0.0,0.0,0.0,660.055342497136,0.0,-1.65626528625446e-14,0.0,6382.97351232802,2664.459142497136
6758,1500.7944,0.0,0.0,0.0,334.335876262363,0.0,746.254212022957,0.0,6000.0,2581.38448828532
6759,922.0638,0.0,0.0,0.0,0.0,0.0,1592.498114,0.0,6000.0,2514.561914
6760,47.29956,0.0,0.0,0.0,0.0,0.0,2376.9194268,0.0,6000.0,2424.2189868
6761,0.0,0.0,0.0,0.0,0.0,0.0,2398.5,0.0,6000.0,2398.5
6762,0.0,0.0,0.0,0.0,0.0,0.0,2305.1,0.0,6000.0,2305.1
6763,0.0,0.0,0.0,0.0,0.0,0.0,2414.6,0.0,6000.0,2414.6
6764,0.0,0.0,0.0,0.0,0.0,0.0,2333.0,0.0,6000.0,2333.0
6765,0.0,0.0,0.0,0.0,0.0,0.0,2409.4,0.0,6000.0,2409.4
6766,0.0,0.0,0.0,0.0,0.0,0.0,2519.0,0.0,6000.0,2519.0
6767,0.0,0.0,0.0,0.0,0.0,0.0,2530.9,0.0,6000.0,2530.9
6768,0.0,0.0,0.0,0.0,0.0,0.0,2417.1,0.0,12000.0,2417.1
6769,0.0,0.0,0.0,0.0,0.0,0.0,2422.6,0.0,12000.0,2422.6
6770,0.0,0.0,0.0,0.0,0.0,0.0,2405.4,0.0,12000.0,2405.4
6771,0.0,0.0,0.0,0.0,0.0,0.0,2275.7,0.0,12000.0,2275.7
6772,0.0,0.0,0.0,0.0,0.0,0.0,2444.3,0.0,12000.0,2444.3
6773,0.0,0.0,0.0,0.0,0.0,0.0,2314.0,0.0,12000.0,2314.0
6774,0.0,0.0,0.0,0.0,0.0,0.0,2298.4,0.0,12000.0,2298.4
6775,14.5593,0.0,0.0,0.0,0.0,0.0,2402.877479,0.0,12000.0,2417.436779
6776,331.5669,0.0,0.0,0.0,0.0,0.0,2103.480107,0.0,12000.0,2435.047007
6777,708.813,0.0,0.0,0.0,0.0,0.0,1797.35139,0.0,12000.0,2506.16439
6778,667.6887,0.0,0.0,0.0,0.0,0.0,1916.641961,0.0,12000.0,2584.330661
6779,1349.6931,0.0,0.0,0.0,0.0,0.0,1210.797693,0.0,12000.0,2560.490793
6780,901.53,0.0,0.0,0.0,0.0,0.0,1612.5159,0.0,12000.0,2514.0459
6781,2508.55670103093,246.685298969071,0.0,0.0,0.0,0.0,-1.5598482414087299e-13,0.0,12203.392029,2508.55670103093
6782,1218.1218,0.0,0.0,0.0,0.0,0.0,1241.321854,0.0,12203.392029,2459.443654
6783,1070.5149,0.0,0.0,0.0,0.0,0.0,1360.000547,0.0,12203.392029,2430.515447
6784,49.16247,0.0,0.0,0.0,0.0,0.0,2307.7124041,0.0,12203.392029,2356.8748741000004
6785,0.0,0.0,0.0,0.0,0.0,0.0,2449.8,0.0,12203.392029,2449.8
6786,0.0,0.0,0.0,0.0,0.0,0.0,2371.1,0.0,12203.392029,2371.1
6787,0.0,0.0,0.0,0.0,0.0,0.0,2477.3,0.0,12203.392029,2477.3
6788,0.0,0.0,0.0,0.0,0.0,0.0,2515.9,0.0,12203.392029,2515.9
6789,0.0,0.0,0.0,0.0,0.0,0.0,2460.9,0.0,12203.392029,2460.9
6790,0.0,0.0,0.0,0.0,0.0,0.0,2567.3,0.0,12203.392029,2567.3
6791,0.0,0.0,0.0,0.0,0.0,0.0,2547.1,0.0,12203.392029,2547.1
6792,0.0,0.0,0.0,0.0,0.0,0.0,2521.8,0.0,12203.392029,2521.8
6793,0.0,0.0,0.0,0.0,0.0,0.0,2508.1,0.0,12203.392029,2508.1
6794,0.0,0.0,0.0,0.0,0.0,0.0,2514.0,0.0,12203.392029,2514.0
6795,0.0,0.0,0.0,0.0,0.0,0.0,2504.1,0.0,12203.392029,2504.1
6796,0.0,0.0,0.0,0.0,0.0,0.0,2314.3,0.0,12203.392029,2314.3
6797,0.0,0.0,0.0,0.0,0.0,0.0,2436.0,0.0,12203.392029,2436.0
6798,0.0,0.0,0.0,0.0,0.0,0.0,2521.4,0.0,12203.392029,2521.4
6799,126.69699,0.0,0.0,0.0,0.0,0.0,2388.4039197,0.0,12203.392029,2515.1009097
6800,153.38904,0.0,0.0,0.0,0.0,0.0,2301.7126312,0.0,12203.392029,2455.1016712
6801,84.65394,0.0,0.0,0.0,532.379843837045,0.0,1931.51807453026,0.0,11593.5640291867,2548.551858367305
6802,331.6362,0.0,0.0,0.0,2528.88073997709,0.0,-8.695478577221591e-15,0.0,8696.79342211096,2860.51693997709
6803,442.6758,0.0,0.0,0.0,2354.30065750286,0.0,-1.31787379840093e-13,0.0,6000.0,2796.97645750286
6804,1228.269,0.0,0.0,0.0,0.0,0.0,1364.67907,0.0,6000.0,2592.94807
6805,1462.6395,0.0,0.0,0.0,0.0,0.0,1015.639685,0.0,6000.0,2478.279185
6806,1019.8965,0.0,0.0,0.0,0.0,0.0,1600.000395,0.0,6000.0,2619.896895
6807,440.1285,0.0,0.0,0.0,0.0,0.0,2164.075355,0.0,6000.0,2604.203855
6808,16.987761,0.0,0.0,0.0,0.0,0.0,2469.22187183,0.0,6000.0,2486.20963283
6809,0.0,0.0,0.0,0.0,0.0,0.0,2469.8,0.0,6000.0,2469.8
6810,0.0,0.0,0.0,0.0,0.0,0.0,2621.8,0.0,6000.0,2621.8
6811,0.0,0.0,0.0,0.0,0.0,0.0,2665.2,0.0,6000.0,2665.2
6812,0.0,0.0,0.0,0.0,0.0,0.0,2692.9,0.0,6000.0,2692.9
6813,0.0,0.0,0.0,0.0,0.0,0.0,2628.6,0.0,6000.0,2628.6
6814,0.0,0.0,0.0,0.0,0.0,0.0,2619.9,0.0,6000.0,2619.9
6815,0.0,0.0,0.0,0.0,0.0,0.0,2709.3,0.0,6000.0,2709.3
6816,0.0,0.0,0.0,0.0,0.0,0.0,2673.1,0.0,12000.0,2673.1
6817,0.0,0.0,0.0,0.0,0.0,0.0,2548.2,0.0,12000.0,2548.2
6818,0.0,0.0,0.0,0.0,0.0,0.0,2479.9,0.0,12000.0,2479.9
6819,0.0,0.0,0.0,0.0,0.0,0.0,2496.7,0.0,12000.0,2496.7
6820,0.0,0.0,0.0,0.0,0.0,0.0,2370.6,0.0,12000.0,2370.6
6821,0.0,0.0,0.0,0.0,0.0,0.0,2265.9,0.0,12000.0,2265.9
6822,0.0,0.0,0.0,0.0,0.0,0.0,2229.2,0.0,12000.0,2229.2
6823,117.83667,0.0,0.0,0.0,0.0,0.0,2098.1984301,0.0,12000.0,2216.0351001000004
6824,978.1023,0.0,0.0,0.0,0.0,0.0,1245.140769,0.0,12000.0,2223.243069
6825,2230.72164948454,388.629350515463,0.0,0.0,0.0,0.0,-2.17957519157842e-13,0.0,12320.4248995,2230.72164948454
6826,2182.0618556701,2294.9281443299,0.0,0.0,0.0,0.0,1.67281171732461e-13,0.0,14212.5931545,2182.0618556701
6827,2084.94845360825,1228.93554639175,0.0,0.0,0.0,0.0,-1.67272015253908e-13,0.0,15225.8505125,2084.94845360825
6828,2177.42268041237,1075.20431958763,0.0,0.0,0.0,0.0,1.58062612254258e-13,0.0,16112.356474,2177.42268041237
6829,2121.54639175258,308.300608247423,0.0,0.0,0.0,0.0,-1.43559482743625e-13,0.0,16366.5503255,2121.54639175258
6830,1281.3108,0.0,0.0,0.0,0.0,0.0,1059.528524,0.0,16366.5503255,2340.839324
6831,567.9366,0.0,0.0,0.0,0.0,0.0,1941.501498,0.0,16366.5503255,2509.438098
6832,98.44296,0.0,0.0,0.0,0.0,0.0,2387.5103288,0.0,16366.5503255,2485.9532888
6833,0.0,0.0,0.0,0.0,0.0,0.0,2594.2,0.0,16366.5503255,2594.2
6834,0.0,0.0,0.0,0.0,0.0,0.0,2509.5,0.0,16366.5503255,2509.5
6835,0.0,0.0,0.0,0.0,0.0,0.0,2602.8,0.0,16366.5503255,2602.8
6836,0.0,0.0,0.0,0.0,0.0,0.0,2750.2,0.0,16366.5503255,2750.2
6837,0.0,0.0,0.0,0.0,0.0,0.0,2604.7,0.0,16366.5503255,2604.7
6838,0.0,0.0,0.0,0.0,0.0,0.0,2595.2,0.0,16366.5503255,2595.2
6839,0.0,0.0,0.0,0.0,0.0,0.0,2700.9,0.0,16366.5503255,2700.9
6840,0.0,0.0,0.0,0.0,0.0,0.0,2656.6,0.0,16366.5503255,2656.6
6841,0.0,0.0,0.0,0.0,0.0,0.0,2688.7,0.0,16366.5503255,2688.7
6842,0.0,0.0,0.0,0.0,0.0,0.0,2687.7,0.0,16366.5503255,2687.7
6843,0.0,0.0,0.0,0.0,0.0,0.0,2587.9,0.0,16366.5503255,2587.9
6844,0.0,0.0,0.0,0.0,0.0,0.0,2394.5,0.0,16366.5503255,2394.5
6845,0.0,0.0,0.0,0.0,0.0,0.0,2598.0,0.0,16366.5503255,2598.0
6846,0.0,0.0,0.0,0.0,0.0,0.0,2568.9,0.0,16366.5503255,2568.9
6847,125.87127,0.0,0.0,0.0,0.0,0.0,2453.4048681,0.0,16366.5503255,2579.2761381
6848,28.455,0.0,0.0,0.0,0.0,0.0,2462.39865,0.0,16366.5503255,2490.85365
6849,72.86874,0.0,0.0,0.0,0.0,0.0,2501.2173222,0.0,16366.5503255,2574.0860622
6850,478.4808,0.0,0.0,0.0,2486.109534937,0.0,-1.97491606117707e-13,0.0,13518.7730804404,2964.590334937
6851,1751.9775,0.0,0.0,0.0,1026.43966208477,0.0,-6.25234270364587e-14,0.0,12343.0117263914,2778.41716208477
6852,2205.777,0.0,0.0,0.0,578.460836197022,0.0,3.8430522473115403e-14,0.0,11680.3990846996,2784.2378361970223
6853,2733.50515463918,95.8248453608244,0.0,0.0,-2.34319215791588e-13,0.0,2.14446788639104e-29,0.0,11759.4066696996,2733.50515463918
6854,1153.3704,0.0,0.0,0.0,319.351496794333,0.0,1313.93685529855,0.0,11393.5973950211,2786.658752092884
6855,986.2965,0.0,0.0,0.0,1918.89163230241,0.0,9.094750132075261e-14,0.0,9195.55428814545,2905.18813230241
6856,16.778769,0.0,0.0,0.0,2789.71889355097,0.0,1.49599779560656e-14,0.0,6000.0,2806.49766255097
6857,0.0,0.0,0.0,0.0,0.0,0.0,2477.9,0.0,6000.0,2477.9
6858,0.0,0.0,0.0,0.0,0.0,0.0,2506.9,0.0,6000.0,2506.9
6859,0.0,0.0,0.0,0.0,0.0,0.0,2653.0,0.0,6000.0,2653.0
6860,0.0,0.0,0.0,0.0,0.0,0.0,2600.0,0.0,6000.0,2600.0
6861,0.0,0.0,0.0,0.0,0.0,0.0,2412.9,0.0,6000.0,2412.9
6862,0.0,0.0,0.0,0.0,0.0,0.0,2450.2,0.0,6000.0,2450.2
6863,0.0,0.0,0.0,0.0,0.0,0.0,2511.0,0.0,6000.0,2511.0
6864,0.0,0.0,0.0,0.0,0.0,0.0,2494.5,0.0,12000.0,2494.5
6865,0.0,0.0,0.0,0.0,0.0,0.0,2512.9,0.0,12000.0,2512.9
6866,0.0,0.0,0.0,0.0,0.0,0.0,2504.4,0.0,12000.0,2504.4
6867,0.0,0.0,0.0,0.0,0.0,0.0,2269.7,0.0,12000.0,2269.7
6868,0.0,0.0,0.0,0.0,2390.23367697595,0.0,129.126,0.0,9262.04618903099,2519.35967697595
6869,0.0,0.0,0.0,0.0,2847.76632302406,0.0,-1.48645955414707e-13,0.0,6000.0,2847.76632302406
6870,0.0,0.0,0.0,0.0,0.0,0.0,2435.0,0.0,6000.0,2435.0
6871,37.05471,0.0,0.0,0.0,0.0,0.0,2361.0569313,0.0,6000.0,2398.1116413
6872,27.6003,0.0,0.0,0.0,0.0,0.0,2566.527709,0.0,6000.0,2594.128009
6873,71.96952,0.0,0.0,0.0,0.0,0.0,2554.6895656,0.0,6000.0,2626.6590856000003
6874,273.9681,0.0,0.0,0.0,0.0,0.0,2388.950943,0.0,6000.0,2662.919043
6875,126.32802,0.0,0.0,0.0,0.0,0.0,2511.1618206,0.0,6000.0,2637.4898406
6876,125.92461,0.0,0.0,0.0,0.0,0.0,2431.6531283,0.0,6000.0,2557.5777383
6877,103.39686,0.0,0.0,0.0,0.0,0.0,2375.4050458,0.0,6000.0,2478.8019058
6878,58.20801,0.0,0.0,0.0,0.0,0.0,2477.2382303,0.0,6000.0,2535.4462403
6879,68.26113,0.0,0.0,0.0,0.0,0.0,2519.1867039,0.0,6000.0,2587.4478339
6880,0.0,0.0,0.0,0.0,0.0,0.0,2574.0,0.0,6000.0,2574.0
6881,0.0,0.0,0.0,0.0,0.0,0.0,2527.9,0.0,6000.0,2527.9
6882,0.0,0.0,0.0,0.0,0.0,0.0,2523.5,0.0,6000.0,2523.5
6883,0.0,0.0,0.0,0.0,0.0,0.0,2570.0,0.0,6000.0,2570.0
6884,0.0,0.0,0.0,0.0,0.0,0.0,2662.0,0.0,6000.0,2662.0
6885,0.0,0.0,0.0,0.0,0.0,0.0,2601.0,0.0,6000.0,2601.0
6886,0.0,0.0,0.0,0.0,0.0,0.0,2623.3,0.0,6000.0,2623.3
6887,0.0,0.0,0.0,0.0,0.0,0.0,2665.4,0.0,6000.0,2665.4
6888,0.0,0.0,0.0,0.0,0.0,0.0,2547.7,0.0,6000.0,2547.7
6889,0.0,0.0,0.0,0.0,0.0,0.0,2586.8,0.0,6000.0,2586.8
6890,0.0,0.0,0.0,0.0,0.0,0.0,2537.8,0.0,6000.0,2537.8
6891,0.0,0.0,0.0,0.0,0.0,0.0,2515.3,0.0,6000.0,2515.3
6892,0.0,0.0,0.0,0.0,0.0,0.0,2307.5,0.0,6000.0,2307.5
6893,0.0,0.0,0.0,0.0,0.0,0.0,2394.7,0.0,6000.0,2394.7
6894,0.0,0.0,0.0,0.0,0.0,0.0,2391.5,0.0,6000.0,2391.5
6895,53.55567,0.0,0.0,0.0,0.0,0.0,2456.8510001,0.0,6000.0,2510.4066701
6896,34.19367,0.0,0.0,0.0,0.0,0.0,2537.3321401,0.0,6000.0,2571.5258101
6897,248.1738,0.0,0.0,0.0,0.0,0.0,2321.271414,0.0,6000.0,2569.445214
6898,1124.2518,0.0,0.0,0.0,0.0,0.0,1469.075754,0.0,6000.0,2593.327554
6899,1110.7824,0.0,0.0,0.0,0.0,0.0,1413.141072,0.0,6000.0,2523.923472
6900,1856.0892,0.0,0.0,0.0,0.0,0.0,756.693476,0.0,6000.0,2612.782676
6901,1252.6962,0.0,0.0,0.0,0.0,0.0,1286.784686,0.0,6000.0,2539.4808860000003
6902,615.5037,0.0,0.0,0.0,0.0,0.0,1964.361411,0.0,6000.0,2579.865111
6903,80.79225,0.0,0.0,0.0,0.0,0.0,2542.5315175,0.0,6000.0,2623.3237675
6904,5.176626,0.0,0.0,0.0,0.0,0.0,2529.87867278,0.0,6000.0,2535.05529878
6905,0.0,0.0,0.0,0.0,0.0,0.0,2514.5,0.0,6000.0,2514.5
6906,0.0,0.0,0.0,0.0,0.0,0.0,2578.0,0.0,6000.0,2578.0
6907,0.0,0.0,0.0,0.0,0.0,0.0,2487.2,0.0,6000.0,2487.2
6908,0.0,0.0,0.0,0.0,0.0,0.0,2553.3,0.0,6000.0,2553.3
6909,0.0,0.0,0.0,0.0,0.0,0.0,2535.2,0.0,6000.0,2535.2
6910,0.0,0.0,0.0,0.0,0.0,0.0,2468.4,0.0,6000.0,2468.4
6911,0.0,0.0,0.0,0.0,0.0,0.0,2529.4,0.0,6000.0,2529.4
6912,0.0,0.0,0.0,0.0,0.0,0.0,2471.7,0.0,12000.0,2471.7
6913,0.0,0.0,0.0,0.0,0.0,0.0,2437.0,0.0,12000.0,2437.0
6914,0.0,0.0,0.0,0.0,0.0,0.0,2439.2,0.0,12000.0,2439.2
6915,0.0,0.0,0.0,0.0,0.0,0.0,2376.3,0.0,12000.0,2376.3
6916,0.0,0.0,0.0,0.0,0.0,0.0,2403.6,0.0,12000.0,2403.6
6917,0.0,0.0,0.0,0.0,0.0,0.0,2416.3,0.0,12000.0,2416.3
6918,0.0,0.0,0.0,0.0,0.0,0.0,2494.4,0.0,12000.0,2494.4
6919,8.87103,0.0,0.0,0.0,0.0,0.0,2465.1951009,0.0,12000.0,2474.0661309
6920,518.8953,0.0,0.0,0.0,0.0,0.0,1943.671559,0.0,12000.0,2462.566859
6921,292.5804,0.0,0.0,0.0,0.0,0.0,2207.897012,0.0,12000.0,2500.477412
6922,1036.2807,0.0,0.0,0.0,0.0,0.0,1479.107721,0.0,12000.0,2515.388421
6923,1953.5943,0.0,0.0,0.0,0.0,0.0,673.413529,0.0,12000.0,2627.007829
6924,120.84051,0.0,0.0,0.0,0.0,0.0,2436.4847053,0.0,12000.0,2557.3252153
6925,1217.223,0.0,0.0,0.0,0.0,0.0,1303.29369,0.0,12000.0,2520.51669
6926,65.03553,0.0,0.0,0.0,0.0,0.0,2386.6155359,0.0,12000.0,2451.6510659
6927,96.19659,0.0,0.0,0.0,0.0,0.0,2412.2893077,0.0,12000.0,2508.4858977
6928,8.245797,0.0,0.0,0.0,0.0,0.0,2409.50157691,0.0,12000.0,2417.74737391
6929,0.0,0.0,0.0,0.0,0.0,0.0,2426.8,0.0,12000.0,2426.8
6930,0.0,0.0,0.0,0.0,0.0,0.0,2537.8,0.0,12000.0,2537.8
6931,0.0,0.0,0.0,0.0,0.0,0.0,2526.3,0.0,12000.0,2526.3
6932,0.0,0.0,0.0,0.0,0.0,0.0,2399.8,0.0,12000.0,2399.8
6933,0.0,0.0,0.0,0.0,0.0,0.0,2432.9,0.0,12000.0,2432.9
6934,0.0,0.0,0.0,0.0,0.0,0.0,2432.0,0.0,12000.0,2432.0
6935,0.0,0.0,0.0,0.0,0.0,0.0,2408.0,0.0,12000.0,2408.0
6936,0.0,0.0,0.0,0.0,0.0,0.0,2509.6,0.0,12000.0,2509.6
6937,0.0,0.0,0.0,0.0,0.0,0.0,2380.1,0.0,12000.0,2380.1
6938,0.0,0.0,0.0,0.0,0.0,0.0,2371.0,0.0,12000.0,2371.0
6939,0.0,0.0,0.0,0.0,0.0,0.0,2404.3,0.0,12000.0,2404.3
6940,0.0,0.0,0.0,0.0,0.0,0.0,2381.0,0.0,12000.0,2381.0
6941,0.0,0.0,0.0,0.0,0.0,0.0,2277.5,0.0,12000.0,2277.5
6942,0.0,0.0,0.0,0.0,0.0,0.0,2437.0,0.0,12000.0,2437.0
6943,0.0,0.0,0.0,0.0,0.0,0.0,2486.2,0.0,12000.0,2486.2
6944,8.83659,0.0,0.0,0.0,2705.98912680412,0.0,-5.93125741822502e-14,0.0,8900.35609758978,2714.82571680412
6945,121.3422,0.0,0.0,0.0,2532.01087319588,0.0,175.552573699999,0.0,6000.0,2828.905646895879
6946,2228.058,0.0,0.0,0.0,0.0,0.0,297.18374,0.0,6000.0,2525.24174
6947,561.1494,0.0,0.0,0.0,0.0,0.0,1920.385082,0.0,6000.0,2481.534482
6948,265.6269,0.0,0.0,0.0,0.0,0.0,2177.541907,0.0,6000.0,2443.168807
6949,401.9274,0.0,0.0,0.0,0.0,0.0,2049.330422,0.0,6000.0,2451.257822
6950,265.2405,0.0,0.0,0.0,0.0,0.0,2238.016715,0.0,6000.0,2503.257215
6951,0.0,0.0,0.0,0.0,0.0,0.0,2510.3,0.0,6000.0,2510.3
6952,0.0,0.0,0.0,0.0,0.0,0.0,2440.9,0.0,6000.0,2440.9
6953,0.0,0.0,0.0,0.0,0.0,0.0,2527.3,0.0,6000.0,2527.3
6954,0.0,0.0,0.0,0.0,0.0,0.0,2406.7,0.0,6000.0,2406.7
6955,0.0,0.0,0.0,0.0,0.0,0.0,2487.1,0.0,6000.0,2487.1
6956,0.0,0.0,0.0,0.0,0.0,0.0,2463.5,0.0,6000.0,2463.5
6957,0.0,0.0,0.0,0.0,0.0,0.0,2511.4,0.0,6000.0,2511.4
6958,0.0,0.0,0.0,0.0,0.0,0.0,2585.0,0.0,6000.0,2585.0
6959,0.0,0.0,0.0,0.0,0.0,0.0,2452.7,0.0,6000.0,2452.7
6960,0.0,0.0,0.0,0.0,0.0,0.0,2561.6,0.0,12000.0,2561.6
6961,0.0,0.0,0.0,0.0,0.0,0.0,2511.5,0.0,12000.0,2511.5
6962,0.0,0.0,0.0,0.0,0.0,0.0,2501.6,0.0,12000.0,2501.6
6963,0.0,0.0,0.0,0.0,0.0,0.0,2459.5,0.0,12000.0,2459.5
6964,0.0,0.0,0.0,0.0,0.0,0.0,2231.4,0.0,12000.0,2231.4
6965,0.0,0.0,0.0,0.0,0.0,0.0,2070.8,0.0,12000.0,2070.8
6966,0.0,0.0,0.0,0.0,0.0,0.0,2055.9,0.0,12000.0,2055.9
6967,96.06996,0.0,0.0,0.0,0.0,0.0,2091.0121388,0.0,12000.0,2187.0820988
6968,36.79053,0.0,0.0,0.0,0.0,0.0,2090.1131859,0.0,12000.0,2126.9037159000004
6969,297.5469,0.0,0.0,0.0,0.0,0.0,1794.079507,0.0,12000.0,2091.626407
6970,927.0429,0.0,0.0,0.0,0.0,0.0,1311.668387,0.0,12000.0,2238.711287
6971,1233.708,0.0,0.0,0.0,0.0,0.0,969.80324,0.0,12000.0,2203.51124
6972,2316.70103092783,1341.54096907217,0.0,0.0,0.0,0.0,8.90141568702019e-14,0.0,13106.100529,2316.70103092783
6973,2420.82474226804,1531.06025773196,0.0,0.0,0.0,0.0,5.08613082921638e-14,0.0,14368.4597115,2420.82474226804
6974,2649.07216494845,43.5898350515463,0.0,0.0,7.56448893072171e-14,0.0,-4.9269592514114596e-30,0.0,14404.3995305,2649.07216494845
6975,1172.8836,0.0,0.0,0.0,1633.10756930126,0.0,-8.031778341201831e-14,0.0,12533.7150295822,2805.99116930126
6976,322.2597,0.0,0.0,0.0,2627.38612943872,0.0,1.0291965136821e-15,0.0,9524.10892484138,2949.6458294387203
6977,0.0,0.0,0.0,0.0,0.0,0.0,2669.2,0.0,9524.10892484138,2669.2
6978,0.0,0.0,0.0,0.0,0.0,0.0,2650.3,0.0,9524.10892484138,2650.3
6979,0.0,0.0,0.0,0.0,514.979145796602,0.0,2263.22320571957,0.0,8934.21299609384,2778.2023515161723
6980,0.0,0.0,0.0,0.0,0.0,0.0,2707.8,0.0,8934.21299609384,2707.8
6981,0.0,0.0,0.0,0.0,0.0,0.0,2603.7,0.0,8934.21299609384,2603.7
6982,0.0,0.0,0.0,0.0,0.0,0.0,2660.9,0.0,8934.21299609384,2660.9
6983,0.0,0.0,0.0,0.0,0.0,0.0,2684.9,0.0,8934.21299609384,2684.9
6984,0.0,0.0,0.0,0.0,0.0,0.0,2537.6,0.0,8934.21299609384,2537.6
6985,0.0,0.0,0.0,0.0,0.0,0.0,2509.9,0.0,8934.21299609384,2509.9
6986,0.0,0.0,0.0,0.0,0.0,0.0,2655.1,0.0,8934.21299609384,2655.1
6987,0.0,0.0,0.0,0.0,0.0,0.0,2661.6,0.0,8934.21299609384,2661.6
6988,0.0,0.0,0.0,0.0,0.0,0.0,2555.1,0.0,8934.21299609384,2555.1
6989,0.0,0.0,0.0,0.0,0.0,0.0,2329.3,0.0,8934.21299609384,2329.3
6990,0.0,0.0,0.0,0.0,0.0,0.0,2246.4,0.0,8934.21299609384,2246.4
6991,43.14555,0.0,0.0,0.0,2561.56794558992,0.0,-6.91188121038701e-14,0.0,6000.0,2604.71349558992
6992,239.0472,0.0,0.0,0.0,0.0,0.0,2064.924216,0.0,6000.0,2303.971416
6993,1707.2433,0.0,0.0,0.0,0.0,0.0,708.173999,0.0,6000.0,2415.417299
6994,2476.39175257732,929.30424742268,0.0,0.0,7.55834265760326e-14,0.0,-1.4939457716325298e-30,0.0,6766.211352,2476.39175257732
6995,2637.73195876289,2285.61304123711,0.0,0.0,-1.59107082847626e-13,0.0,-2.7312552046194196e-30,0.0,8650.6993045,2637.73195876289
6996,2677.42268041237,1228.64031958763,0.0,0.0,2.11944683936259e-13,0.0,-4.36929781692491e-30,0.0,9663.713248,2677.42268041237
6997,2024.2194,0.0,0.0,0.0,719.939498281787,0.0,-1.79342061232259e-14,0.0,8839.04028318696,2744.158898281787
6998,1772.6982,0.0,0.0,0.0,1230.67897594502,0.0,1.31000614373012e-14,0.0,7429.32782505979,3003.37717594502
6999,297.9375,0.0,0.0,0.0,1247.8031912772,0.0,1363.66843901501,0.0,6000.0,2909.40913029221
7000,3.586023,0.0,0.0,0.0,0.0,0.0,2730.52155769,0.0,6000.0,2734.10758069
7001,0.0,0.0,0.0,0.0,0.0,0.0,2783.8,0.0,6000.0,2783.8
7002,0.0,0.0,0.0,0.0,0.0,0.0,2768.3,0.0,6000.0,2768.3
7003,0.0,0.0,0.0,0.0,0.0,0.0,2747.4,0.0,6000.0,2747.4
7004,0.0,0.0,0.0,0.0,0.0,0.0,2788.6,0.0,6000.0,2788.6
7005,0.0,0.0,0.0,0.0,0.0,0.0,2703.9,0.0,6000.0,2703.9
7006,0.0,0.0,0.0,0.0,0.0,0.0,2876.0,0.0,6000.0,2876.0
7007,0.0,0.0,0.0,0.0,0.0,0.0,2809.8,0.0,6000.0,2809.8
7008,0.0,0.0,0.0,0.0,0.0,0.0,2663.9,0.0,12000.0,2663.9
7009,0.0,0.0,0.0,0.0,0.0,0.0,2789.0,0.0,12000.0,2789.0
7010,0.0,0.0,0.0,0.0,0.0,0.0,2722.3,0.0,12000.0,2722.3
7011,0.0,0.0,0.0,0.0,0.0,0.0,2693.9,0.0,12000.0,2693.9
7012,0.0,0.0,0.0,0.0,0.0,0.0,2648.1,0.0,12000.0,2648.1
7013,0.0,0.0,0.0,0.0,0.0,0.0,2802.6,0.0,12000.0,2802.6
7014,0.0,0.0,0.0,0.0,0.0,0.0,2833.4,0.0,12000.0,2833.4
7015,29.63268,0.0,0.0,0.0,0.0,0.0,2686.5563004,0.0,12000.0,2716.1889804
7016,23.9778,0.0,0.0,0.0,0.0,0.0,2525.641534,0.0,12000.0,2549.619334
7017,12.795951,0.0,0.0,0.0,0.0,0.0,2536.78792753,0.0,12000.0,2549.58387853
7018,91.60515,0.0,0.0,0.0,0.0,0.0,2794.6430045,0.0,12000.0,2886.2481545
7019,45.96228,0.0,0.0,0.0,0.0,0.0,2903.2165884,0.0,12000.0,2949.1788684000003
7020,113.38782,0.0,0.0,0.0,0.0,0.0,2758.6138146,0.0,12000.0,2872.0016346
7021,22.80411,0.0,0.0,0.0,0.0,0.0,2834.3800133,0.0,12000.0,2857.1841233
7022,135.05352,0.0,0.0,0.0,0.0,0.0,2779.6980856,0.0,12000.0,2914.7516056
7023,9.740829,0.0,0.0,0.0,0.0,0.0,2823.45139587,0.0,12000.0,2833.19222487
7024,0.0,0.0,0.0,0.0,0.0,0.0,2818.4,0.0,12000.0,2818.4
7025,0.0,0.0,0.0,0.0,0.0,0.0,2788.4,0.0,12000.0,2788.4
7026,0.0,0.0,0.0,0.0,0.0,0.0,2814.2,0.0,12000.0,2814.2
7027,0.0,0.0,0.0,0.0,0.0,0.0,2748.0,0.0,12000.0,2748.0
7028,0.0,0.0,0.0,0.0,0.0,0.0,2762.4,0.0,12000.0,2762.4
7029,0.0,0.0,0.0,0.0,0.0,0.0,2647.2,0.0,12000.0,2647.2
7030,0.0,0.0,0.0,0.0,0.0,0.0,2733.8,0.0,12000.0,2733.8
7031,0.0,0.0,0.0,0.0,0.0,0.0,2591.6,0.0,12000.0,2591.6
7032,0.0,0.0,0.0,0.0,0.0,0.0,2610.8,0.0,12000.0,2610.8
7033,0.0,0.0,0.0,0.0,0.0,0.0,2689.9,0.0,12000.0,2689.9
7034,0.0,0.0,0.0,0.0,0.0,0.0,2692.5,0.0,12000.0,2692.5
7035,0.0,0.0,0.0,0.0,0.0,0.0,2740.6,0.0,12000.0,2740.6
7036,0.0,0.0,0.0,0.0,0.0,0.0,2662.9,0.0,12000.0,2662.9
7037,0.0,0.0,0.0,0.0,0.0,0.0,2797.8,0.0,12000.0,2797.8
7038,0.0,0.0,0.0,0.0,0.0,0.0,2796.1,0.0,12000.0,2796.1
7039,0.0,0.0,0.0,0.0,0.0,0.0,2809.1,0.0,12000.0,2809.1
7040,0.0,0.0,0.0,0.0,2272.06139690722,0.0,817.5904005,0.0,9397.40962553583,3089.6517974072203
7041,170.75835,0.0,0.0,0.0,2965.93860309278,0.0,1.81710537466793e-13,0.0,6000.0,3136.69695309278
7042,513.4836,0.0,0.0,0.0,0.0,0.0,2350.520908,0.0,6000.0,2864.004508
7043,147.28707,0.0,0.0,0.0,0.0,0.0,2650.5315421,0.0,6000.0,2797.8186121
7044,305.5731,0.0,0.0,0.0,0.0,0.0,2511.694093,0.0,6000.0,2817.267193
7045,79.00788,0.0,0.0,0.0,0.0,0.0,2476.2623564,0.0,6000.0,2555.2702364
7046,10.755507,0.0,0.0,0.0,0.0,0.0,2795.46715821,0.0,6000.0,2806.22266521
7047,318.9942,0.0,0.0,0.0,0.0,0.0,2490.775626,0.0,6000.0,2809.769826
7048,0.0,0.0,0.0,0.0,0.0,0.0,2794.3,0.0,6000.0,2794.3
7049,0.0,0.0,0.0,0.0,0.0,0.0,2753.2,0.0,6000.0,2753.2
7050,0.0,0.0,0.0,0.0,0.0,0.0,2704.8,0.0,6000.0,2704.8
7051,0.0,0.0,0.0,0.0,0.0,0.0,2787.7,0.0,6000.0,2787.7
7052,0.0,0.0,0.0,0.0,0.0,0.0,2711.9,0.0,6000.0,2711.9
7053,0.0,0.0,0.0,0.0,0.0,0.0,2571.9,0.0,6000.0,2571.9
7054,0.0,0.0,0.0,0.0,0.0,0.0,2764.3,0.0,6000.0,2764.3
7055,0.0,0.0,0.0,0.0,0.0,0.0,2779.9,0.0,6000.0,2779.9
7056,0.0,0.0,0.0,0.0,0.0,0.0,2751.4,0.0,12000.0,2751.4
7057,0.0,0.0,0.0,0.0,0.0,0.0,2847.4,0.0,12000.0,2847.4
7058,0.0,0.0,0.0,0.0,0.0,0.0,2739.2,0.0,12000.0,2739.2
7059,0.0,0.0,0.0,0.0,0.0,0.0,2666.3,0.0,12000.0,2666.3
7060,0.0,0.0,0.0,0.0,0.0,0.0,2552.1,0.0,12000.0,2552.1
7061,0.0,0.0,0.0,0.0,0.0,0.0,2693.4,0.0,12000.0,2693.4
7062,0.0,0.0,0.0,0.0,0.0,0.0,2680.7,0.0,12000.0,2680.7
7063,11.686185,0.0,0.0,0.0,0.0,0.0,2684.46440055,0.0,12000.0,2696.15058555
7064,0.0,0.0,0.0,0.0,0.0,0.0,2678.9,0.0,12000.0,2678.9
7065,40.22781,0.0,0.0,0.0,0.0,0.0,2675.2790243,0.0,12000.0,2715.5068343
7066,220.6176,0.0,0.0,0.0,0.0,0.0,2577.600928,0.0,12000.0,2798.218528
7067,15.973755,0.0,0.0,0.0,0.0,0.0,2674.40545765,0.0,12000.0,2690.37921265
7068,331.9386,0.0,0.0,0.0,0.0,0.0,2406.419558,0.0,12000.0,2738.358158
7069,433.6164,0.0,0.0,0.0,0.0,0.0,2259.492092,0.0,12000.0,2693.108492
7070,363.2937,0.0,0.0,0.0,0.0,0.0,2362.305111,0.0,12000.0,2725.5988110000003
7071,205.88295,0.0,0.0,0.0,0.0,0.0,2436.5935385,0.0,12000.0,2642.4764885
7072,0.0,0.0,0.0,0.0,0.0,0.0,2557.4,0.0,12000.0,2557.4
7073,0.0,0.0,0.0,0.0,0.0,0.0,2534.3,0.0,12000.0,2534.3
7074,0.0,0.0,0.0,0.0,0.0,0.0,2585.2,0.0,12000.0,2585.2
7075,0.0,0.0,0.0,0.0,0.0,0.0,2580.5,0.0,12000.0,2580.5
7076,0.0,0.0,0.0,0.0,0.0,0.0,2637.1,0.0,12000.0,2637.1
7077,0.0,0.0,0.0,0.0,0.0,0.0,2677.3,0.0,12000.0,2677.3
7078,0.0,0.0,0.0,0.0,0.0,0.0,2707.4,0.0,12000.0,2707.4
7079,0.0,0.0,0.0,0.0,0.0,0.0,2670.2,0.0,12000.0,2670.2
7080,0.0,0.0,0.0,0.0,0.0,0.0,2644.4,0.0,12000.0,2644.4
7081,0.0,0.0,0.0,0.0,0.0,0.0,2558.4,0.0,12000.0,2558.4
7082,0.0,0.0,0.0,0.0,0.0,0.0,2590.3,0.0,12000.0,2590.3
7083,0.0,0.0,0.0,0.0,0.0,0.0,2592.2,0.0,12000.0,2592.2
7084,0.0,0.0,0.0,0.0,0.0,0.0,2593.5,0.0,12000.0,2593.5
7085,0.0,0.0,0.0,0.0,0.0,0.0,2620.8,0.0,12000.0,2620.8
7086,0.0,0.0,0.0,0.0,0.0,0.0,2646.0,0.0,12000.0,2646.0
7087,0.0,0.0,0.0,0.0,0.0,0.0,2553.8,0.0,12000.0,2553.8
7088,0.0,0.0,0.0,0.0,0.0,0.0,2585.0,0.0,12000.0,2585.0
7089,138.10797,0.0,0.0,0.0,0.0,0.0,2385.8352691,0.0,12000.0,2523.9432391
7090,341.3382,0.0,0.0,0.0,0.0,0.0,2127.601946,0.0,12000.0,2468.9401460000004
7091,2608.65979381443,211.199206185567,0.0,0.0,0.0,0.0,-5.78205982520492e-14,0.0,12174.1337455,2608.65979381443
7092,260.1165,0.0,0.0,0.0,0.0,0.0,2193.186995,0.0,12174.1337455,2453.303495
7093,383.7834,0.0,0.0,0.0,2276.4376884307,0.0,1.35011002712614e-13,0.0,9566.53043687377,2660.2210884307
7094,256.8972,0.0,0.0,0.0,2510.77859793814,0.0,-1.8880758539207998e-13,0.0,6690.49538768918,2767.67579793814
7095,475.3791,0.0,0.0,0.0,0.0,0.0,2049.682273,0.0,6690.49538768918,2525.061373
7096,0.0,0.0,0.0,0.0,602.802473452657,0.0,2007.35344067583,0.0,6000.0,2610.155914128487
7097,0.0,0.0,0.0,0.0,0.0,0.0,2375.7,0.0,6000.0,2375.7
7098,0.0,0.0,0.0,0.0,0.0,0.0,2222.7,0.0,6000.0,2222.7
7099,0.0,0.0,0.0,0.0,0.0,0.0,2230.1,0.0,6000.0,2230.1
7100,0.0,0.0,0.0,0.0,0.0,0.0,2354.7,0.0,6000.0,2354.7
7101,0.0,0.0,0.0,0.0,0.0,0.0,2536.8,0.0,6000.0,2536.8
7102,0.0,0.0,0.0,0.0,0.0,0.0,2595.7,0.0,6000.0,2595.7
7103,0.0,0.0,0.0,0.0,0.0,0.0,2578.6,0.0,6000.0,2578.6
7104,0.0,0.0,0.0,0.0,0.0,0.0,2622.2,0.0,12000.0,2622.2
7105,0.0,0.0,0.0,0.0,0.0,0.0,2569.8,0.0,12000.0,2569.8
7106,0.0,0.0,0.0,0.0,0.0,0.0,2509.4,0.0,12000.0,2509.4
7107,0.0,0.0,0.0,0.0,0.0,0.0,2439.0,0.0,12000.0,2439.0
7108,0.0,0.0,0.0,0.0,0.0,0.0,2478.5,0.0,12000.0,2478.5
7109,0.0,0.0,0.0,0.0,0.0,0.0,2300.0,0.0,12000.0,2300.0
7110,0.0,0.0,0.0,0.0,0.0,0.0,2356.9,0.0,12000.0,2356.9
7111,28.92351,0.0,0.0,0.0,0.0,0.0,2375.7441953,0.0,12000.0,2404.6677053
7112,115.14237,0.0,0.0,0.0,0.0,0.0,2289.4119011,0.0,12000.0,2404.5542711
7113,48.57321,0.0,0.0,0.0,0.0,0.0,2304.6839863,0.0,12000.0,2353.2571963
7114,2418.318,0.0,0.0,0.0,0.0,0.0,85.7315399999999,0.0,12000.0,2504.04954
7115,2592.78350515464,1127.93349484536,0.0,0.0,0.0,0.0,-1.90120359318301e-13,0.0,12929.9811665,2592.78350515464
7116,1671.6126,0.0,0.0,0.0,0.0,0.0,919.635778000001,0.0,12929.9811665,2591.248378000001
7117,1280.1537,0.0,0.0,0.0,0.0,0.0,1332.150911,0.0,12929.9811665,2612.304611
7118,2654.53608247423,1692.92591752577,0.0,0.0,0.0,0.0,-1.56709467853606e-14,0.0,14325.7985855,2654.53608247423
7119,296.0328,0.0,0.0,0.0,0.0,0.0,2188.948184,0.0,14325.7985855,2484.980984
7120,0.0,0.0,0.0,0.0,0.0,0.0,2482.7,0.0,14325.7985855,2482.7
7121,0.0,0.0,0.0,0.0,0.0,0.0,2514.3,0.0,14325.7985855,2514.3
7122,0.0,0.0,0.0,0.0,0.0,0.0,2363.2,0.0,14325.7985855,2363.2
7123,0.0,0.0,0.0,0.0,0.0,0.0,2420.7,0.0,14325.7985855,2420.7
7124,0.0,0.0,0.0,0.0,0.0,0.0,2523.6,0.0,14325.7985855,2523.6
7125,0.0,0.0,0.0,0.0,0.0,0.0,2491.1,0.0,14325.7985855,2491.1
7126,0.0,0.0,0.0,0.0,0.0,0.0,2494.3,0.0,14325.7985855,2494.3
7127,0.0,0.0,0.0,0.0,0.0,0.0,2558.2,0.0,14325.7985855,2558.2
7128,0.0,0.0,0.0,0.0,0.0,0.0,2474.3,0.0,14325.7985855,2474.3
7129,0.0,0.0,0.0,0.0,0.0,0.0,2541.3,0.0,14325.7985855,2541.3
7130,0.0,0.0,0.0,0.0,0.0,0.0,2397.1,0.0,14325.7985855,2397.1
7131,0.0,0.0,0.0,0.0,0.0,0.0,2505.6,0.0,14325.7985855,2505.6
7132,0.0,0.0,0.0,0.0,0.0,0.0,2452.6,0.0,14325.7985855,2452.6
7133,0.0,0.0,0.0,0.0,0.0,0.0,2542.9,0.0,14325.7985855,2542.9
7134,0.0,0.0,0.0,0.0,0.0,0.0,2658.0,0.0,14325.7985855,2658.0
7135,52.54956,0.0,0.0,0.0,0.0,0.0,2663.6269268,0.0,14325.7985855,2716.1764868
7136,131.31657,0.0,0.0,0.0,0.0,0.0,2587.9229271,0.0,14325.7985855,2719.2394971
7137,1475.2038,0.0,0.0,0.0,1284.13781672394,0.0,2.9111180695771504e-14,0.0,12854.85034183,2759.34161672394
7138,2636.49484536082,762.901154639175,0.0,0.0,-2.87427420713763e-15,0.0,8.20633933807611e-32,0.0,13483.86234383,2636.49484536082
7139,2550.51546391753,1008.10253608247,0.0,0.0,1.35145008502178e-13,0.0,7.484964313713419e-30,0.0,14315.04288483,2550.51546391753
7140,2554.32989690722,1076.54910309278,0.0,0.0,2.49859847112678e-13,0.0,-1.78829763017844e-29,0.0,15202.65762033,2554.32989690722
7141,2444.63917525773,1328.64082474227,0.0,0.0,-2.11881752812179e-13,0.0,-1.00951439530749e-29,0.0,16298.12198033,2444.63917525773
7142,1403.8773,0.0,0.0,0.0,1305.42842955326,0.0,-1.6780482018047e-14,0.0,14802.7858640032,2709.30572955326
7143,97.13907,0.0,0.0,0.0,2717.4972532646,0.0,-1.21137771363663e-13,0.0,11689.9596861514,2814.6363232646004
7144,0.0,0.0,0.0,0.0,2759.79381443299,0.0,-1.48802225982022e-13,0.0,8528.68383914914,2759.79381443299
7145,0.0,0.0,0.0,0.0,2207.5409915772,0.0,492.416714353103,0.0,6000.0,2699.9577059303037
7146,0.0,0.0,0.0,0.0,0.0,0.0,2532.2,0.0,6000.0,2532.2
7147,0.0,0.0,0.0,0.0,0.0,0.0,2753.4,0.0,6000.0,2753.4
7148,0.0,0.0,0.0,0.0,0.0,0.0,2682.3,0.0,6000.0,2682.3
7149,0.0,0.0,0.0,0.0,0.0,0.0,2598.9,0.0,6000.0,2598.9
7150,0.0,0.0,0.0,0.0,0.0,0.0,2710.5,0.0,6000.0,2710.5
7151,0.0,0.0,0.0,0.0,0.0,0.0,2654.1,0.0,6000.0,2654.1
7152,0.0,0.0,0.0,0.0,0.0,0.0,2545.9,0.0,12000.0,2545.9
7153,0.0,0.0,0.0,0.0,0.0,0.0,2507.0,0.0,12000.0,2507.0
7154,0.0,0.0,0.0,0.0,0.0,0.0,2584.6,0.0,12000.0,2584.6
7155,0.0,0.0,0.0,0.0,0.0,0.0,2523.8,0.0,12000.0,2523.8
7156,0.0,0.0,0.0,0.0,0.0,0.0,2322.4,0.0,12000.0,2322.4
7157,0.0,0.0,0.0,0.0,0.0,0.0,2225.7,0.0,12000.0,2225.7
7158,0.0,0.0,0.0,0.0,0.0,0.0,2302.5,0.0,12000.0,2302.5
7159,21.92883,0.0,0.0,0.0,2612.86258293242,0.0,1.63802949129867e-13,0.0,9007.03026010032,2634.79141293242
7160,532.6209,0.0,0.0,0.0,1766.7626347079,0.0,233.473946899999,0.0,6983.24717337879,2532.857481607899
7161,1218.1764,0.0,0.0,0.0,0.0,0.0,1200.868892,0.0,6983.24717337879,2419.045292
7162,1631.6895,0.0,0.0,0.0,858.374782359679,0.0,2.3693713271128402e-14,0.0,6000.0,2490.064282359679
7163,2505.05154639175,4089.24245360825,0.0,0.0,3.47860179167587e-14,0.0,9.768710308983081e-31,0.0,9371.580403,2505.05154639175
7164,99.04755,0.0,0.0,0.0,2592.35266494845,0.0,3.96204894047764e-14,0.0,6402.10426903843,2691.4002149484504
7165,53.17662,0.0,0.0,0.0,351.037026870547,0.0,1926.16335414201,0.0,6000.0,2330.377001012557
7166,18.935217,0.0,0.0,0.0,0.0,0.0,2480.73283951,0.0,6000.0,2499.66805651
7167,137.7621,0.0,0.0,0.0,0.0,0.0,2465.170763,0.0,6000.0,2602.932863
7168,0.0,0.0,0.0,0.0,0.0,0.0,2526.7,0.0,6000.0,2526.7
7169,0.0,0.0,0.0,0.0,0.0,0.0,2600.9,0.0,6000.0,2600.9
7170,0.0,0.0,0.0,0.0,0.0,0.0,2453.4,0.0,6000.0,2453.4
7171,0.0,0.0,0.0,0.0,0.0,0.0,2514.4,0.0,6000.0,2514.4
7172,0.0,0.0,0.0,0.0,0.0,0.0,2548.3,0.0,6000.0,2548.3
7173,0.0,0.0,0.0,0.0,0.0,0.0,2565.7,0.0,6000.0,2565.7
7174,0.0,0.0,0.0,0.0,0.0,0.0,2713.9,0.0,6000.0,2713.9
7175,0.0,0.0,0.0,0.0,0.0,0.0,2699.5,0.0,6000.0,2699.5
7176,0.0,0.0,0.0,0.0,0.0,0.0,2627.9,0.0,6000.0,2627.9
7177,0.0,0.0,0.0,0.0,0.0,0.0,2626.6,0.0,6000.0,2626.6
7178,0.0,0.0,0.0,0.0,0.0,0.0,2652.4,0.0,6000.0,2652.4
7179,0.0,0.0,0.0,0.0,0.0,0.0,2641.7,0.0,6000.0,2641.7
7180,0.0,0.0,0.0,0.0,0.0,0.0,2491.4,0.0,6000.0,2491.4
7181,0.0,0.0,0.0,0.0,0.0,0.0,2607.5,0.0,6000.0,2607.5
7182,0.0,0.0,0.0,0.0,0.0,0.0,2567.7,0.0,6000.0,2567.7
7183,303.6684,0.0,0.0,0.0,0.0,0.0,2303.941652,0.0,6000.0,2607.610052
7184,0.0,0.0,0.0,0.0,0.0,0.0,2554.8,0.0,6000.0,2554.8
7185,35.73381,0.0,0.0,0.0,0.0,0.0,2575.9382043,0.0,6000.0,2611.6720143
7186,2646.70103092783,3438.09096907217,0.0,0.0,0.0,0.0,6.8576530479403204e-15,0.0,8834.706004,2646.70103092783
7187,2777.62886597938,3802.46913402062,0.0,0.0,0.0,0.0,-6.24133047649687e-14,0.0,11969.841805,2777.62886597938
7188,653.289,0.0,0.0,0.0,0.0,0.0,2041.70967,0.0,11969.841805,2694.99867
7189,154.76496,0.0,0.0,0.0,0.0,0.0,2441.1779888,0.0,11969.841805,2595.9429488
7190,900.6354,0.0,0.0,0.0,0.0,0.0,1780.283662,0.0,11969.841805,2680.919062
7191,1403.7408,0.0,0.0,0.0,1617.49304009164,0.0,-4.0327753509765e-14,0.0,10117.0433627415,3021.23384009164
7192,0.0,0.0,0.0,0.0,3058.87743413517,0.0,-1.42813978537974e-13,0.0,6613.17459511821,3058.87743413517
7193,0.0,0.0,0.0,0.0,535.301421538196,0.0,2168.08185899715,0.0,6000.0,2703.383280535346
7194,0.0,0.0,0.0,0.0,0.0,0.0,2618.4,0.0,6000.0,2618.4
7195,0.0,0.0,0.0,0.0,0.0,0.0,2699.5,0.0,6000.0,2699.5
7196,0.0,0.0,0.0,0.0,0.0,0.0,2666.1,0.0,6000.0,2666.1
7197,0.0,0.0,0.0,0.0,0.0,0.0,2571.2,0.0,6000.0,2571.2
7198,0.0,0.0,0.0,0.0,0.0,0.0,2715.4,0.0,6000.0,2715.4
7199,0.0,0.0,0.0,0.0,0.0,0.0,2670.6,0.0,6000.0,2670.6
7200,0.0,0.0,0.0,0.0,0.0,0.0,2441.2,0.0,12000.0,2441.2
7201,0.0,0.0,0.0,0.0,0.0,0.0,2577.6,0.0,12000.0,2577.6
7202,0.0,0.0,0.0,0.0,0.0,0.0,2504.0,0.0,12000.0,2504.0
7203,0.0,0.0,0.0,0.0,0.0,0.0,2546.8,0.0,12000.0,2546.8
7204,0.0,0.0,0.0,0.0,0.0,0.0,2455.5,0.0,12000.0,2455.5
7205,0.0,0.0,0.0,0.0,0.0,0.0,2674.7,0.0,12000.0,2674.7
7206,0.0,0.0,0.0,0.0,0.0,0.0,2672.6,0.0,12000.0,2672.6
7207,0.0,0.0,0.0,0.0,0.0,0.0,2629.4,0.0,12000.0,2629.4
7208,91.92435,0.0,0.0,0.0,0.0,0.0,2656.0333805,0.0,12000.0,2747.9577305000003
7209,1240.5981,0.0,0.0,0.0,0.0,0.0,1547.519843,0.0,12000.0,2788.117943
7210,808.8444,0.0,0.0,0.0,0.0,0.0,2008.520932,0.0,12000.0,2817.365332
7211,622.6479,0.0,0.0,0.0,0.0,0.0,2116.631537,0.0,12000.0,2739.279437
7212,297.4062,0.0,0.0,0.0,0.0,0.0,2518.715986,0.0,12000.0,2816.122186
7213,173.1828,0.0,0.0,0.0,0.0,0.0,2521.412684,0.0,12000.0,2694.595484
7214,216.1341,0.0,0.0,0.0,0.0,0.0,2462.349923,0.0,12000.0,2678.484023
7215,75.66174,0.0,0.0,0.0,0.0,0.0,2621.2081122,0.0,12000.0,2696.8698522
7216,0.0,0.0,0.0,0.0,0.0,0.0,2713.1,0.0,12000.0,2713.1
7217,0.0,0.0,0.0,0.0,0.0,0.0,2646.7,0.0,12000.0,2646.7
7218,0.0,0.0,0.0,0.0,0.0,0.0,2611.9,0.0,12000.0,2611.9
7219,0.0,0.0,0.0,0.0,0.0,0.0,2668.7,0.0,12000.0,2668.7
7220,0.0,0.0,0.0,0.0,0.0,0.0,2721.7,0.0,12000.0,2721.7
7221,0.0,0.0,0.0,0.0,0.0,0.0,2609.8,0.0,12000.0,2609.8
7222,0.0,0.0,0.0,0.0,0.0,0.0,2712.0,0.0,12000.0,2712.0
7223,0.0,0.0,0.0,0.0,0.0,0.0,2702.3,0.0,12000.0,2702.3
7224,0.0,0.0,0.0,0.0,0.0,0.0,2662.4,0.0,12000.0,2662.4
7225,0.0,0.0,0.0,0.0,0.0,0.0,2668.5,0.0,12000.0,2668.5
7226,0.0,0.0,0.0,0.0,0.0,0.0,2642.9,0.0,12000.0,2642.9
7227,0.0,0.0,0.0,0.0,0.0,0.0,2575.6,0.0,12000.0,2575.6
7228,0.0,0.0,0.0,0.0,0.0,0.0,2569.4,0.0,12000.0,2569.4
7229,0.0,0.0,0.0,0.0,0.0,0.0,2720.4,0.0,12000.0,2720.4
7230,0.0,0.0,0.0,0.0,0.0,0.0,2768.3,0.0,12000.0,2768.3
7231,0.0,0.0,0.0,0.0,0.0,0.0,2698.5,0.0,12000.0,2698.5
7232,395.5665,0.0,0.0,0.0,0.0,0.0,2395.600495,0.0,12000.0,2791.166995
7233,343.9716,0.0,0.0,0.0,0.0,0.0,2358.947548,0.0,12000.0,2702.919148
7234,1204.9716,0.0,0.0,0.0,0.0,0.0,1482.277548,0.0,12000.0,2687.249148
7235,1411.5969,0.0,0.0,0.0,0.0,0.0,1249.851007,0.0,12000.0,2661.447907
7236,15.389619,0.0,0.0,0.0,0.0,0.0,2685.37206957,0.0,12000.0,2700.76168857
7237,2448.285,0.0,0.0,0.0,407.174742268042,0.0,-1.77508234915037e-14,0.0,11533.5913605177,2855.4597422680417
7238,1160.9724,0.0,0.0,0.0,1804.53238487973,0.0,-1.68033899952041e-14,0.0,9466.5439551572,2965.5047848797303
7239,146.6934,0.0,0.0,0.0,2898.97755097365,0.0,-1.66290132684257e-13,0.0,6145.83656572575,3045.67095097365
7240,0.0,0.0,0.0,0.0,127.315321878579,0.0,2575.553724,0.0,6000.0,2702.869045878579
7241,0.0,0.0,0.0,0.0,0.0,0.0,2644.3,0.0,6000.0,2644.3
7242,0.0,0.0,0.0,0.0,0.0,0.0,2684.1,0.0,6000.0,2684.1
7243,0.0,0.0,0.0,0.0,0.0,0.0,2657.1,0.0,6000.0,2657.1
7244,0.0,0.0,0.0,0.0,0.0,0.0,2722.3,0.0,6000.0,2722.3
7245,0.0,0.0,0.0,0.0,0.0,0.0,2754.1,0.0,6000.0,2754.1
7246,0.0,0.0,0.0,0.0,0.0,0.0,2677.7,0.0,6000.0,2677.7
7247,0.0,0.0,0.0,0.0,0.0,0.0,2666.6,0.0,6000.0,2666.6
7248,0.0,0.0,0.0,0.0,0.0,0.0,2600.5,0.0,12000.0,2600.5
7249,0.0,0.0,0.0,0.0,0.0,0.0,2569.2,0.0,12000.0,2569.2
7250,0.0,0.0,0.0,0.0,0.0,0.0,2626.4,0.0,12000.0,2626.4
7251,0.0,0.0,0.0,0.0,0.0,0.0,2595.8,0.0,12000.0,2595.8
7252,0.0,0.0,0.0,0.0,0.0,0.0,2547.5,0.0,12000.0,2547.5
7253,0.0,0.0,0.0,0.0,0.0,0.0,2567.8,0.0,12000.0,2567.8
7254,0.0,0.0,0.0,0.0,0.0,0.0,2653.9,0.0,12000.0,2653.9
7255,0.0,0.0,0.0,0.0,0.0,0.0,2620.9,0.0,12000.0,2620.9
7256,52.06383,0.0,0.0,0.0,0.0,0.0,2654.0980849,0.0,12000.0,2706.1619149
7257,741.027,0.0,0.0,0.0,0.0,0.0,1982.00381,0.0,12000.0,2723.03081
7258,807.6999,0.0,0.0,0.0,0.0,0.0,1865.531097,0.0,12000.0,2673.230997
7259,2605.806,0.0,0.0,0.0,0.0,0.0,152.46818,0.0,12000.0,2758.27418
7260,964.8324,0.0,0.0,0.0,0.0,0.0,1628.212572,0.0,12000.0,2593.044972
7261,1122.4353,0.0,0.0,0.0,0.0,0.0,1411.137759,0.0,12000.0,2533.5730590000003
7262,95.24109,0.0,0.0,0.0,0.0,0.0,2379.0161427,0.0,12000.0,2474.2572327
7263,1265.0967,0.0,0.0,0.0,0.0,0.0,1235.156201,0.0,12000.0,2500.252901
7264,0.0,0.0,0.0,0.0,0.0,0.0,2444.0,0.0,12000.0,2444.0
7265,0.0,0.0,0.0,0.0,0.0,0.0,2483.3,0.0,12000.0,2483.3
7266,0.0,0.0,0.0,0.0,0.0,0.0,2528.0,0.0,12000.0,2528.0
7267,0.0,0.0,0.0,0.0,0.0,0.0,2546.1,0.0,12000.0,2546.1
7268,0.0,0.0,0.0,0.0,0.0,0.0,2482.1,0.0,12000.0,2482.1
7269,0.0,0.0,0.0,0.0,0.0,0.0,2524.5,0.0,12000.0,2524.5
7270,0.0,0.0,0.0,0.0,0.0,0.0,2565.4,0.0,12000.0,2565.4
7271,0.0,0.0,0.0,0.0,0.0,0.0,2581.8,0.0,12000.0,2581.8
7272,0.0,0.0,0.0,0.0,0.0,0.0,2666.0,0.0,12000.0,2666.0
7273,0.0,0.0,0.0,0.0,0.0,0.0,2631.4,0.0,12000.0,2631.4
7274,0.0,0.0,0.0,0.0,0.0,0.0,2563.9,0.0,12000.0,2563.9
7275,0.0,0.0,0.0,0.0,0.0,0.0,2520.6,0.0,12000.0,2520.6
7276,0.0,0.0,0.0,0.0,0.0,0.0,2438.9,0.0,12000.0,2438.9
7277,0.0,0.0,0.0,0.0,0.0,0.0,2481.0,0.0,12000.0,2481.0
7278,0.0,0.0,0.0,0.0,0.0,0.0,2380.7,0.0,12000.0,2380.7
7279,0.0,0.0,0.0,0.0,0.0,0.0,2381.3,0.0,12000.0,2381.3
7280,41.80554,0.0,0.0,0.0,0.0,0.0,2484.2486262,0.0,12000.0,2526.0541662
7281,751.4178,0.0,0.0,0.0,0.0,0.0,1827.824734,0.0,12000.0,2579.242534
7282,2624.12371134021,536.607288659794,0.0,0.0,0.0,0.0,1.19942910128584e-13,0.0,12442.4327095,2624.12371134021
7283,2428.461,0.0,0.0,0.0,0.0,0.0,235.99283,0.0,12442.4327095,2664.45383
7284,2313.969,0.0,0.0,0.0,0.0,0.0,259.75007,0.0,12442.4327095,2573.71907
7285,763.1736,0.0,0.0,0.0,0.0,0.0,1730.121608,0.0,12442.4327095,2493.295208
7286,463.4931,0.0,0.0,0.0,2358.54718556701,0.0,-4.21946083662892e-14,0.0,9740.77499407387,2822.04028556701
7287,8.557542,0.0,0.0,0.0,0.0,0.0,2505.39918426,0.0,9740.77499407387,2513.95672626
7288,0.0,0.0,0.0,0.0,379.6713693683,0.0,2097.44689454147,0.0,9305.87079090285,2477.11826390977
7289,0.0,0.0,0.0,0.0,2886.02520045819,0.0,-1.12652953276079e-13,0.0,6000.0,2886.02520045819
7290,0.0,0.0,0.0,0.0,0.0,0.0,2508.3,0.0,6000.0,2508.3
7291,0.0,0.0,0.0,0.0,0.0,0.0,2356.1,0.0,6000.0,2356.1
7292,0.0,0.0,0.0,0.0,0.0,0.0,2628.6,0.0,6000.0,2628.6
7293,0.0,0.0,0.0,0.0,0.0,0.0,2642.9,0.0,6000.0,2642.9
7294,0.0,0.0,0.0,0.0,0.0,0.0,2560.6,0.0,6000.0,2560.6
7295,0.0,0.0,0.0,0.0,0.0,0.0,2599.9,0.0,6000.0,2599.9
7296,0.0,0.0,0.0,0.0,0.0,0.0,2665.2,0.0,12000.0,2665.2
7297,0.0,0.0,0.0,0.0,0.0,0.0,2611.7,0.0,12000.0,2611.7
7298,0.0,0.0,0.0,0.0,0.0,0.0,2598.1,0.0,12000.0,2598.1
7299,0.0,0.0,0.0,0.0,0.0,0.0,2566.4,0.0,12000.0,2566.4
7300,0.0,0.0,0.0,0.0,0.0,0.0,2550.0,0.0,12000.0,2550.0
7301,0.0,0.0,0.0,0.0,0.0,0.0,2386.1,0.0,12000.0,2386.1
7302,0.0,0.0,0.0,0.0,0.0,0.0,2535.1,0.0,12000.0,2535.1
7303,0.0,0.0,0.0,0.0,0.0,0.0,2592.7,0.0,12000.0,2592.7
7304,54.18021,0.0,0.0,0.0,0.0,0.0,2448.7451963,0.0,12000.0,2502.9254063
7305,1764.0903,0.0,0.0,0.0,0.0,0.0,809.632409,0.0,12000.0,2573.722709
7306,2611.9587628866,45.6962371134018,0.0,0.0,0.0,0.0,-7.71048746042352e-15,0.0,12037.6765475,2611.9587628866
7307,2635.77319587629,607.36180412371,0.0,0.0,0.0,0.0,1.9756036440225e-13,0.0,12538.446355,2635.77319587629
7308,2626.39175257732,564.99924742268,0.0,0.0,0.0,0.0,6.9981134289527e-14,0.0,13004.2882345,2626.39175257732
7309,7.07112,0.0,0.0,0.0,0.0,0.0,2587.4410136,0.0,13004.2882345,2594.5121336
7310,425.8968,0.0,0.0,0.0,0.0,0.0,2214.180104,0.0,13004.2882345,2640.076904
7311,12.81105,0.0,0.0,0.0,0.0,0.0,2660.9732815,0.0,13004.2882345,2673.7843315
7312,0.0,0.0,0.0,0.0,0.0,0.0,2711.2,0.0,13004.2882345,2711.2
7313,0.0,0.0,0.0,0.0,0.0,0.0,2666.3,0.0,13004.2882345,2666.3
7314,0.0,0.0,0.0,0.0,0.0,0.0,2692.1,0.0,13004.2882345,2692.1
7315,0.0,0.0,0.0,0.0,0.0,0.0,2665.2,0.0,13004.2882345,2665.2
7316,0.0,0.0,0.0,0.0,0.0,0.0,2707.1,0.0,13004.2882345,2707.1
7317,0.0,0.0,0.0,0.0,0.0,0.0,2692.1,0.0,13004.2882345,2692.1
7318,0.0,0.0,0.0,0.0,0.0,0.0,2677.7,0.0,13004.2882345,2677.7
7319,0.0,0.0,0.0,0.0,0.0,0.0,2557.0,0.0,13004.2882345,2557.0
7320,0.0,0.0,0.0,0.0,0.0,0.0,2313.9,0.0,13004.2882345,2313.9
7321,0.0,0.0,0.0,0.0,0.0,0.0,2122.1,0.0,13004.2882345,2122.1
7322,0.0,0.0,0.0,0.0,0.0,0.0,2259.9,0.0,13004.2882345,2259.9
7323,0.0,0.0,0.0,0.0,0.0,0.0,2217.0,0.0,13004.2882345,2217.0
7324,0.0,0.0,0.0,0.0,0.0,0.0,2224.7,0.0,13004.2882345,2224.7
7325,0.0,0.0,0.0,0.0,0.0,0.0,1987.0,0.0,13004.2882345,1987.0
7326,0.0,0.0,0.0,0.0,0.0,0.0,1845.6,0.0,13004.2882345,1845.6
7327,0.0,0.0,0.0,0.0,0.0,0.0,1879.0,0.0,13004.2882345,1879.0
7328,107.37909,0.0,0.0,0.0,0.0,0.0,1662.7422827,0.0,13004.2882345,1770.1213727
7329,0.0,0.0,0.0,0.0,0.0,0.0,1870.3,0.0,13004.2882345,1870.3
7330,54.76464,0.0,0.0,0.0,2202.60973562428,0.0,-1.3822525816166301e-14,0.0,10481.2530275993,2257.37437562428
7331,658.5096,0.0,0.0,0.0,0.0,0.0,1266.745688,0.0,10481.2530275993,1925.255288
7332,786.4857,0.0,0.0,0.0,1353.84750400916,0.0,2.53696574930181e-14,0.0,8930.45405393477,2140.33320400916
7333,52.48173,0.0,0.0,0.0,2547.9870812142,0.0,1.4959053921119998e-13,0.0,6011.79760351758,2600.4688112142
7334,461.6136,0.0,0.0,0.0,10.2993078708475,0.0,2066.84351222875,0.0,6000.0,2538.7564200995976
7335,54.76569,0.0,0.0,0.0,0.0,0.0,2433.3772807,0.0,6000.0,2488.1429707
7336,0.0,0.0,0.0,0.0,0.0,0.0,2484.3,0.0,6000.0,2484.3
7337,0.0,0.0,0.0,0.0,0.0,0.0,2557.4,0.0,6000.0,2557.4
7338,0.0,0.0,0.0,0.0,0.0,0.0,2667.0,0.0,6000.0,2667.0
7339,0.0,0.0,0.0,0.0,0.0,0.0,2609.0,0.0,6000.0,2609.0
7340,0.0,0.0,0.0,0.0,0.0,0.0,2724.2,0.0,6000.0,2724.2
7341,0.0,0.0,0.0,0.0,0.0,0.0,2723.5,0.0,6000.0,2723.5
7342,0.0,0.0,0.0,0.0,0.0,0.0,2646.2,0.0,6000.0,2646.2
7343,0.0,0.0,0.0,0.0,0.0,0.0,2696.6,0.0,6000.0,2696.6
7344,0.0,0.0,0.0,0.0,0.0,0.0,2821.7,0.0,12000.0,2821.7
7345,0.0,0.0,0.0,0.0,0.0,0.0,2684.5,0.0,12000.0,2684.5
7346,0.0,0.0,0.0,0.0,0.0,0.0,2659.2,0.0,12000.0,2659.2
7347,0.0,0.0,0.0,0.0,0.0,0.0,2602.4,0.0,12000.0,2602.4
7348,0.0,0.0,0.0,0.0,0.0,0.0,2668.7,0.0,12000.0,2668.7
7349,0.0,0.0,0.0,0.0,0.0,0.0,2511.4,0.0,12000.0,2511.4
7350,0.0,0.0,0.0,0.0,0.0,0.0,2619.1,0.0,12000.0,2619.1
7351,0.0,0.0,0.0,0.0,0.0,0.0,2583.8,0.0,12000.0,2583.8
7352,195.79182,0.0,0.0,0.0,0.0,0.0,2472.9819346,0.0,12000.0,2668.7737546
7353,584.7996,0.0,0.0,0.0,0.0,0.0,2087.944388,0.0,12000.0,2672.743988
7354,2418.612,0.0,0.0,0.0,0.0,0.0,304.44636,0.0,12000.0,2723.05836
7355,2687.01030927835,210.17069072165,0.0,0.0,0.0,0.0,3.52165490354666e-14,0.0,12173.2857345,2687.01030927835
7356,2379.384,0.0,0.0,0.0,0.0,0.0,259.39752,0.0,12173.2857345,2638.78152
7357,1885.4808,0.0,0.0,0.0,0.0,0.0,757.583624,0.0,12173.2857345,2643.064424
7358,653.5347,0.0,0.0,0.0,0.0,0.0,1869.471341,0.0,12173.2857345,2523.006041
7359,111.39576,0.0,0.0,0.0,0.0,0.0,2490.8461128,0.0,12173.2857345,2602.2418728
7360,0.0,0.0,0.0,0.0,0.0,0.0,2490.2,0.0,12173.2857345,2490.2
7361,0.0,0.0,0.0,0.0,0.0,0.0,2596.4,0.0,12173.2857345,2596.4
7362,0.0,0.0,0.0,0.0,0.0,0.0,2499.6,0.0,12173.2857345,2499.6
7363,0.0,0.0,0.0,0.0,0.0,0.0,2511.5,0.0,12173.2857345,2511.5
7364,0.0,0.0,0.0,0.0,0.0,0.0,2527.5,0.0,12173.2857345,2527.5
7365,0.0,0.0,0.0,0.0,0.0,0.0,2600.3,0.0,12173.2857345,2600.3
7366,0.0,0.0,0.0,0.0,0.0,0.0,2547.1,0.0,12173.2857345,2547.1
7367,0.0,0.0,0.0,0.0,0.0,0.0,2658.5,0.0,12173.2857345,2658.5
7368,0.0,0.0,0.0,0.0,0.0,0.0,2706.0,0.0,12173.2857345,2706.0
7369,0.0,0.0,0.0,0.0,0.0,0.0,2663.4,0.0,12173.2857345,2663.4
7370,0.0,0.0,0.0,0.0,0.0,0.0,2545.3,0.0,12173.2857345,2545.3
7371,0.0,0.0,0.0,0.0,0.0,0.0,2693.9,0.0,12173.2857345,2693.9
7372,0.0,0.0,0.0,0.0,0.0,0.0,2720.6,0.0,12173.2857345,2720.6
7373,0.0,0.0,0.0,0.0,0.0,0.0,2625.0,0.0,12173.2857345,2625.0
7374,0.0,0.0,0.0,0.0,0.0,0.0,2706.6,0.0,12173.2857345,2706.6
7375,0.0,0.0,0.0,0.0,0.0,0.0,2707.2,0.0,12173.2857345,2707.2
7376,132.93672,0.0,0.0,0.0,0.0,0.0,2468.5513816,0.0,12173.2857345,2601.4881016
7377,36.21093,0.0,0.0,0.0,0.0,0.0,2536.5753979,0.0,12173.2857345,2572.7863279000003
7378,114.76101,0.0,0.0,0.0,2791.84630045819,0.0,-1.0781802774947e-13,0.0,8975.29455413552,2906.60731045819
7379,204.41148,0.0,0.0,0.0,2597.43214576031,0.0,151.762601151249,0.0,6000.0,2953.606226911559
7380,67.80984,0.0,0.0,0.0,0.0,0.0,2520.4244552,0.0,6000.0,2588.2342952
7381,224.4963,0.0,0.0,0.0,0.0,0.0,2365.338589,0.0,6000.0,2589.834889
7382,20.436423,0.0,0.0,0.0,0.0,0.0,2547.27666969,0.0,6000.0,2567.71309269
7383,50.98359,0.0,0.0,0.0,0.0,0.0,2617.9459177,0.0,6000.0,2668.9295077
7384,0.0,0.0,0.0,0.0,0.0,0.0,2674.0,0.0,6000.0,2674.0
7385,0.0,0.0,0.0,0.0,0.0,0.0,2715.1,0.0,6000.0,2715.1
7386,0.0,0.0,0.0,0.0,0.0,0.0,2594.6,0.0,6000.0,2594.6
7387,0.0,0.0,0.0,0.0,0.0,0.0,2607.5,0.0,6000.0,2607.5
7388,0.0,0.0,0.0,0.0,0.0,0.0,2633.4,0.0,6000.0,2633.4
7389,0.0,0.0,0.0,0.0,0.0,0.0,2645.8,0.0,6000.0,2645.8
7390,0.0,0.0,0.0,0.0,0.0,0.0,2602.3,0.0,6000.0,2602.3
7391,0.0,0.0,0.0,0.0,0.0,0.0,2612.1,0.0,6000.0,2612.1
7392,0.0,0.0,0.0,0.0,0.0,0.0,2552.7,0.0,12000.0,2552.7
7393,0.0,0.0,0.0,0.0,0.0,0.0,2504.5,0.0,12000.0,2504.5
7394,0.0,0.0,0.0,0.0,0.0,0.0,2463.2,0.0,12000.0,2463.2
7395,0.0,0.0,0.0,0.0,0.0,0.0,2532.3,0.0,12000.0,2532.3
7396,0.0,0.0,0.0,0.0,0.0,0.0,2531.0,0.0,12000.0,2531.0
7397,0.0,0.0,0.0,0.0,0.0,0.0,2476.2,0.0,12000.0,2476.2
7398,0.0,0.0,0.0,0.0,0.0,0.0,2553.2,0.0,12000.0,2553.2
7399,0.0,0.0,0.0,0.0,0.0,0.0,2533.8,0.0,12000.0,2533.8
7400,116.6235,0.0,0.0,0.0,2459.4641672394,0.0,400.662986999999,0.0,9182.74436742336,2976.7506542393994
7401,290.0394,0.0,0.0,0.0,2778.5358327606,0.0,-8.10115781874988e-14,0.0,6000.0,3068.5752327606
7402,2673.81443298969,1044.46656701031,0.0,0.0,-2.0488695837071e-13,0.0,-2.3581927182044398e-30,0.0,6861.1626845,2673.81443298969
7403,65.04351,0.0,0.0,0.0,751.7950235685,0.0,1874.8907397247,0.0,6000.0,2691.7292732932
7404,64.6527,0.0,0.0,0.0,0.0,0.0,2521.586881,0.0,6000.0,2586.2395810000003
7405,41.5674,0.0,0.0,0.0,0.0,0.0,2614.679622,0.0,6000.0,2656.247022
7406,18.066741,0.0,0.0,0.0,0.0,0.0,2557.47526123,0.0,6000.0,2575.54200223
7407,0.0,0.0,0.0,0.0,0.0,0.0,2499.0,0.0,6000.0,2499.0
7408,0.0,0.0,0.0,0.0,0.0,0.0,2502.6,0.0,6000.0,2502.6
7409,0.0,0.0,0.0,0.0,0.0,0.0,2445.8,0.0,6000.0,2445.8
7410,0.0,0.0,0.0,0.0,0.0,0.0,2500.2,0.0,6000.0,2500.2
7411,0.0,0.0,0.0,0.0,0.0,0.0,2570.4,0.0,6000.0,2570.4
7412,0.0,0.0,0.0,0.0,0.0,0.0,2542.9,0.0,6000.0,2542.9
7413,0.0,0.0,0.0,0.0,0.0,0.0,2609.0,0.0,6000.0,2609.0
7414,0.0,0.0,0.0,0.0,0.0,0.0,2596.5,0.0,6000.0,2596.5
7415,0.0,0.0,0.0,0.0,0.0,0.0,2532.3,0.0,6000.0,2532.3
7416,0.0,0.0,0.0,0.0,0.0,0.0,2614.8,0.0,6000.0,2614.8
7417,0.0,0.0,0.0,0.0,0.0,0.0,2617.8,0.0,6000.0,2617.8
7418,0.0,0.0,0.0,0.0,0.0,0.0,2574.9,0.0,6000.0,2574.9
7419,0.0,0.0,0.0,0.0,0.0,0.0,2734.2,0.0,6000.0,2734.2
7420,0.0,0.0,0.0,0.0,0.0,0.0,2620.2,0.0,6000.0,2620.2
7421,0.0,0.0,0.0,0.0,0.0,0.0,2492.6,0.0,6000.0,2492.6
7422,0.0,0.0,0.0,0.0,0.0,0.0,2542.2,0.0,6000.0,2542.2
7423,0.0,0.0,0.0,0.0,0.0,0.0,2515.7,0.0,6000.0,2515.7
7424,40.90044,0.0,0.0,0.0,0.0,0.0,2370.4265732,0.0,6000.0,2411.3270132
7425,20.872866,0.0,0.0,0.0,0.0,0.0,2406.55331998,0.0,6000.0,2427.4261859800004
7426,54.65586,0.0,0.0,0.0,0.0,0.0,2396.0838158,0.0,6000.0,2450.7396758
7427,65.41185,0.0,0.0,0.0,0.0,0.0,2395.4505055,0.0,6000.0,2460.8623555
7428,64.68,0.0,0.0,0.0,0.0,0.0,2335.4604,0.0,6000.0,2400.1404
7429,2511.85567010309,1712.90332989691,0.0,0.0,0.0,0.0,-1.05874713349247e-13,0.0,7412.2887955,2511.85567010309
7430,215.8968,0.0,0.0,0.0,0.0,0.0,2179.280104,0.0,7412.2887955,2395.176904
7431,55.68213,0.0,0.0,0.0,0.0,0.0,2383.7883339,0.0,7412.2887955,2439.4704639
7432,0.0,0.0,0.0,0.0,0.0,0.0,2505.1,0.0,7412.2887955,2505.1
7433,0.0,0.0,0.0,0.0,1232.9281184715,0.0,1392.25375257438,0.0,6000.0,2625.18187104588
7434,0.0,0.0,0.0,0.0,0.0,0.0,2450.8,0.0,6000.0,2450.8
7435,0.0,0.0,0.0,0.0,0.0,0.0,2534.2,0.0,6000.0,2534.2
7436,0.0,0.0,0.0,0.0,0.0,0.0,2604.8,0.0,6000.0,2604.8
7437,0.0,0.0,0.0,0.0,0.0,0.0,2483.8,0.0,6000.0,2483.8
7438,0.0,0.0,0.0,0.0,0.0,0.0,2477.2,0.0,6000.0,2477.2
7439,0.0,0.0,0.0,0.0,0.0,0.0,2497.0,0.0,6000.0,2497.0
7440,0.0,0.0,0.0,0.0,0.0,0.0,2502.3,0.0,12000.0,2502.3
7441,0.0,0.0,0.0,0.0,0.0,0.0,2528.2,0.0,12000.0,2528.2
7442,0.0,0.0,0.0,0.0,0.0,0.0,2386.5,0.0,12000.0,2386.5
7443,0.0,0.0,0.0,0.0,0.0,0.0,2415.9,0.0,12000.0,2415.9
7444,0.0,0.0,0.0,0.0,0.0,0.0,2378.6,0.0,12000.0,2378.6
7445,0.0,0.0,0.0,0.0,0.0,0.0,2350.3,0.0,12000.0,2350.3
7446,0.0,0.0,0.0,0.0,0.0,0.0,2298.7,0.0,12000.0,2298.7
7447,0.0,0.0,0.0,0.0,0.0,0.0,2277.9,0.0,12000.0,2277.9
7448,105.30576,0.0,0.0,0.0,0.0,0.0,2219.5534128,0.0,12000.0,2324.8591728
7449,245.0952,0.0,0.0,0.0,0.0,0.0,2208.657656,0.0,12000.0,2453.752856
7450,65.70186,0.0,0.0,0.0,0.0,0.0,2406.1691958,0.0,12000.0,2471.8710558
7451,76.13361,0.0,0.0,0.0,0.0,0.0,2434.6503983,0.0,12000.0,2510.7840083
7452,97.93854,0.0,0.0,0.0,0.0,0.0,2357.8996162,0.0,12000.0,2455.8381562
7453,85.84275,0.0,0.0,0.0,0.0,0.0,2351.1325325,0.0,12000.0,2436.9752825
7454,149.06136,0.0,0.0,0.0,0.0,0.0,2345.8104808,0.0,12000.0,2494.8718408
7455,58.16559,0.0,0.0,0.0,0.0,0.0,2377.4793777,0.0,12000.0,2435.6449677
7456,0.0,0.0,0.0,0.0,0.0,0.0,2422.9,0.0,12000.0,2422.9
7457,0.0,0.0,0.0,0.0,0.0,0.0,2395.9,0.0,12000.0,2395.9
7458,0.0,0.0,0.0,0.0,0.0,0.0,2470.9,0.0,12000.0,2470.9
7459,0.0,0.0,0.0,0.0,0.0,0.0,2089.5,0.0,12000.0,2089.5
7460,0.0,0.0,0.0,0.0,0.0,0.0,2189.1,0.0,12000.0,2189.1
7461,0.0,0.0,0.0,0.0,0.0,0.0,2182.3,0.0,12000.0,2182.3
7462,0.0,0.0,0.0,0.0,0.0,0.0,2220.6,0.0,12000.0,2220.6
7463,0.0,0.0,0.0,0.0,0.0,0.0,2196.5,0.0,12000.0,2196.5
7464,0.0,0.0,0.0,0.0,0.0,0.0,2193.8,0.0,12000.0,2193.8
7465,0.0,0.0,0.0,0.0,0.0,0.0,2247.0,0.0,12000.0,2247.0
7466,0.0,0.0,0.0,0.0,0.0,0.0,2213.7,0.0,12000.0,2213.7
7467,0.0,0.0,0.0,0.0,0.0,0.0,2182.2,0.0,12000.0,2182.2
7468,0.0,0.0,0.0,0.0,0.0,0.0,2164.1,0.0,12000.0,2164.1
7469,0.0,0.0,0.0,0.0,0.0,0.0,2077.1,0.0,12000.0,2077.1
7470,0.0,0.0,0.0,0.0,0.0,0.0,2176.0,0.0,12000.0,2176.0
7471,0.0,0.0,0.0,0.0,0.0,0.0,2154.5,0.0,12000.0,2154.5
7472,94.35195,0.0,0.0,0.0,0.0,0.0,2109.7786085,0.0,12000.0,2204.1305585
7473,256.5087,0.0,0.0,0.0,0.0,0.0,2095.586561,0.0,12000.0,2352.095261
7474,55.3728,0.0,0.0,0.0,0.0,0.0,2270.288384,0.0,12000.0,2325.661184
7475,88.89132,0.0,0.0,0.0,0.0,0.0,2244.6754196,0.0,12000.0,2333.5667396000003
7476,99.91737,0.0,0.0,0.0,0.0,0.0,2202.5801511,0.0,12000.0,2302.4975211
7477,54.33729,0.0,0.0,0.0,0.0,0.0,2362.7928287,0.0,12000.0,2417.1301187
7478,8.476356,0.0,0.0,0.0,0.0,0.0,2533.47793468,0.0,12000.0,2541.95429068
7479,16.101225,0.0,0.0,0.0,0.0,0.0,2724.88181175,0.0,12000.0,2740.98303675
7480,0.0,0.0,0.0,0.0,0.0,0.0,2681.4,0.0,12000.0,2681.4
7481,0.0,0.0,0.0,0.0,2968.95761741123,0.0,-1.24612185149942e-14,0.0,8599.13216791383,2968.95761741123
7482,0.0,0.0,0.0,0.0,2269.04238258877,0.0,577.626,0.0,6000.0,2846.6683825887703
7483,0.0,0.0,0.0,0.0,0.0,0.0,2568.5,0.0,6000.0,2568.5
7484,0.0,0.0,0.0,0.0,0.0,0.0,2628.3,0.0,6000.0,2628.3
7485,0.0,0.0,0.0,0.0,0.0,0.0,2669.4,0.0,6000.0,2669.4
7486,0.0,0.0,0.0,0.0,0.0,0.0,2720.2,0.0,6000.0,2720.2
7487,0.0,0.0,0.0,0.0,0.0,0.0,2761.9,0.0,6000.0,2761.9
7488,0.0,0.0,0.0,0.0,0.0,0.0,2691.6,0.0,12000.0,2691.6
7489,0.0,0.0,0.0,0.0,0.0,0.0,2699.2,0.0,12000.0,2699.2
7490,0.0,0.0,0.0,0.0,0.0,0.0,2679.8,0.0,12000.0,2679.8
7491,0.0,0.0,0.0,0.0,0.0,0.0,2647.1,0.0,12000.0,2647.1
7492,0.0,0.0,0.0,0.0,0.0,0.0,2613.6,0.0,12000.0,2613.6
7493,0.0,0.0,0.0,0.0,0.0,0.0,2553.8,0.0,12000.0,2553.8
7494,0.0,0.0,0.0,0.0,0.0,0.0,2589.9,0.0,12000.0,2589.9
7495,0.0,0.0,0.0,0.0,0.0,0.0,2540.4,0.0,12000.0,2540.4
7496,61.78809,0.0,0.0,0.0,0.0,0.0,2494.0655527,0.0,12000.0,2555.8536427
7497,21.8253,0.0,0.0,0.0,0.0,0.0,2481.829459,0.0,12000.0,2503.654759
7498,44.42424,0.0,0.0,0.0,0.0,0.0,2499.3084872,0.0,12000.0,2543.7327272
7499,55.38288,0.0,0.0,0.0,0.0,0.0,2507.1786064,0.0,12000.0,2562.5614864
7500,213.1416,0.0,0.0,0.0,0.0,0.0,2385.152648,0.0,12000.0,2598.294248
7501,9.799104,0.0,0.0,0.0,0.0,0.0,2565.79486912,0.0,12000.0,2575.59397312
7502,0.0,0.0,0.0,0.0,0.0,0.0,2499.5,0.0,12000.0,2499.5
7503,0.0,0.0,0.0,0.0,0.0,0.0,2701.5,0.0,12000.0,2701.5
7504,0.0,0.0,0.0,0.0,0.0,0.0,2620.6,0.0,12000.0,2620.6
7505,0.0,0.0,0.0,0.0,0.0,0.0,2536.1,0.0,12000.0,2536.1
7506,0.0,0.0,0.0,0.0,0.0,0.0,2605.5,0.0,12000.0,2605.5
7507,0.0,0.0,0.0,0.0,0.0,0.0,2505.2,0.0,12000.0,2505.2
7508,0.0,0.0,0.0,0.0,0.0,0.0,2337.9,0.0,12000.0,2337.9
7509,0.0,0.0,0.0,0.0,0.0,0.0,2367.1,0.0,12000.0,2367.1
7510,0.0,0.0,0.0,0.0,0.0,0.0,2361.0,0.0,12000.0,2361.0
7511,0.0,0.0,0.0,0.0,0.0,0.0,2480.0,0.0,12000.0,2480.0
7512,0.0,0.0,0.0,0.0,0.0,0.0,2422.9,0.0,12000.0,2422.9
7513,0.0,0.0,0.0,0.0,0.0,0.0,2409.5,0.0,12000.0,2409.5
7514,0.0,0.0,0.0,0.0,0.0,0.0,2629.2,0.0,12000.0,2629.2
7515,0.0,0.0,0.0,0.0,0.0,0.0,2666.8,0.0,12000.0,2666.8
7516,0.0,0.0,0.0,0.0,0.0,0.0,2594.5,0.0,12000.0,2594.5
7517,0.0,0.0,0.0,0.0,0.0,0.0,2545.6,0.0,12000.0,2545.6
7518,0.0,0.0,0.0,0.0,0.0,0.0,2581.0,0.0,12000.0,2581.0
7519,0.0,0.0,0.0,0.0,0.0,0.0,2615.2,0.0,12000.0,2615.2
7520,0.0,0.0,0.0,0.0,0.0,0.0,2601.9,0.0,12000.0,2601.9
7521,110.19309,0.0,0.0,0.0,0.0,0.0,2576.5127027,0.0,12000.0,2686.7057927
7522,66.06285,0.0,0.0,0.0,0.0,0.0,2679.9190355,0.0,12000.0,2745.9818855
7523,54.64704,0.0,0.0,0.0,0.0,0.0,2699.5923712,0.0,12000.0,2754.2394112
7524,9.309762,0.0,0.0,0.0,0.0,0.0,2717.76953086,0.0,12000.0,2727.07929286
7525,0.0,0.0,0.0,0.0,0.0,0.0,2759.0,0.0,12000.0,2759.0
7526,0.0,0.0,0.0,0.0,0.0,0.0,2671.5,0.0,12000.0,2671.5
7527,15.561693,0.0,0.0,0.0,3098.17314752577,0.0,-1.67791591331831e-14,0.0,8451.11896045158,3113.7348405257703
7528,0.0,0.0,0.0,0.0,2139.82685247423,0.0,765.13115779,0.0,6000.0,2904.95801026423
7529,0.0,0.0,0.0,0.0,0.0,0.0,2752.2,0.0,6000.0,2752.2
7530,0.0,0.0,0.0,0.0,0.0,0.0,2611.9,0.0,6000.0,2611.9
7531,0.0,0.0,0.0,0.0,0.0,0.0,2567.3,0.0,6000.0,2567.3
7532,0.0,0.0,0.0,0.0,0.0,0.0,2588.9,0.0,6000.0,2588.9
7533,0.0,0.0,0.0,0.0,0.0,0.0,2666.7,0.0,6000.0,2666.7
7534,0.0,0.0,0.0,0.0,0.0,0.0,2620.4,0.0,6000.0,2620.4
7535,0.0,0.0,0.0,0.0,0.0,0.0,2574.1,0.0,6000.0,2574.1
7536,0.0,0.0,0.0,0.0,0.0,0.0,2668.6,0.0,12000.0,2668.6
7537,0.0,0.0,0.0,0.0,0.0,0.0,2692.4,0.0,12000.0,2692.4
7538,0.0,0.0,0.0,0.0,0.0,0.0,2709.0,0.0,12000.0,2709.0
7539,0.0,0.0,0.0,0.0,0.0,0.0,2593.5,0.0,12000.0,2593.5
7540,0.0,0.0,0.0,0.0,0.0,0.0,2596.1,0.0,12000.0,2596.1
7541,0.0,0.0,0.0,0.0,0.0,0.0,2534.9,0.0,12000.0,2534.9
7542,0.0,0.0,0.0,0.0,0.0,0.0,2691.5,0.0,12000.0,2691.5
7543,0.0,0.0,0.0,0.0,0.0,0.0,2643.9,0.0,12000.0,2643.9
7544,68.98416,0.0,0.0,0.0,0.0,0.0,2434.9853648,0.0,12000.0,2503.9695248
7545,188.15559,0.0,0.0,0.0,0.0,0.0,2268.4890777,0.0,12000.0,2456.6446677
7546,43.848,0.0,0.0,0.0,0.0,0.0,2517.46744,0.0,12000.0,2561.31544
7547,55.29825,0.0,0.0,0.0,0.0,0.0,2539.2606975,0.0,12000.0,2594.5589475
7548,55.49964,0.0,0.0,0.0,0.0,0.0,2549.7653492,0.0,12000.0,2605.2649892
7549,32.61216,0.0,0.0,0.0,0.0,0.0,2471.9662048,0.0,12000.0,2504.5783648
7550,138.88854,0.0,0.0,0.0,0.0,0.0,2126.4781162,0.0,12000.0,2265.3666562
7551,0.0,0.0,0.0,0.0,0.0,0.0,2276.8,0.0,12000.0,2276.8
7552,0.0,0.0,0.0,0.0,0.0,0.0,2533.4,0.0,12000.0,2533.4
7553,0.0,0.0,0.0,0.0,0.0,0.0,2596.3,0.0,12000.0,2596.3
7554,0.0,0.0,0.0,0.0,0.0,0.0,2663.0,0.0,12000.0,2663.0
7555,0.0,0.0,0.0,0.0,0.0,0.0,2665.4,0.0,12000.0,2665.4
7556,0.0,0.0,0.0,0.0,0.0,0.0,2625.9,0.0,12000.0,2625.9
7557,0.0,0.0,0.0,0.0,0.0,0.0,2652.5,0.0,12000.0,2652.5
7558,0.0,0.0,0.0,0.0,0.0,0.0,2586.1,0.0,12000.0,2586.1
7559,0.0,0.0,0.0,0.0,0.0,0.0,2661.6,0.0,12000.0,2661.6
7560,0.0,0.0,0.0,0.0,0.0,0.0,2586.0,0.0,12000.0,2586.0
7561,0.0,0.0,0.0,0.0,0.0,0.0,2571.6,0.0,12000.0,2571.6
7562,0.0,0.0,0.0,0.0,0.0,0.0,2597.1,0.0,12000.0,2597.1
7563,0.0,0.0,0.0,0.0,0.0,0.0,2530.6,0.0,12000.0,2530.6
7564,0.0,0.0,0.0,0.0,0.0,0.0,2530.6,0.0,12000.0,2530.6
7565,0.0,0.0,0.0,0.0,0.0,0.0,2490.0,0.0,12000.0,2490.0
7566,0.0,0.0,0.0,0.0,0.0,0.0,2719.9,0.0,12000.0,2719.9
7567,0.0,0.0,0.0,0.0,0.0,0.0,2639.5,0.0,12000.0,2639.5
7568,0.0,0.0,0.0,0.0,0.0,0.0,2696.1,0.0,12000.0,2696.1
7569,198.14529,0.0,0.0,0.0,0.0,0.0,2440.0990687,0.0,12000.0,2638.2443587
7570,42.47901,0.0,0.0,0.0,0.0,0.0,2601.7953603,0.0,12000.0,2644.2743703
7571,53.24802,0.0,0.0,0.0,0.0,0.0,2595.2494206,0.0,12000.0,2648.4974406
7572,52.60542,0.0,0.0,0.0,0.0,0.0,2551.5727426,0.0,12000.0,2604.1781626
7573,0.0,0.0,0.0,0.0,3032.53150057274,0.0,-1.50136735931432e-13,0.0,8526.30985043214,3032.53150057274
7574,0.0,0.0,0.0,0.0,0.0,0.0,2607.0,0.0,8526.30985043214,2607.0
7575,0.0,0.0,0.0,0.0,2205.46849942726,0.0,730.526,0.0,6000.0,2935.99449942726
7576,0.0,0.0,0.0,0.0,0.0,0.0,2549.5,0.0,6000.0,2549.5
7577,0.0,0.0,0.0,0.0,0.0,0.0,2564.7,0.0,6000.0,2564.7
7578,0.0,0.0,0.0,0.0,0.0,0.0,2531.8,0.0,6000.0,2531.8
7579,0.0,0.0,0.0,0.0,0.0,0.0,2617.3,0.0,6000.0,2617.3
7580,0.0,0.0,0.0,0.0,0.0,0.0,2553.1,0.0,6000.0,2553.1
7581,0.0,0.0,0.0,0.0,0.0,0.0,2554.7,0.0,6000.0,2554.7
7582,0.0,0.0,0.0,0.0,0.0,0.0,2755.3,0.0,6000.0,2755.3
7583,0.0,0.0,0.0,0.0,0.0,0.0,2708.0,0.0,6000.0,2708.0
7584,0.0,0.0,0.0,0.0,0.0,0.0,2695.0,0.0,12000.0,2695.0
7585,0.0,0.0,0.0,0.0,0.0,0.0,2622.0,0.0,12000.0,2622.0
7586,0.0,0.0,0.0,0.0,0.0,0.0,2692.6,0.0,12000.0,2692.6
7587,0.0,0.0,0.0,0.0,0.0,0.0,2589.8,0.0,12000.0,2589.8
7588,0.0,0.0,0.0,0.0,0.0,0.0,2627.5,0.0,12000.0,2627.5
7589,0.0,0.0,0.0,0.0,0.0,0.0,2368.8,0.0,12000.0,2368.8
7590,0.0,0.0,0.0,0.0,0.0,0.0,2514.9,0.0,12000.0,2514.9
7591,0.0,0.0,0.0,0.0,0.0,0.0,2528.2,0.0,12000.0,2528.2
7592,0.0,0.0,0.0,0.0,0.0,0.0,2487.3,0.0,12000.0,2487.3
7593,0.0,0.0,0.0,0.0,0.0,0.0,2545.8,0.0,12000.0,2545.8
7594,349.314,0.0,0.0,0.0,0.0,0.0,2251.46542,0.0,12000.0,2600.77942
7595,471.2883,0.0,0.0,0.0,2425.3726792669,0.0,1.65743636911605e-13,0.0,9221.79532730023,2896.6609792669
7596,1472.9694,0.0,0.0,0.0,1299.22071248568,0.0,-4.56679659200076e-14,0.0,7733.56999799247,2772.19011248568
7597,32.41518,0.0,0.0,0.0,0.0,0.0,2368.4572754,0.0,7733.56999799247,2400.8724554
7598,72.59784,0.0,0.0,0.0,0.0,0.0,2501.8800952,0.0,7733.56999799247,2574.4779352
7599,0.0,0.0,0.0,0.0,0.0,0.0,2609.0,0.0,7733.56999799247,2609.0
7600,0.0,0.0,0.0,0.0,0.0,0.0,2565.3,0.0,7733.56999799247,2565.3
7601,0.0,0.0,0.0,0.0,1513.40660824742,0.0,1238.496031,0.0,6000.0,2751.90263924742
7602,0.0,0.0,0.0,0.0,0.0,0.0,2611.1,0.0,6000.0,2611.1
7603,0.0,0.0,0.0,0.0,0.0,0.0,2562.1,0.0,6000.0,2562.1
7604,0.0,0.0,0.0,0.0,0.0,0.0,2517.7,0.0,6000.0,2517.7
7605,0.0,0.0,0.0,0.0,0.0,0.0,2540.0,0.0,6000.0,2540.0
7606,0.0,0.0,0.0,0.0,0.0,0.0,2560.3,0.0,6000.0,2560.3
7607,0.0,0.0,0.0,0.0,0.0,0.0,2633.1,0.0,6000.0,2633.1
7608,0.0,0.0,0.0,0.0,0.0,0.0,2667.1,0.0,6000.0,2667.1
7609,0.0,0.0,0.0,0.0,0.0,0.0,2638.9,0.0,6000.0,2638.9
7610,0.0,0.0,0.0,0.0,0.0,0.0,2609.7,0.0,6000.0,2609.7
7611,0.0,0.0,0.0,0.0,0.0,0.0,2587.4,0.0,6000.0,2587.4
7612,0.0,0.0,0.0,0.0,0.0,0.0,2429.7,0.0,6000.0,2429.7
7613,0.0,0.0,0.0,0.0,0.0,0.0,2522.3,0.0,6000.0,2522.3
7614,0.0,0.0,0.0,0.0,0.0,0.0,2367.1,0.0,6000.0,2367.1
7615,0.0,0.0,0.0,0.0,0.0,0.0,2422.3,0.0,6000.0,2422.3
7616,142.66539,0.0,0.0,0.0,0.0,0.0,2430.5145717,0.0,6000.0,2573.1799617
7617,66.16428,0.0,0.0,0.0,0.0,0.0,2527.3206484,0.0,6000.0,2593.4849284
7618,33.29991,0.0,0.0,0.0,0.0,0.0,2592.2990873,0.0,6000.0,2625.5989973
7619,337.9593,0.0,0.0,0.0,0.0,0.0,2337.579479,0.0,6000.0,2675.538779
7620,998.8629,0.0,0.0,0.0,0.0,0.0,1627.002987,0.0,6000.0,2625.865887
7621,278.0925,0.0,0.0,0.0,0.0,0.0,2287.850275,0.0,6000.0,2565.9427749999995
7622,50.8116,0.0,0.0,0.0,0.0,0.0,2515.312748,0.0,6000.0,2566.124348
7623,9.600801,0.0,0.0,0.0,0.0,0.0,2384.68722303,0.0,6000.0,2394.28802403
7624,0.0,0.0,0.0,0.0,0.0,0.0,2584.1,0.0,6000.0,2584.1
7625,0.0,0.0,0.0,0.0,0.0,0.0,2617.5,0.0,6000.0,2617.5
7626,0.0,0.0,0.0,0.0,0.0,0.0,2683.2,0.0,6000.0,2683.2
7627,0.0,0.0,0.0,0.0,0.0,0.0,2553.0,0.0,6000.0,2553.0
7628,0.0,0.0,0.0,0.0,0.0,0.0,2723.1,0.0,6000.0,2723.1
7629,0.0,0.0,0.0,0.0,0.0,0.0,2671.5,0.0,6000.0,2671.5
7630,0.0,0.0,0.0,0.0,0.0,0.0,2671.5,0.0,6000.0,2671.5
7631,0.0,0.0,0.0,0.0,0.0,0.0,2674.5,0.0,6000.0,2674.5
7632,0.0,0.0,0.0,0.0,0.0,0.0,2820.9,0.0,12000.0,2820.9
7633,0.0,0.0,0.0,0.0,0.0,0.0,2716.1,0.0,12000.0,2716.1
7634,0.0,0.0,0.0,0.0,0.0,0.0,2652.1,0.0,12000.0,2652.1
7635,0.0,0.0,0.0,0.0,0.0,0.0,2627.2,0.0,12000.0,2627.2
7636,0.0,0.0,0.0,0.0,0.0,0.0,2721.4,0.0,12000.0,2721.4
7637,0.0,0.0,0.0,0.0,0.0,0.0,2649.2,0.0,12000.0,2649.2
7638,0.0,0.0,0.0,0.0,0.0,0.0,2694.7,0.0,12000.0,2694.7
7639,0.0,0.0,0.0,0.0,0.0,0.0,2676.8,0.0,12000.0,2676.8
7640,14.43687,0.0,0.0,0.0,0.0,0.0,2789.9962361,0.0,12000.0,2804.4331061
7641,11.269272,0.0,0.0,0.0,0.0,0.0,2508.96880616,0.0,12000.0,2520.23807816
7642,33.95406,0.0,0.0,0.0,0.0,0.0,2475.0645618,0.0,12000.0,2509.0186218
7643,56.26236,0.0,0.0,0.0,1685.63192984507,0.0,990.668836045255,0.0,10069.1501376345,2732.563125890325
7644,2579.17525773196,2553.83374226804,0.0,0.0,7.872054311141011e-14,0.0,-1.07185457526222e-30,0.0,12174.7860581345,2579.17525773196
7645,32.58108,0.0,0.0,0.0,2746.73121695304,0.0,5.8084614836945e-14,0.0,9028.47309484352,2779.31229695304
7646,71.66271,0.0,0.0,0.0,2643.8570117984,0.0,1.91597594699641e-13,0.0,6000.0,2715.5197217984
7647,0.0,0.0,0.0,0.0,0.0,0.0,2444.2,0.0,6000.0,2444.2
7648,0.0,0.0,0.0,0.0,0.0,0.0,2437.9,0.0,6000.0,2437.9
7649,0.0,0.0,0.0,0.0,0.0,0.0,2594.9,0.0,6000.0,2594.9
7650,0.0,0.0,0.0,0.0,0.0,0.0,2779.2,0.0,6000.0,2779.2
7651,0.0,0.0,0.0,0.0,0.0,0.0,2774.3,0.0,6000.0,2774.3
7652,0.0,0.0,0.0,0.0,0.0,0.0,2566.5,0.0,6000.0,2566.5
7653,0.0,0.0,0.0,0.0,0.0,0.0,2448.2,0.0,6000.0,2448.2
7654,0.0,0.0,0.0,0.0,0.0,0.0,2497.1,0.0,6000.0,2497.1
7655,0.0,0.0,0.0,0.0,0.0,0.0,2762.2,0.0,6000.0,2762.2
7656,0.0,0.0,0.0,0.0,0.0,0.0,2689.4,0.0,6000.0,2689.4
7657,0.0,0.0,0.0,0.0,0.0,0.0,2477.5,0.0,6000.0,2477.5
7658,0.0,0.0,0.0,0.0,0.0,0.0,2660.8,0.0,6000.0,2660.8
7659,0.0,0.0,0.0,0.0,0.0,0.0,2700.0,0.0,6000.0,2700.0
7660,0.0,0.0,0.0,0.0,0.0,0.0,2809.9,0.0,6000.0,2809.9
7661,0.0,0.0,0.0,0.0,0.0,0.0,2727.0,0.0,6000.0,2727.0
7662,0.0,0.0,0.0,0.0,0.0,0.0,2819.3,0.0,6000.0,2819.3
7663,0.0,0.0,0.0,0.0,0.0,0.0,2754.5,0.0,6000.0,2754.5
7664,21.46872,0.0,0.0,0.0,0.0,0.0,2715.7753416,0.0,6000.0,2737.2440616
7665,88.92156,0.0,0.0,0.0,0.0,0.0,2653.2460868,0.0,6000.0,2742.1676468
7666,589.3671,0.0,0.0,0.0,0.0,0.0,2177.813913,0.0,6000.0,2767.181013
7667,1522.7646,0.0,0.0,0.0,0.0,0.0,1227.818338,0.0,6000.0,2750.582938
7668,1331.7465,0.0,0.0,0.0,0.0,0.0,1395.705895,0.0,6000.0,2727.4523950000003
7669,708.5169,0.0,0.0,0.0,0.0,0.0,2068.238607,0.0,6000.0,2776.755507
7670,112.30821,0.0,0.0,0.0,0.0,0.0,2526.5610363,0.0,6000.0,2638.8692463
7671,0.0,0.0,0.0,0.0,0.0,0.0,2711.3,0.0,6000.0,2711.3
7672,0.0,0.0,0.0,0.0,0.0,0.0,2612.6,0.0,6000.0,2612.6
7673,0.0,0.0,0.0,0.0,0.0,0.0,2659.9,0.0,6000.0,2659.9
7674,0.0,0.0,0.0,0.0,0.0,0.0,2664.8,0.0,6000.0,2664.8
7675,0.0,0.0,0.0,0.0,0.0,0.0,2611.1,0.0,6000.0,2611.1
7676,0.0,0.0,0.0,0.0,0.0,0.0,2624.2,0.0,6000.0,2624.2
7677,0.0,0.0,0.0,0.0,0.0,0.0,2660.8,0.0,6000.0,2660.8
7678,0.0,0.0,0.0,0.0,0.0,0.0,2543.8,0.0,6000.0,2543.8
7679,0.0,0.0,0.0,0.0,0.0,0.0,2552.5,0.0,6000.0,2552.5
7680,0.0,0.0,0.0,0.0,0.0,0.0,2638.2,0.0,12000.0,2638.2
7681,0.0,0.0,0.0,0.0,0.0,0.0,2553.0,0.0,12000.0,2553.0
7682,0.0,0.0,0.0,0.0,0.0,0.0,2598.1,0.0,12000.0,2598.1
7683,0.0,0.0,0.0,0.0,0.0,0.0,2512.0,0.0,12000.0,2512.0
7684,0.0,0.0,0.0,0.0,0.0,0.0,2471.4,0.0,12000.0,2471.4
7685,0.0,0.0,0.0,0.0,0.0,0.0,2377.4,0.0,12000.0,2377.4
7686,0.0,0.0,0.0,0.0,0.0,0.0,2498.6,0.0,12000.0,2498.6
7687,0.0,0.0,0.0,0.0,0.0,0.0,2527.3,0.0,12000.0,2527.3
7688,10.869306,0.0,0.0,0.0,0.0,0.0,2683.95677318,0.0,12000.0,2694.82607918
7689,0.0,0.0,0.0,0.0,0.0,0.0,2819.0,0.0,12000.0,2819.0
7690,13.05297,0.0,0.0,0.0,0.0,0.0,2766.4386191,0.0,12000.0,2779.4915891
7691,13.0893,0.0,0.0,0.0,0.0,0.0,2799.703379,0.0,12000.0,2812.792679
7692,0.0,0.0,0.0,0.0,0.0,0.0,2724.5,0.0,12000.0,2724.5
7693,0.0,0.0,0.0,0.0,0.0,0.0,2648.5,0.0,12000.0,2648.5
7694,61.99473,0.0,0.0,0.0,0.0,0.0,2507.1651119,0.0,12000.0,2569.1598419
7695,0.0,0.0,0.0,0.0,0.0,0.0,2774.6,0.0,12000.0,2774.6
7696,0.0,0.0,0.0,0.0,2140.8636884307,0.0,873.626,0.0,9547.69336949519,3014.4896884307
7697,0.0,0.0,0.0,0.0,0.0,0.0,2674.3,0.0,9547.69336949519,2674.3
7698,0.0,0.0,0.0,0.0,3097.1363115693,0.0,-1.06820976399346e-13,0.0,6000.0,3097.1363115693
7699,0.0,0.0,0.0,0.0,0.0,0.0,2696.3,0.0,6000.0,2696.3
7700,0.0,0.0,0.0,0.0,0.0,0.0,2715.9,0.0,6000.0,2715.9
7701,0.0,0.0,0.0,0.0,0.0,0.0,2709.6,0.0,6000.0,2709.6
7702,0.0,0.0,0.0,0.0,0.0,0.0,2512.8,0.0,6000.0,2512.8
7703,0.0,0.0,0.0,0.0,0.0,0.0,2704.4,0.0,6000.0,2704.4
7704,0.0,0.0,0.0,0.0,0.0,0.0,2626.3,0.0,6000.0,2626.3
7705,0.0,0.0,0.0,0.0,0.0,0.0,2532.9,0.0,6000.0,2532.9
7706,0.0,0.0,0.0,0.0,0.0,0.0,2548.9,0.0,6000.0,2548.9
7707,0.0,0.0,0.0,0.0,0.0,0.0,2625.5,0.0,6000.0,2625.5
7708,0.0,0.0,0.0,0.0,0.0,0.0,2540.8,0.0,6000.0,2540.8
7709,0.0,0.0,0.0,0.0,0.0,0.0,2468.4,0.0,6000.0,2468.4
7710,0.0,0.0,0.0,0.0,0.0,0.0,2494.0,0.0,6000.0,2494.0
7711,0.0,0.0,0.0,0.0,0.0,0.0,2668.5,0.0,6000.0,2668.5
7712,816.0117,0.0,0.0,0.0,0.0,0.0,1863.968651,0.0,6000.0,2679.980351
7713,100.34451,0.0,0.0,0.0,0.0,0.0,2526.2658253,0.0,6000.0,2626.6103353
7714,34.87365,0.0,0.0,0.0,0.0,0.0,2650.9725595,0.0,6000.0,2685.8462095
7715,46.25313,0.0,0.0,0.0,0.0,0.0,2615.9344639,0.0,6000.0,2662.1875939
7716,45.98769,0.0,0.0,0.0,0.0,0.0,2585.6919407,0.0,6000.0,2631.6796307
7717,34.01853,0.0,0.0,0.0,0.0,0.0,2568.0020259,0.0,6000.0,2602.0205559
7718,39.81978,0.0,0.0,0.0,0.0,0.0,2638.9748134,0.0,6000.0,2678.7945934
7719,0.0,0.0,0.0,0.0,0.0,0.0,2801.2,0.0,6000.0,2801.2
7720,0.0,0.0,0.0,0.0,0.0,0.0,2815.5,0.0,6000.0,2815.5
7721,0.0,0.0,0.0,0.0,0.0,0.0,2783.7,0.0,6000.0,2783.7
7722,0.0,0.0,0.0,0.0,0.0,0.0,2690.1,0.0,6000.0,2690.1
7723,0.0,0.0,0.0,0.0,0.0,0.0,2727.1,0.0,6000.0,2727.1
7724,0.0,0.0,0.0,0.0,0.0,0.0,2741.8,0.0,6000.0,2741.8
7725,0.0,0.0,0.0,0.0,0.0,0.0,2709.3,0.0,6000.0,2709.3
7726,0.0,0.0,0.0,0.0,0.0,0.0,2496.7,0.0,6000.0,2496.7
7727,0.0,0.0,0.0,0.0,0.0,0.0,2651.2,0.0,6000.0,2651.2
7728,0.0,0.0,0.0,0.0,0.0,0.0,2632.8,0.0,12000.0,2632.8
7729,0.0,0.0,0.0,0.0,0.0,0.0,2622.7,0.0,12000.0,2622.7
7730,0.0,0.0,0.0,0.0,0.0,0.0,2633.8,0.0,12000.0,2633.8
7731,0.0,0.0,0.0,0.0,0.0,0.0,2579.5,0.0,12000.0,2579.5
7732,0.0,0.0,0.0,0.0,0.0,0.0,2499.8,0.0,12000.0,2499.8
7733,0.0,0.0,0.0,0.0,0.0,0.0,2403.1,0.0,12000.0,2403.1
7734,0.0,0.0,0.0,0.0,0.0,0.0,2520.2,0.0,12000.0,2520.2
7735,0.0,0.0,0.0,0.0,0.0,0.0,2645.2,0.0,12000.0,2645.2
7736,26.04105,0.0,0.0,0.0,0.0,0.0,2638.8401815,0.0,12000.0,2664.8812315
7737,123.43422,0.0,0.0,0.0,0.0,0.0,2518.5688066,0.0,12000.0,2642.0030266
7738,36.18531,0.0,0.0,0.0,0.0,0.0,2473.6002493,0.0,12000.0,2509.7855593
7739,114.99243,0.0,0.0,0.0,0.0,0.0,2436.6573429,0.0,12000.0,2551.6497729
7740,125.85006,0.0,0.0,0.0,0.0,0.0,2561.9254418,0.0,12000.0,2687.7755018000003
7741,24.23358,0.0,0.0,0.0,0.0,0.0,2709.6934274,0.0,12000.0,2733.9270074
7742,50.5911,0.0,0.0,0.0,0.0,0.0,2683.626633,0.0,12000.0,2734.217733
7743,0.0,0.0,0.0,0.0,0.0,0.0,2665.3,0.0,12000.0,2665.3
7744,0.0,0.0,0.0,0.0,0.0,0.0,2622.1,0.0,12000.0,2622.1
7745,0.0,0.0,0.0,0.0,0.0,0.0,2612.7,0.0,12000.0,2612.7
7746,0.0,0.0,0.0,0.0,0.0,0.0,2558.6,0.0,12000.0,2558.6
7747,0.0,0.0,0.0,0.0,0.0,0.0,2590.3,0.0,12000.0,2590.3
7748,0.0,0.0,0.0,0.0,0.0,0.0,2686.9,0.0,12000.0,2686.9
7749,0.0,0.0,0.0,0.0,0.0,0.0,2680.0,0.0,12000.0,2680.0
7750,0.0,0.0,0.0,0.0,0.0,0.0,2709.1,0.0,12000.0,2709.1
7751,0.0,0.0,0.0,0.0,0.0,0.0,2648.8,0.0,12000.0,2648.8
7752,0.0,0.0,0.0,0.0,0.0,0.0,2663.5,0.0,12000.0,2663.5
7753,0.0,0.0,0.0,0.0,0.0,0.0,2590.6,0.0,12000.0,2590.6
7754,0.0,0.0,0.0,0.0,0.0,0.0,2595.8,0.0,12000.0,2595.8
7755,0.0,0.0,0.0,0.0,0.0,0.0,2557.9,0.0,12000.0,2557.9
7756,0.0,0.0,0.0,0.0,0.0,0.0,2584.6,0.0,12000.0,2584.6
7757,0.0,0.0,0.0,0.0,0.0,0.0,2535.9,0.0,12000.0,2535.9
7758,0.0,0.0,0.0,0.0,0.0,0.0,2594.2,0.0,12000.0,2594.2
7759,0.0,0.0,0.0,0.0,0.0,0.0,2630.0,0.0,12000.0,2630.0
7760,655.6242,0.0,0.0,0.0,0.0,0.0,2030.644526,0.0,12000.0,2686.268726
7761,101.76495,0.0,0.0,0.0,0.0,0.0,2479.1879985,0.0,12000.0,2580.9529485000003
7762,36.92262,0.0,0.0,0.0,0.0,0.0,2572.4850586,0.0,12000.0,2609.4076786
7763,48.23994,0.0,0.0,0.0,0.0,0.0,2528.4072582,0.0,12000.0,2576.6471982
7764,137.85345,0.0,0.0,0.0,0.0,0.0,2504.8821535,0.0,12000.0,2642.7356035000003
7765,25.08387,0.0,0.0,0.0,0.0,0.0,2577.3686461,0.0,12000.0,2602.4525161
7766,80.42475,0.0,0.0,0.0,0.0,0.0,2571.9879925,0.0,12000.0,2652.4127425
7767,64.87719,0.0,0.0,0.0,0.0,0.0,2590.3691257,0.0,12000.0,2655.2463157
7768,0.0,0.0,0.0,0.0,3000.68728522337,0.0,-1.00171094023652e-13,0.0,8562.78661486441,3000.68728522337
7769,0.0,0.0,0.0,0.0,0.0,0.0,2540.8,0.0,8562.78661486441,2540.8
7770,0.0,0.0,0.0,0.0,2237.31271477663,0.0,622.926,0.0,6000.0,2860.23871477663
7771,0.0,0.0,0.0,0.0,0.0,0.0,2593.2,0.0,6000.0,2593.2
7772,0.0,0.0,0.0,0.0,0.0,0.0,2690.8,0.0,6000.0,2690.8
7773,0.0,0.0,0.0,0.0,0.0,0.0,2635.2,0.0,6000.0,2635.2
7774,0.0,0.0,0.0,0.0,0.0,0.0,2678.9,0.0,6000.0,2678.9
7775,0.0,0.0,0.0,0.0,0.0,0.0,2639.5,0.0,6000.0,2639.5
7776,0.0,0.0,0.0,0.0,0.0,0.0,2669.3,0.0,12000.0,2669.3
7777,0.0,0.0,0.0,0.0,0.0,0.0,2594.7,0.0,12000.0,2594.7
7778,0.0,0.0,0.0,0.0,0.0,0.0,2615.3,0.0,12000.0,2615.3
7779,0.0,0.0,0.0,0.0,0.0,0.0,2586.2,0.0,12000.0,2586.2
7780,0.0,0.0,0.0,0.0,0.0,0.0,2454.9,0.0,12000.0,2454.9
7781,0.0,0.0,0.0,0.0,0.0,0.0,2597.0,0.0,12000.0,2597.0
7782,0.0,0.0,0.0,0.0,0.0,0.0,2529.5,0.0,12000.0,2529.5
7783,0.0,0.0,0.0,0.0,0.0,0.0,2489.5,0.0,12000.0,2489.5
7784,12.760335,0.0,0.0,0.0,0.0,0.0,2573.52247505,0.0,12000.0,2586.28281005
7785,68.59083,0.0,0.0,0.0,0.0,0.0,2486.1668949,0.0,12000.0,2554.7577249
7786,25.49715,0.0,0.0,0.0,0.0,0.0,2499.2677645,0.0,12000.0,2524.7649145
7787,59.02659,0.0,0.0,0.0,0.0,0.0,2438.7442077,0.0,12000.0,2497.7707977
7788,36.31551,0.0,0.0,0.0,0.0,0.0,2436.1739553,0.0,12000.0,2472.4894653
7789,24.50679,0.0,0.0,0.0,0.0,0.0,2418.7284137,0.0,12000.0,2443.2352037
7790,38.61585,0.0,0.0,0.0,0.0,0.0,2385.4426255,0.0,12000.0,2424.0584755
7791,0.0,0.0,0.0,0.0,0.0,0.0,2443.1,0.0,12000.0,2443.1
7792,0.0,0.0,0.0,0.0,0.0,0.0,2549.3,0.0,12000.0,2549.3
7793,0.0,0.0,0.0,0.0,0.0,0.0,2554.1,0.0,12000.0,2554.1
7794,0.0,0.0,0.0,0.0,0.0,0.0,2643.5,0.0,12000.0,2643.5
7795,0.0,0.0,0.0,0.0,0.0,0.0,2539.2,0.0,12000.0,2539.2
7796,0.0,0.0,0.0,0.0,0.0,0.0,2529.0,0.0,12000.0,2529.0
7797,0.0,0.0,0.0,0.0,0.0,0.0,2631.6,0.0,12000.0,2631.6
7798,0.0,0.0,0.0,0.0,0.0,0.0,2618.4,0.0,12000.0,2618.4
7799,0.0,0.0,0.0,0.0,0.0,0.0,2710.1,0.0,12000.0,2710.1
7800,0.0,0.0,0.0,0.0,0.0,0.0,2718.5,0.0,12000.0,2718.5
7801,0.0,0.0,0.0,0.0,0.0,0.0,2591.6,0.0,12000.0,2591.6
7802,0.0,0.0,0.0,0.0,0.0,0.0,2491.2,0.0,12000.0,2491.2
7803,0.0,0.0,0.0,0.0,0.0,0.0,2532.5,0.0,12000.0,2532.5
7804,0.0,0.0,0.0,0.0,0.0,0.0,2411.3,0.0,12000.0,2411.3
7805,0.0,0.0,0.0,0.0,0.0,0.0,2406.5,0.0,12000.0,2406.5
7806,0.0,0.0,0.0,0.0,3007.44558991982,0.0,-1.82468359373331e-13,0.0,8555.04514327627,3007.44558991982
7807,0.0,0.0,0.0,0.0,0.0,0.0,2613.2,0.0,8555.04514327627,2613.2
7808,0.0,0.0,0.0,0.0,0.0,0.0,2678.1,0.0,8555.04514327627,2678.1
7809,47.52447,0.0,0.0,0.0,0.0,0.0,2613.1012641,0.0,8555.04514327627,2660.6257341
7810,26.54694,0.0,0.0,0.0,0.0,0.0,2684.7494682,0.0,8555.04514327627,2711.2964082000003
7811,37.85187,0.0,0.0,0.0,0.0,0.0,2839.7836861,0.0,8555.04514327627,2877.6355561
7812,37.79475,0.0,0.0,0.0,2230.55441008018,0.0,765.7650925,0.0,6000.0,3034.11425258018
7813,26.04609,0.0,0.0,0.0,0.0,0.0,2695.9352927,0.0,6000.0,2721.9813827
7814,48.45981,0.0,0.0,0.0,0.0,0.0,2636.8939843,0.0,6000.0,2685.3537943
7815,0.0,0.0,0.0,0.0,0.0,0.0,2799.3,0.0,6000.0,2799.3
7816,0.0,0.0,0.0,0.0,0.0,0.0,2688.8,0.0,6000.0,2688.8
7817,0.0,0.0,0.0,0.0,0.0,0.0,2764.8,0.0,6000.0,2764.8
7818,0.0,0.0,0.0,0.0,0.0,0.0,2755.8,0.0,6000.0,2755.8
7819,0.0,0.0,0.0,0.0,0.0,0.0,2803.6,0.0,6000.0,2803.6
7820,0.0,0.0,0.0,0.0,0.0,0.0,2740.9,0.0,6000.0,2740.9
7821,0.0,0.0,0.0,0.0,0.0,0.0,2754.9,0.0,6000.0,2754.9
7822,0.0,0.0,0.0,0.0,0.0,0.0,2647.7,0.0,6000.0,2647.7
7823,0.0,0.0,0.0,0.0,0.0,0.0,2731.8,0.0,6000.0,2731.8
7824,0.0,0.0,0.0,0.0,0.0,0.0,2746.9,0.0,12000.0,2746.9
7825,0.0,0.0,0.0,0.0,0.0,0.0,2643.8,0.0,12000.0,2643.8
7826,0.0,0.0,0.0,0.0,0.0,0.0,2718.2,0.0,12000.0,2718.2
7827,0.0,0.0,0.0,0.0,0.0,0.0,2743.2,0.0,12000.0,2743.2
7828,0.0,0.0,0.0,0.0,0.0,0.0,2730.4,0.0,12000.0,2730.4
7829,0.0,0.0,0.0,0.0,0.0,0.0,2542.1,0.0,12000.0,2542.1
7830,0.0,0.0,0.0,0.0,0.0,0.0,2390.4,0.0,12000.0,2390.4
7831,0.0,0.0,0.0,0.0,0.0,0.0,2459.3,0.0,12000.0,2459.3
7832,0.0,0.0,0.0,0.0,2831.04238258877,0.0,1.13713558360808e-13,0.0,8757.11067286509,2831.04238258877
7833,59.47473,0.0,0.0,0.0,2406.95761741123,0.0,267.035511899999,0.0,6000.0,2733.467859311229
7834,27.72063,0.0,0.0,0.0,0.0,0.0,2442.1109889,0.0,6000.0,2469.8316189
7835,38.90481,0.0,0.0,0.0,0.0,0.0,2407.4623343,0.0,6000.0,2446.3671443
7836,38.59611,0.0,0.0,0.0,0.0,0.0,2377.7617733,0.0,6000.0,2416.3578833
7837,59.65722,0.0,0.0,0.0,0.0,0.0,2400.8324966,0.0,6000.0,2460.4897166
7838,46.8825,0.0,0.0,0.0,0.0,0.0,2445.723975,0.0,6000.0,2492.606475
7839,0.0,0.0,0.0,0.0,0.0,0.0,2577.5,0.0,6000.0,2577.5
7840,0.0,0.0,0.0,0.0,0.0,0.0,2744.7,0.0,6000.0,2744.7
7841,0.0,0.0,0.0,0.0,0.0,0.0,2603.5,0.0,6000.0,2603.5
7842,0.0,0.0,0.0,0.0,0.0,0.0,2377.5,0.0,6000.0,2377.5
7843,0.0,0.0,0.0,0.0,0.0,0.0,2459.6,0.0,6000.0,2459.6
7844,0.0,0.0,0.0,0.0,0.0,0.0,2658.7,0.0,6000.0,2658.7
7845,0.0,0.0,0.0,0.0,0.0,0.0,2746.1,0.0,6000.0,2746.1
7846,0.0,0.0,0.0,0.0,0.0,0.0,2540.0,0.0,6000.0,2540.0
7847,0.0,0.0,0.0,0.0,0.0,0.0,2767.1,0.0,6000.0,2767.1
7848,0.0,0.0,0.0,0.0,0.0,0.0,2678.2,0.0,6000.0,2678.2
7849,0.0,0.0,0.0,0.0,0.0,0.0,2677.4,0.0,6000.0,2677.4
7850,0.0,0.0,0.0,0.0,0.0,0.0,2714.0,0.0,6000.0,2714.0
7851,0.0,0.0,0.0,0.0,0.0,0.0,2784.0,0.0,6000.0,2784.0
7852,0.0,0.0,0.0,0.0,0.0,0.0,2689.1,0.0,6000.0,2689.1
7853,0.0,0.0,0.0,0.0,0.0,0.0,2641.2,0.0,6000.0,2641.2
7854,0.0,0.0,0.0,0.0,0.0,0.0,2718.0,0.0,6000.0,2718.0
7855,0.0,0.0,0.0,0.0,0.0,0.0,2655.6,0.0,6000.0,2655.6
7856,0.0,0.0,0.0,0.0,0.0,0.0,2621.9,0.0,6000.0,2621.9
7857,124.50669,0.0,0.0,0.0,0.0,0.0,2542.7285107,0.0,6000.0,2667.2352007
7858,5.693373,0.0,0.0,0.0,0.0,0.0,2729.27742819,0.0,6000.0,2734.97080119
7859,39.45186,0.0,0.0,0.0,0.0,0.0,2703.2316958,0.0,6000.0,2742.6835558
7860,16.959978,0.0,0.0,0.0,0.0,0.0,2537.24882134,0.0,6000.0,2554.20879934
7861,5.380599,0.0,0.0,0.0,0.0,0.0,2441.38081897,0.0,6000.0,2446.76141797
7862,91.36806,0.0,0.0,0.0,0.0,0.0,2590.4729818,0.0,6000.0,2681.8410418
7863,0.0,0.0,0.0,0.0,0.0,0.0,2801.4,0.0,6000.0,2801.4
7864,0.0,0.0,0.0,0.0,0.0,0.0,2806.1,0.0,6000.0,2806.1
7865,0.0,0.0,0.0,0.0,0.0,0.0,2893.4,0.0,6000.0,2893.4
7866,0.0,0.0,0.0,0.0,0.0,0.0,2810.0,0.0,6000.0,2810.0
7867,0.0,0.0,0.0,0.0,0.0,0.0,2739.2,0.0,6000.0,2739.2
7868,0.0,0.0,0.0,0.0,0.0,0.0,2649.5,0.0,6000.0,2649.5
7869,0.0,0.0,0.0,0.0,0.0,0.0,2729.8,0.0,6000.0,2729.8
7870,0.0,0.0,0.0,0.0,0.0,0.0,2608.1,0.0,6000.0,2608.1
7871,0.0,0.0,0.0,0.0,0.0,0.0,2715.8,0.0,6000.0,2715.8
7872,0.0,0.0,0.0,0.0,0.0,0.0,2649.6,0.0,12000.0,2649.6
7873,0.0,0.0,0.0,0.0,0.0,0.0,2689.5,0.0,12000.0,2689.5
7874,0.0,0.0,0.0,0.0,0.0,0.0,2777.6,0.0,12000.0,2777.6
7875,0.0,0.0,0.0,0.0,0.0,0.0,2701.4,0.0,12000.0,2701.4
7876,0.0,0.0,0.0,0.0,0.0,0.0,2683.7,0.0,12000.0,2683.7
7877,0.0,0.0,0.0,0.0,0.0,0.0,2640.9,0.0,12000.0,2640.9
7878,0.0,0.0,0.0,0.0,0.0,0.0,2790.7,0.0,12000.0,2790.7
7879,0.0,0.0,0.0,0.0,0.0,0.0,2720.0,0.0,12000.0,2720.0
7880,0.0,0.0,0.0,0.0,0.0,0.0,2639.7,0.0,12000.0,2639.7
7881,37.19583,0.0,0.0,0.0,0.0,0.0,2513.6200449,0.0,12000.0,2550.8158749
7882,61.36494,0.0,0.0,0.0,0.0,0.0,2584.3760082,0.0,12000.0,2645.7409482
7883,84.37779,0.0,0.0,0.0,0.0,0.0,2639.7535437,0.0,12000.0,2724.1313337
7884,72.80217,0.0,0.0,0.0,0.0,0.0,2639.3818951,0.0,12000.0,2712.1840651
7885,49.17108,0.0,0.0,0.0,0.0,0.0,2690.3040524,0.0,12000.0,2739.4751324
7886,42.94374,0.0,0.0,0.0,0.0,0.0,2640.1445722,0.0,12000.0,2683.0883122
7887,0.0,0.0,0.0,0.0,0.0,0.0,2816.7,0.0,12000.0,2816.7
7888,0.0,0.0,0.0,0.0,0.0,0.0,2764.2,0.0,12000.0,2764.2
7889,0.0,0.0,0.0,0.0,0.0,0.0,2762.0,0.0,12000.0,2762.0
7890,0.0,0.0,0.0,0.0,0.0,0.0,2735.7,0.0,12000.0,2735.7
7891,0.0,0.0,0.0,0.0,0.0,0.0,2730.9,0.0,12000.0,2730.9
7892,0.0,0.0,0.0,0.0,0.0,0.0,2830.7,0.0,12000.0,2830.7
7893,0.0,0.0,0.0,0.0,0.0,0.0,2786.7,0.0,12000.0,2786.7
7894,0.0,0.0,0.0,0.0,0.0,0.0,2703.4,0.0,12000.0,2703.4
7895,0.0,0.0,0.0,0.0,0.0,0.0,2829.6,0.0,12000.0,2829.6
7896,0.0,0.0,0.0,0.0,0.0,0.0,2821.3,0.0,12000.0,2821.3
7897,0.0,0.0,0.0,0.0,0.0,0.0,2721.6,0.0,12000.0,2721.6
7898,0.0,0.0,0.0,0.0,0.0,0.0,2670.6,0.0,12000.0,2670.6
7899,0.0,0.0,0.0,0.0,0.0,0.0,2373.5,0.0,12000.0,2373.5
7900,0.0,0.0,0.0,0.0,0.0,0.0,2535.7,0.0,12000.0,2535.7
7901,0.0,0.0,0.0,0.0,0.0,0.0,2545.3,0.0,12000.0,2545.3
7902,0.0,0.0,0.0,0.0,0.0,0.0,2835.0,0.0,12000.0,2835.0
7903,0.0,0.0,0.0,0.0,0.0,0.0,2788.5,0.0,12000.0,2788.5
7904,0.0,0.0,0.0,0.0,0.0,0.0,2827.3,0.0,12000.0,2827.3
7905,470.2173,0.0,0.0,0.0,1068.2885597793,0.0,1274.87330631268,0.0,10776.3017642849,2813.37916609198
7906,727.0599,0.0,0.0,0.0,2106.70320389462,0.0,1.56537366542677e-13,0.0,8363.12512752129,2833.76310389462
7907,1380.8088,0.0,0.0,0.0,1262.67521649485,0.0,-7.483671421849391e-14,0.0,6916.76176383877,2643.48401649485
7908,2782.16494845361,2534.80405154639,0.0,0.0,-1.7032581433733e-13,0.0,2.0198470797461297e-30,0.0,9006.70770433877,2782.16494845361
7909,497.0112,0.0,0.0,0.0,2624.85582588774,0.0,-7.61549787517925e-15,0.0,6000.0,3121.86702588774
7910,311.9298,0.0,0.0,0.0,0.0,0.0,2591.028094,0.0,6000.0,2902.957894
7911,0.0,0.0,0.0,0.0,0.0,0.0,2936.5,0.0,6000.0,2936.5
7912,0.0,0.0,0.0,0.0,0.0,0.0,2795.9,0.0,6000.0,2795.9
7913,0.0,0.0,0.0,0.0,0.0,0.0,2727.5,0.0,6000.0,2727.5
7914,0.0,0.0,0.0,0.0,0.0,0.0,2745.3,0.0,6000.0,2745.3
7915,0.0,0.0,0.0,0.0,0.0,0.0,2670.0,0.0,6000.0,2670.0
7916,0.0,0.0,0.0,0.0,0.0,0.0,2670.0,0.0,6000.0,2670.0
7917,0.0,0.0,0.0,0.0,0.0,0.0,2750.2,0.0,6000.0,2750.2
7918,0.0,0.0,0.0,0.0,0.0,0.0,2832.9,0.0,6000.0,2832.9
7919,0.0,0.0,0.0,0.0,0.0,0.0,2755.8,0.0,6000.0,2755.8
7920,0.0,0.0,0.0,0.0,0.0,0.0,2748.9,0.0,12000.0,2748.9
7921,0.0,0.0,0.0,0.0,0.0,0.0,2669.2,0.0,12000.0,2669.2
7922,0.0,0.0,0.0,0.0,0.0,0.0,2610.0,0.0,12000.0,2610.0
7923,0.0,0.0,0.0,0.0,0.0,0.0,2615.6,0.0,12000.0,2615.6
7924,0.0,0.0,0.0,0.0,0.0,0.0,2638.7,0.0,12000.0,2638.7
7925,0.0,0.0,0.0,0.0,0.0,0.0,2498.0,0.0,12000.0,2498.0
7926,0.0,0.0,0.0,0.0,0.0,0.0,2573.2,0.0,12000.0,2573.2
7927,0.0,0.0,0.0,0.0,0.0,0.0,2601.9,0.0,12000.0,2601.9
7928,0.0,0.0,0.0,0.0,0.0,0.0,2544.4,0.0,12000.0,2544.4
7929,491.8914,0.0,0.0,0.0,0.0,0.0,2067.565342,0.0,12000.0,2559.456742
7930,734.16,0.0,0.0,0.0,0.0,0.0,2017.4648,0.0,12000.0,2751.6248
7931,1397.3568,0.0,0.0,0.0,0.0,0.0,1488.463904,0.0,12000.0,2885.820704
7932,1060.5945,0.0,0.0,0.0,0.0,0.0,1795.523335,0.0,12000.0,2856.117835
7933,517.02,0.0,0.0,0.0,0.0,0.0,2269.6906,0.0,12000.0,2786.7106
7934,359.5263,0.0,0.0,0.0,0.0,0.0,2411.959489,0.0,12000.0,2771.485789
7935,0.0,0.0,0.0,0.0,0.0,0.0,2631.9,0.0,12000.0,2631.9
7936,0.0,0.0,0.0,0.0,0.0,0.0,2716.0,0.0,12000.0,2716.0
7937,0.0,0.0,0.0,0.0,0.0,0.0,2697.5,0.0,12000.0,2697.5
7938,0.0,0.0,0.0,0.0,0.0,0.0,2675.7,0.0,12000.0,2675.7
7939,0.0,0.0,0.0,0.0,0.0,0.0,2650.5,0.0,12000.0,2650.5
7940,0.0,0.0,0.0,0.0,0.0,0.0,2717.8,0.0,12000.0,2717.8
7941,0.0,0.0,0.0,0.0,0.0,0.0,2545.5,0.0,12000.0,2545.5
7942,0.0,0.0,0.0,0.0,0.0,0.0,2608.3,0.0,12000.0,2608.3
7943,0.0,0.0,0.0,0.0,2198.71019473081,0.0,654.826000000001,0.0,9481.431621156,2853.536194730811
7944,0.0,0.0,0.0,0.0,3039.28980526919,0.0,-1.7468108771852999e-13,0.0,6000.0,3039.28980526919
7945,0.0,0.0,0.0,0.0,0.0,0.0,2593.5,0.0,6000.0,2593.5
7946,0.0,0.0,0.0,0.0,0.0,0.0,2426.6,0.0,6000.0,2426.6
7947,0.0,0.0,0.0,0.0,0.0,0.0,2556.6,0.0,6000.0,2556.6
7948,0.0,0.0,0.0,0.0,0.0,0.0,2614.2,0.0,6000.0,2614.2
7949,0.0,0.0,0.0,0.0,0.0,0.0,2668.3,0.0,6000.0,2668.3
7950,0.0,0.0,0.0,0.0,0.0,0.0,2563.3,0.0,6000.0,2563.3
7951,0.0,0.0,0.0,0.0,0.0,0.0,2625.5,0.0,6000.0,2625.5
7952,0.0,0.0,0.0,0.0,0.0,0.0,2557.7,0.0,6000.0,2557.7
7953,333.4905,0.0,0.0,0.0,0.0,0.0,2285.314215,0.0,6000.0,2618.804715
7954,604.3947,0.0,0.0,0.0,0.0,0.0,2033.537141,0.0,6000.0,2637.931841
7955,1164.6516,0.0,0.0,0.0,0.0,0.0,1403.587948,0.0,6000.0,2568.239548
7956,2633.40206185567,2552.96793814433,0.0,0.0,1.42883858600683e-13,0.0,5.4792273556491996e-30,0.0,8104.922065,2633.40206185567
7957,409.1157,0.0,0.0,0.0,0.0,0.0,2188.957771,0.0,8104.922065,2598.073471
7958,228.7635,0.0,0.0,0.0,0.0,0.0,2436.599405,0.0,8104.922065,2665.362905
7959,0.0,0.0,0.0,0.0,0.0,0.0,2500.9,0.0,8104.922065,2500.9
7960,0.0,0.0,0.0,0.0,0.0,0.0,2580.8,0.0,8104.922065,2580.8
7961,0.0,0.0,0.0,0.0,0.0,0.0,2577.7,0.0,8104.922065,2577.7
7962,0.0,0.0,0.0,0.0,0.0,0.0,2619.5,0.0,8104.922065,2619.5
7963,0.0,0.0,0.0,0.0,0.0,0.0,2542.7,0.0,8104.922065,2542.7
7964,0.0,0.0,0.0,0.0,0.0,0.0,2565.1,0.0,8104.922065,2565.1
7965,0.0,0.0,0.0,0.0,0.0,0.0,2673.6,0.0,8104.922065,2673.6
7966,0.0,0.0,0.0,0.0,1837.596962745,0.0,1066.47785152361,0.0,6000.0,2904.0748142686098
7967,0.0,0.0,0.0,0.0,0.0,0.0,2665.5,0.0,6000.0,2665.5
7968,0.0,0.0,0.0,0.0,0.0,0.0,2656.8,0.0,12000.0,2656.8
7969,0.0,0.0,0.0,0.0,0.0,0.0,2666.0,0.0,12000.0,2666.0
7970,0.0,0.0,0.0,0.0,0.0,0.0,2586.6,0.0,12000.0,2586.6
7971,0.0,0.0,0.0,0.0,0.0,0.0,2572.8,0.0,12000.0,2572.8
7972,0.0,0.0,0.0,0.0,0.0,0.0,2639.8,0.0,12000.0,2639.8
7973,0.0,0.0,0.0,0.0,0.0,0.0,2539.6,0.0,12000.0,2539.6
7974,0.0,0.0,0.0,0.0,0.0,0.0,2569.6,0.0,12000.0,2569.6
7975,0.0,0.0,0.0,0.0,0.0,0.0,2672.1,0.0,12000.0,2672.1
7976,0.0,0.0,0.0,0.0,0.0,0.0,2639.2,0.0,12000.0,2639.2
7977,209.80281,0.0,0.0,0.0,0.0,0.0,2521.4912743,0.0,12000.0,2731.2940843
7978,151.00134,0.0,0.0,0.0,0.0,0.0,2582.8287002,0.0,12000.0,2733.8300402
7979,38.98944,0.0,0.0,0.0,0.0,0.0,2741.4802432,0.0,12000.0,2780.4696832
7980,27.5373,0.0,0.0,0.0,0.0,0.0,2738.488819,0.0,12000.0,2766.026119
7981,15.469482,0.0,0.0,0.0,0.0,0.0,2849.79460246,0.0,12000.0,2865.26408446
7982,93.0447,0.0,0.0,0.0,0.0,0.0,2796.146641,0.0,12000.0,2889.191341
7983,0.0,0.0,0.0,0.0,0.0,0.0,2925.6,0.0,12000.0,2925.6
7984,0.0,0.0,0.0,0.0,0.0,0.0,2950.1,0.0,12000.0,2950.1
7985,0.0,0.0,0.0,0.0,0.0,0.0,2850.6,0.0,12000.0,2850.6
7986,0.0,0.0,0.0,0.0,0.0,0.0,2816.3,0.0,12000.0,2816.3
7987,0.0,0.0,0.0,0.0,1910.73768613975,0.0,1066.626,0.0,9811.29703764061,2977.36368613975
7988,0.0,0.0,0.0,0.0,3327.26231386025,0.0,1.89628334925836e-13,0.0,6000.0,3327.26231386025
7989,0.0,0.0,0.0,0.0,0.0,0.0,2825.7,0.0,6000.0,2825.7
7990,0.0,0.0,0.0,0.0,0.0,0.0,2692.5,0.0,6000.0,2692.5
7991,0.0,0.0,0.0,0.0,0.0,0.0,2715.3,0.0,6000.0,2715.3
7992,0.0,0.0,0.0,0.0,0.0,0.0,2807.4,0.0,6000.0,2807.4
7993,0.0,0.0,0.0,0.0,0.0,0.0,2688.9,0.0,6000.0,2688.9
7994,0.0,0.0,0.0,0.0,0.0,0.0,2692.4,0.0,6000.0,2692.4
7995,0.0,0.0,0.0,0.0,0.0,0.0,2561.8,0.0,6000.0,2561.8
7996,0.0,0.0,0.0,0.0,0.0,0.0,2698.7,0.0,6000.0,2698.7
7997,0.0,0.0,0.0,0.0,0.0,0.0,2627.7,0.0,6000.0,2627.7
7998,0.0,0.0,0.0,0.0,0.0,0.0,2353.5,0.0,6000.0,2353.5
7999,0.0,0.0,0.0,0.0,0.0,0.0,2291.0,0.0,6000.0,2291.0
8000,0.0,0.0,0.0,0.0,0.0,0.0,2343.6,0.0,6000.0,2343.6
8001,25.17396,0.0,0.0,0.0,0.0,0.0,2340.6812588,0.0,6000.0,2365.8552188
8002,27.54801,0.0,0.0,0.0,0.0,0.0,2359.2784303,0.0,6000.0,2386.8264403
8003,28.12047,0.0,0.0,0.0,0.0,0.0,2301.5231441,0.0,6000.0,2329.6436141
8004,28.11795,0.0,0.0,0.0,0.0,0.0,2367.7255885,0.0,6000.0,2395.8435385
8005,27.15657,0.0,0.0,0.0,0.0,0.0,2378.7581271,0.0,6000.0,2405.9146971
8006,0.0,0.0,0.0,0.0,0.0,0.0,2122.8,0.0,6000.0,2122.8
8007,0.0,0.0,0.0,0.0,0.0,0.0,2143.7,0.0,6000.0,2143.7
8008,0.0,0.0,0.0,0.0,0.0,0.0,2421.6,0.0,6000.0,2421.6
8009,0.0,0.0,0.0,0.0,0.0,0.0,2443.1,0.0,6000.0,2443.1
8010,0.0,0.0,0.0,0.0,0.0,0.0,2482.8,0.0,6000.0,2482.8
8011,0.0,0.0,0.0,0.0,0.0,0.0,2456.7,0.0,6000.0,2456.7
8012,0.0,0.0,0.0,0.0,0.0,0.0,2673.2,0.0,6000.0,2673.2
8013,0.0,0.0,0.0,0.0,0.0,0.0,2476.1,0.0,6000.0,2476.1
8014,0.0,0.0,0.0,0.0,0.0,0.0,2633.8,0.0,6000.0,2633.8
8015,0.0,0.0,0.0,0.0,0.0,0.0,2717.1,0.0,6000.0,2717.1
8016,0.0,0.0,0.0,0.0,0.0,0.0,2748.9,0.0,12000.0,2748.9
8017,0.0,0.0,0.0,0.0,0.0,0.0,2545.2,0.0,12000.0,2545.2
8018,0.0,0.0,0.0,0.0,0.0,0.0,2441.4,0.0,12000.0,2441.4
8019,0.0,0.0,0.0,0.0,0.0,0.0,2396.6,0.0,12000.0,2396.6
8020,0.0,0.0,0.0,0.0,0.0,0.0,2403.9,0.0,12000.0,2403.9
8021,0.0,0.0,0.0,0.0,0.0,0.0,2339.7,0.0,12000.0,2339.7
8022,0.0,0.0,0.0,0.0,0.0,0.0,2432.2,0.0,12000.0,2432.2
8023,0.0,0.0,0.0,0.0,0.0,0.0,2444.9,0.0,12000.0,2444.9
8024,0.0,0.0,0.0,0.0,0.0,0.0,2502.4,0.0,12000.0,2502.4
8025,4.406283,0.0,0.0,0.0,0.0,0.0,2473.32590549,0.0,12000.0,2477.73218849
8026,5.646564,0.0,0.0,0.0,0.0,0.0,2483.72283292,0.0,12000.0,2489.3693969200003
8027,61.32924,0.0,0.0,0.0,0.0,0.0,2724.6106372,0.0,12000.0,2785.9398772
8028,228.4128,0.0,0.0,0.0,0.0,0.0,2559.339584,0.0,12000.0,2787.752384
8029,4.887309,0.0,0.0,0.0,0.0,0.0,2825.45931027,0.0,12000.0,2830.34661927
8030,14.702457,0.0,0.0,0.0,0.0,0.0,2784.73861671,0.0,12000.0,2799.44107371
8031,0.0,0.0,0.0,0.0,0.0,0.0,2856.0,0.0,12000.0,2856.0
8032,0.0,0.0,0.0,0.0,0.0,0.0,2895.4,0.0,12000.0,2895.4
8033,0.0,0.0,0.0,0.0,0.0,0.0,2855.1,0.0,12000.0,2855.1
8034,0.0,0.0,0.0,0.0,0.0,0.0,2919.1,0.0,12000.0,2919.1
8035,0.0,0.0,0.0,0.0,0.0,0.0,2943.6,0.0,12000.0,2943.6
8036,0.0,0.0,0.0,0.0,0.0,0.0,2902.4,0.0,12000.0,2902.4
8037,0.0,0.0,0.0,0.0,0.0,0.0,2875.4,0.0,12000.0,2875.4
8038,0.0,0.0,0.0,0.0,0.0,0.0,2903.0,0.0,12000.0,2903.0
8039,0.0,0.0,0.0,0.0,0.0,0.0,3038.4,0.0,12000.0,3038.4
8040,0.0,0.0,0.0,0.0,0.0,0.0,2948.0,0.0,12000.0,2948.0
8041,0.0,0.0,0.0,0.0,0.0,0.0,2836.0,0.0,12000.0,2836.0
8042,0.0,0.0,0.0,0.0,0.0,0.0,2840.3,0.0,12000.0,2840.3
8043,0.0,0.0,0.0,0.0,0.0,0.0,2730.5,0.0,12000.0,2730.5
8044,0.0,0.0,0.0,0.0,0.0,0.0,2791.0,0.0,12000.0,2791.0
8045,0.0,0.0,0.0,0.0,0.0,0.0,2694.2,0.0,12000.0,2694.2
8046,0.0,0.0,0.0,0.0,0.0,0.0,2771.1,0.0,12000.0,2771.1
8047,0.0,0.0,0.0,0.0,0.0,0.0,2740.6,0.0,12000.0,2740.6
8048,0.0,0.0,0.0,0.0,0.0,0.0,2694.5,0.0,12000.0,2694.5
8049,88.15086,0.0,0.0,0.0,0.0,0.0,2418.2936658,0.0,12000.0,2506.4445258
8050,250.3137,0.0,0.0,0.0,0.0,0.0,2376.295711,0.0,12000.0,2626.6094110000004
8051,704.5311,0.0,0.0,0.0,0.0,0.0,1994.404833,0.0,12000.0,2698.935933
8052,580.5786,0.0,0.0,0.0,0.0,0.0,2115.638758,0.0,12000.0,2696.217358
8053,15.286803,0.0,0.0,0.0,0.0,0.0,2717.17180109,0.0,12000.0,2732.45860409
8054,7.297668,0.0,0.0,0.0,0.0,0.0,2801.62126204,0.0,12000.0,2808.9189300400003
8055,0.0,0.0,0.0,0.0,0.0,0.0,2941.2,0.0,12000.0,2941.2
8056,0.0,0.0,0.0,0.0,0.0,0.0,2819.1,0.0,12000.0,2819.1
8057,0.0,0.0,0.0,0.0,0.0,0.0,2743.6,0.0,12000.0,2743.6
8058,0.0,0.0,0.0,0.0,0.0,0.0,2714.2,0.0,12000.0,2714.2
8059,0.0,0.0,0.0,0.0,0.0,0.0,2687.7,0.0,12000.0,2687.7
8060,0.0,0.0,0.0,0.0,2122.30698739977,0.0,881.926,0.0,9568.94961351687,3004.23298739977
8061,0.0,0.0,0.0,0.0,3115.69301260023,0.0,1.4104929315657e-13,0.0,6000.0,3115.69301260023
8062,0.0,0.0,0.0,0.0,0.0,0.0,2582.1,0.0,6000.0,2582.1
8063,0.0,0.0,0.0,0.0,0.0,0.0,2666.1,0.0,6000.0,2666.1
8064,0.0,0.0,0.0,0.0,0.0,0.0,2662.3,0.0,12000.0,2662.3
8065,0.0,0.0,0.0,0.0,0.0,0.0,2596.3,0.0,12000.0,2596.3
8066,0.0,0.0,0.0,0.0,0.0,0.0,2748.9,0.0,12000.0,2748.9
8067,0.0,0.0,0.0,0.0,0.0,0.0,2786.9,0.0,12000.0,2786.9
8068,0.0,0.0,0.0,0.0,0.0,0.0,2754.8,0.0,12000.0,2754.8
8069,0.0,0.0,0.0,0.0,0.0,0.0,2627.2,0.0,12000.0,2627.2
8070,0.0,0.0,0.0,0.0,0.0,0.0,2766.7,0.0,12000.0,2766.7
8071,0.0,0.0,0.0,0.0,0.0,0.0,2797.8,0.0,12000.0,2797.8
8072,0.0,0.0,0.0,0.0,2522.08226345934,0.0,557.322183999999,0.0,9111.0168803444,3079.4044474593397
8073,77.6328,0.0,0.0,0.0,2715.91773654066,0.0,-4.5197769550958603e-14,0.0,6000.0,2793.55053654066
8074,653.7258,0.0,0.0,0.0,0.0,0.0,2063.385974,0.0,6000.0,2717.111774
8075,646.0041,0.0,0.0,0.0,0.0,0.0,2108.776023,0.0,6000.0,2754.780123
8076,523.4964,0.0,0.0,0.0,0.0,0.0,2213.008492,0.0,6000.0,2736.504892
8077,1340.1948,0.0,0.0,0.0,0.0,0.0,1540.411044,0.0,6000.0,2880.605844
8078,85.63422,0.0,0.0,0.0,0.0,0.0,2758.1348066,0.0,6000.0,2843.7690266
8079,0.0,0.0,0.0,0.0,0.0,0.0,2836.1,0.0,6000.0,2836.1
8080,0.0,0.0,0.0,0.0,0.0,0.0,2748.8,0.0,6000.0,2748.8
8081,0.0,0.0,0.0,0.0,0.0,0.0,2818.0,0.0,6000.0,2818.0
8082,0.0,0.0,0.0,0.0,0.0,0.0,2759.0,0.0,6000.0,2759.0
8083,0.0,0.0,0.0,0.0,0.0,0.0,2793.0,0.0,6000.0,2793.0
8084,0.0,0.0,0.0,0.0,0.0,0.0,2728.1,0.0,6000.0,2728.1
8085,0.0,0.0,0.0,0.0,0.0,0.0,2708.8,0.0,6000.0,2708.8
8086,0.0,0.0,0.0,0.0,0.0,0.0,2669.9,0.0,6000.0,2669.9
8087,0.0,0.0,0.0,0.0,0.0,0.0,2643.0,0.0,6000.0,2643.0
8088,0.0,0.0,0.0,0.0,0.0,0.0,2715.8,0.0,6000.0,2715.8
8089,0.0,0.0,0.0,0.0,0.0,0.0,2672.0,0.0,6000.0,2672.0
8090,0.0,0.0,0.0,0.0,0.0,0.0,2566.1,0.0,6000.0,2566.1
8091,0.0,0.0,0.0,0.0,0.0,0.0,2546.8,0.0,6000.0,2546.8
8092,0.0,0.0,0.0,0.0,0.0,0.0,2707.0,0.0,6000.0,2707.0
8093,0.0,0.0,0.0,0.0,0.0,0.0,2688.9,0.0,6000.0,2688.9
8094,0.0,0.0,0.0,0.0,0.0,0.0,2731.9,0.0,6000.0,2731.9
8095,0.0,0.0,0.0,0.0,0.0,0.0,2668.3,0.0,6000.0,2668.3
8096,0.0,0.0,0.0,0.0,0.0,0.0,2669.4,0.0,6000.0,2669.4
8097,65.61198,0.0,0.0,0.0,0.0,0.0,2622.1563794,0.0,6000.0,2687.7683594
8098,16.487268,0.0,0.0,0.0,0.0,0.0,2656.90735004,0.0,6000.0,2673.39461804
8099,217.1694,0.0,0.0,0.0,0.0,0.0,2497.145682,0.0,6000.0,2714.315082
8100,227.3628,0.0,0.0,0.0,0.0,0.0,2492.358084,0.0,6000.0,2719.720884
8101,14.915334,0.0,0.0,0.0,0.0,0.0,2667.43212602,0.0,6000.0,2682.34746002
8102,0.0,0.0,0.0,0.0,0.0,0.0,2616.7,0.0,6000.0,2616.7
8103,0.0,0.0,0.0,0.0,0.0,0.0,2698.0,0.0,6000.0,2698.0
8104,0.0,0.0,0.0,0.0,0.0,0.0,2668.8,0.0,6000.0,2668.8
8105,0.0,0.0,0.0,0.0,0.0,0.0,2564.9,0.0,6000.0,2564.9
8106,0.0,0.0,0.0,0.0,0.0,0.0,2557.4,0.0,6000.0,2557.4
8107,0.0,0.0,0.0,0.0,0.0,0.0,2687.1,0.0,6000.0,2687.1
8108,0.0,0.0,0.0,0.0,0.0,0.0,2655.8,0.0,6000.0,2655.8
8109,0.0,0.0,0.0,0.0,0.0,0.0,2560.9,0.0,6000.0,2560.9
8110,0.0,0.0,0.0,0.0,0.0,0.0,2606.2,0.0,6000.0,2606.2
8111,0.0,0.0,0.0,0.0,0.0,0.0,2618.6,0.0,6000.0,2618.6
8112,0.0,0.0,0.0,0.0,0.0,0.0,2673.1,0.0,12000.0,2673.1
8113,0.0,0.0,0.0,0.0,0.0,0.0,2825.4,0.0,12000.0,2825.4
8114,0.0,0.0,0.0,0.0,0.0,0.0,2742.0,0.0,12000.0,2742.0
8115,0.0,0.0,0.0,0.0,0.0,0.0,2733.0,0.0,12000.0,2733.0
8116,0.0,0.0,0.0,0.0,0.0,0.0,2625.3,0.0,12000.0,2625.3
8117,0.0,0.0,0.0,0.0,0.0,0.0,2658.5,0.0,12000.0,2658.5
8118,0.0,0.0,0.0,0.0,0.0,0.0,2715.1,0.0,12000.0,2715.1
8119,0.0,0.0,0.0,0.0,0.0,0.0,2712.6,0.0,12000.0,2712.6
8120,0.0,0.0,0.0,0.0,0.0,0.0,2756.3,0.0,12000.0,2756.3
8121,21.07308,0.0,0.0,0.0,0.0,0.0,2677.7591124,0.0,12000.0,2698.8321924
8122,0.0,0.0,0.0,0.0,0.0,0.0,2756.7,0.0,12000.0,2756.7
8123,0.0,0.0,0.0,0.0,0.0,0.0,2717.7,0.0,12000.0,2717.7
8124,47.24181,0.0,0.0,0.0,0.0,0.0,2512.9754443,0.0,12000.0,2560.2172543
8125,285.3417,0.0,0.0,0.0,0.0,0.0,2320.318551,0.0,12000.0,2605.660251
8126,5.236119,0.0,0.0,0.0,0.0,0.0,2600.72096457,0.0,12000.0,2605.95708357
8127,0.0,0.0,0.0,0.0,0.0,0.0,2667.3,0.0,12000.0,2667.3
8128,0.0,0.0,0.0,0.0,0.0,0.0,2681.1,0.0,12000.0,2681.1
8129,0.0,0.0,0.0,0.0,0.0,0.0,2646.8,0.0,12000.0,2646.8
8130,0.0,0.0,0.0,0.0,0.0,0.0,2703.6,0.0,12000.0,2703.6
8131,0.0,0.0,0.0,0.0,0.0,0.0,2477.4,0.0,12000.0,2477.4
8132,0.0,0.0,0.0,0.0,0.0,0.0,2673.4,0.0,12000.0,2673.4
8133,0.0,0.0,0.0,0.0,0.0,0.0,2732.5,0.0,12000.0,2732.5
8134,0.0,0.0,0.0,0.0,0.0,0.0,2632.1,0.0,12000.0,2632.1
8135,0.0,0.0,0.0,0.0,0.0,0.0,2674.8,0.0,12000.0,2674.8
8136,0.0,0.0,0.0,0.0,0.0,0.0,2730.7,0.0,12000.0,2730.7
8137,0.0,0.0,0.0,0.0,0.0,0.0,2691.4,0.0,12000.0,2691.4
8138,0.0,0.0,0.0,0.0,0.0,0.0,2631.7,0.0,12000.0,2631.7
8139,0.0,0.0,0.0,0.0,0.0,0.0,2640.7,0.0,12000.0,2640.7
8140,0.0,0.0,0.0,0.0,0.0,0.0,2574.3,0.0,12000.0,2574.3
8141,0.0,0.0,0.0,0.0,0.0,0.0,2542.6,0.0,12000.0,2542.6
8142,0.0,0.0,0.0,0.0,0.0,0.0,2667.8,0.0,12000.0,2667.8
8143,0.0,0.0,0.0,0.0,0.0,0.0,2602.0,0.0,12000.0,2602.0
8144,0.0,0.0,0.0,0.0,0.0,0.0,2629.5,0.0,12000.0,2629.5
8145,84.55545,0.0,0.0,0.0,0.0,0.0,2527.1812135,0.0,12000.0,2611.7366635
8146,104.97144,0.0,0.0,0.0,0.0,0.0,2511.5777032,0.0,12000.0,2616.5491432
8147,229.2213,0.0,0.0,0.0,2771.15230011455,0.0,79.5393809999995,0.0,8825.71328738311,3079.91298111455
8148,707.9814,0.0,0.0,0.0,2466.84769988545,0.0,1.2112706748520201e-14,0.0,6000.0,3174.82909988545
8149,222.3396,0.0,0.0,0.0,0.0,0.0,2513.030588,0.0,6000.0,2735.370188
8150,36.46398,0.0,0.0,0.0,0.0,0.0,2695.8299394,0.0,6000.0,2732.2939194
8151,0.0,0.0,0.0,0.0,0.0,0.0,2980.2,0.0,6000.0,2980.2
8152,0.0,0.0,0.0,0.0,0.0,0.0,2902.7,0.0,6000.0,2902.7
8153,0.0,0.0,0.0,0.0,0.0,0.0,2952.9,0.0,6000.0,2952.9
8154,0.0,0.0,0.0,0.0,0.0,0.0,2911.9,0.0,6000.0,2911.9
8155,0.0,0.0,0.0,0.0,0.0,0.0,3000.5,0.0,6000.0,3000.5
8156,0.0,0.0,0.0,0.0,0.0,0.0,2890.8,0.0,6000.0,2890.8
8157,0.0,0.0,0.0,0.0,0.0,0.0,2894.5,0.0,6000.0,2894.5
8158,0.0,0.0,0.0,0.0,0.0,0.0,2751.7,0.0,6000.0,2751.7
8159,0.0,0.0,0.0,0.0,0.0,0.0,2909.0,0.0,6000.0,2909.0
8160,0.0,0.0,0.0,0.0,2599.31070206186,0.0,587.901757099999,0.0,9022.55360588562,3187.212459161859
8161,0.0,0.0,0.0,0.0,0.0,0.0,2817.5,0.0,9022.55360588562,2817.5
8162,0.0,0.0,0.0,0.0,0.0,0.0,2769.4,0.0,9022.55360588562,2769.4
8163,0.0,0.0,0.0,0.0,0.0,0.0,2762.0,0.0,9022.55360588562,2762.0
8164,0.0,0.0,0.0,0.0,0.0,0.0,2584.8,0.0,9022.55360588562,2584.8
8165,0.0,0.0,0.0,0.0,0.0,0.0,2389.7,0.0,9022.55360588562,2389.7
8166,0.0,0.0,0.0,0.0,0.0,0.0,2284.9,0.0,9022.55360588562,2284.9
8167,0.0,0.0,0.0,0.0,0.0,0.0,2285.1,0.0,9022.55360588562,2285.1
8168,0.0,0.0,0.0,0.0,0.0,0.0,2290.2,0.0,9022.55360588562,2290.2
8169,42.41475,0.0,0.0,0.0,0.0,0.0,2204.7576925,0.0,9022.55360588562,2247.1724425
8170,81.77757,0.0,0.0,0.0,2638.68929793814,0.0,3.47005789399513e-14,0.0,6000.0,2720.46686793814
8171,160.27158,0.0,0.0,0.0,0.0,0.0,2294.1365674,0.0,6000.0,2454.4081474
8172,4.569978,0.0,0.0,0.0,0.0,0.0,2653.26712134,0.0,6000.0,2657.83709934
8173,3.613701,0.0,0.0,0.0,0.0,0.0,2738.09471003,0.0,6000.0,2741.70841103
8174,6.425517,0.0,0.0,0.0,0.0,0.0,2699.36724851,0.0,6000.0,2705.79276551
8175,0.0,0.0,0.0,0.0,0.0,0.0,2795.1,0.0,6000.0,2795.1
8176,0.0,0.0,0.0,0.0,0.0,0.0,2708.2,0.0,6000.0,2708.2
8177,0.0,0.0,0.0,0.0,0.0,0.0,2851.6,0.0,6000.0,2851.6
8178,0.0,0.0,0.0,0.0,0.0,0.0,2833.2,0.0,6000.0,2833.2
8179,0.0,0.0,0.0,0.0,0.0,0.0,2788.4,0.0,6000.0,2788.4
8180,0.0,0.0,0.0,0.0,0.0,0.0,2854.1,0.0,6000.0,2854.1
8181,0.0,0.0,0.0,0.0,0.0,0.0,2887.4,0.0,6000.0,2887.4
8182,0.0,0.0,0.0,0.0,0.0,0.0,2783.4,0.0,6000.0,2783.4
8183,0.0,0.0,0.0,0.0,0.0,0.0,2882.1,0.0,6000.0,2882.1
8184,0.0,0.0,0.0,0.0,0.0,0.0,2879.9,0.0,6000.0,2879.9
8185,0.0,0.0,0.0,0.0,0.0,0.0,2827.1,0.0,6000.0,2827.1
8186,0.0,0.0,0.0,0.0,0.0,0.0,2844.1,0.0,6000.0,2844.1
8187,0.0,0.0,0.0,0.0,0.0,0.0,2800.6,0.0,6000.0,2800.6
8188,0.0,0.0,0.0,0.0,0.0,0.0,2709.5,0.0,6000.0,2709.5
8189,0.0,0.0,0.0,0.0,0.0,0.0,2634.7,0.0,6000.0,2634.7
8190,0.0,0.0,0.0,0.0,0.0,0.0,2807.7,0.0,6000.0,2807.7
8191,0.0,0.0,0.0,0.0,0.0,0.0,2853.5,0.0,6000.0,2853.5
8192,0.0,0.0,0.0,0.0,0.0,0.0,2788.2,0.0,6000.0,2788.2
8193,1729.0014,0.0,0.0,0.0,0.0,0.0,1126.468642,0.0,6000.0,2855.470042
8194,377.7942,0.0,0.0,0.0,0.0,0.0,2366.939626,0.0,6000.0,2744.733826
8195,2898.65979381443,1436.58020618557,0.0,0.0,0.0,0.0,1.31805494353928e-13,0.0,7184.46038,2898.65979381443
8196,262.9305,0.0,0.0,0.0,0.0,0.0,2456.757415,0.0,7184.46038,2719.687915
8197,2948.96907216495,174.591927835051,0.0,0.0,0.0,0.0,-2.1468096487221802e-14,0.0,7328.4114245,2948.96907216495
8198,861.4137,0.0,0.0,0.0,0.0,0.0,1960.428711,0.0,7328.4114245,2821.842411
8199,0.0,0.0,0.0,0.0,0.0,0.0,2890.1,0.0,7328.4114245,2890.1
8200,0.0,0.0,0.0,0.0,0.0,0.0,2882.2,0.0,7328.4114245,2882.2
8201,0.0,0.0,0.0,0.0,0.0,0.0,2908.5,0.0,7328.4114245,2908.5
8202,0.0,0.0,0.0,0.0,1159.7031735885,0.0,1849.77912945724,0.0,6000.0,3009.48230304574
8203,0.0,0.0,0.0,0.0,0.0,0.0,2822.4,0.0,6000.0,2822.4
8204,0.0,0.0,0.0,0.0,0.0,0.0,2855.2,0.0,6000.0,2855.2
8205,0.0,0.0,0.0,0.0,0.0,0.0,2889.8,0.0,6000.0,2889.8
8206,0.0,0.0,0.0,0.0,0.0,0.0,2798.5,0.0,6000.0,2798.5
8207,0.0,0.0,0.0,0.0,0.0,0.0,2790.2,0.0,6000.0,2790.2
8208,0.0,0.0,0.0,0.0,0.0,0.0,2720.6,0.0,12000.0,2720.6
8209,0.0,0.0,0.0,0.0,0.0,0.0,2704.8,0.0,12000.0,2704.8
8210,0.0,0.0,0.0,0.0,0.0,0.0,2710.8,0.0,12000.0,2710.8
8211,0.0,0.0,0.0,0.0,0.0,0.0,2665.8,0.0,12000.0,2665.8
8212,0.0,0.0,0.0,0.0,0.0,0.0,2757.9,0.0,12000.0,2757.9
8213,0.0,0.0,0.0,0.0,0.0,0.0,2652.8,0.0,12000.0,2652.8
8214,0.0,0.0,0.0,0.0,0.0,0.0,2774.1,0.0,12000.0,2774.1
8215,0.0,0.0,0.0,0.0,0.0,0.0,2726.9,0.0,12000.0,2726.9
8216,0.0,0.0,0.0,0.0,0.0,0.0,2885.6,0.0,12000.0,2885.6
8217,34.12563,0.0,0.0,0.0,0.0,0.0,2733.9981389,0.0,12000.0,2768.1237689
8218,152.60469,0.0,0.0,0.0,0.0,0.0,2612.8734507,0.0,12000.0,2765.4781407
8219,388.8801,0.0,0.0,0.0,0.0,0.0,2485.086303,0.0,12000.0,2873.966403
8220,231.6531,0.0,0.0,0.0,0.0,0.0,2581.796493,0.0,12000.0,2813.449593
8221,203.40411,0.0,0.0,0.0,0.0,0.0,2609.3980133,0.0,12000.0,2812.8021233
8222,98.36757,0.0,0.0,0.0,0.0,0.0,2700.2834571,0.0,12000.0,2798.6510271
8223,0.0,0.0,0.0,0.0,0.0,0.0,2812.9,0.0,12000.0,2812.9
8224,0.0,0.0,0.0,0.0,0.0,0.0,2809.1,0.0,12000.0,2809.1
8225,0.0,0.0,0.0,0.0,0.0,0.0,2814.0,0.0,12000.0,2814.0
8226,0.0,0.0,0.0,0.0,0.0,0.0,2817.6,0.0,12000.0,2817.6
8227,0.0,0.0,0.0,0.0,0.0,0.0,2739.9,0.0,12000.0,2739.9
8228,0.0,0.0,0.0,0.0,0.0,0.0,2778.1,0.0,12000.0,2778.1
8229,0.0,0.0,0.0,0.0,0.0,0.0,2671.9,0.0,12000.0,2671.9
8230,0.0,0.0,0.0,0.0,0.0,0.0,2536.2,0.0,12000.0,2536.2
8231,0.0,0.0,0.0,0.0,0.0,0.0,2709.2,0.0,12000.0,2709.2
8232,0.0,0.0,0.0,0.0,0.0,0.0,2664.2,0.0,12000.0,2664.2
8233,0.0,0.0,0.0,0.0,0.0,0.0,2487.5,0.0,12000.0,2487.5
8234,0.0,0.0,0.0,0.0,0.0,0.0,2560.9,0.0,12000.0,2560.9
8235,0.0,0.0,0.0,0.0,0.0,0.0,2536.1,0.0,12000.0,2536.1
8236,0.0,0.0,0.0,0.0,0.0,0.0,2593.6,0.0,12000.0,2593.6
8237,0.0,0.0,0.0,0.0,0.0,0.0,2420.8,0.0,12000.0,2420.8
8238,0.0,0.0,0.0,0.0,0.0,0.0,2729.2,0.0,12000.0,2729.2
8239,0.0,0.0,0.0,0.0,0.0,0.0,2661.1,0.0,12000.0,2661.1
8240,0.0,0.0,0.0,0.0,0.0,0.0,2652.5,0.0,12000.0,2652.5
8241,74.55504,0.0,0.0,0.0,0.0,0.0,2585.8816112,0.0,12000.0,2660.4366512
8242,67.63491,0.0,0.0,0.0,0.0,0.0,2572.1941373,0.0,12000.0,2639.8290473
8243,0.0,0.0,0.0,0.0,0.0,0.0,2692.4,0.0,12000.0,2692.4
8244,578.3736,0.0,0.0,0.0,0.0,0.0,2043.477608,0.0,12000.0,2621.851208
8245,173.67273,0.0,0.0,0.0,0.0,0.0,2604.1374519,0.0,12000.0,2777.8101819000003
8246,0.0,0.0,0.0,0.0,0.0,0.0,2737.4,0.0,12000.0,2737.4
8247,0.0,0.0,0.0,0.0,0.0,0.0,2730.2,0.0,12000.0,2730.2
8248,0.0,0.0,0.0,0.0,0.0,0.0,2682.5,0.0,12000.0,2682.5
8249,0.0,0.0,0.0,0.0,2254.03665521191,0.0,617.026,0.0,9418.0565232395,2871.0626552119097
8250,0.0,0.0,0.0,0.0,2983.96334478809,0.0,1.0443550618928299e-13,0.0,6000.0,2983.96334478809
8251,0.0,0.0,0.0,0.0,0.0,0.0,2711.6,0.0,6000.0,2711.6
8252,0.0,0.0,0.0,0.0,0.0,0.0,2675.3,0.0,6000.0,2675.3
8253,0.0,0.0,0.0,0.0,0.0,0.0,2774.3,0.0,6000.0,2774.3
8254,0.0,0.0,0.0,0.0,0.0,0.0,2738.8,0.0,6000.0,2738.8
8255,0.0,0.0,0.0,0.0,0.0,0.0,2763.2,0.0,6000.0,2763.2
8256,0.0,0.0,0.0,0.0,0.0,0.0,2808.0,0.0,12000.0,2808.0
8257,0.0,0.0,0.0,0.0,0.0,0.0,2784.1,0.0,12000.0,2784.1
8258,0.0,0.0,0.0,0.0,0.0,0.0,2807.1,0.0,12000.0,2807.1
8259,0.0,0.0,0.0,0.0,0.0,0.0,2736.7,0.0,12000.0,2736.7
8260,0.0,0.0,0.0,0.0,0.0,0.0,2628.0,0.0,12000.0,2628.0
8261,0.0,0.0,0.0,0.0,0.0,0.0,2714.8,0.0,12000.0,2714.8
8262,0.0,0.0,0.0,0.0,0.0,0.0,2755.7,0.0,12000.0,2755.7
8263,0.0,0.0,0.0,0.0,0.0,0.0,2830.6,0.0,12000.0,2830.6
8264,0.0,0.0,0.0,0.0,0.0,0.0,2648.9,0.0,12000.0,2648.9
8265,0.0,0.0,0.0,0.0,0.0,0.0,2745.8,0.0,12000.0,2745.8
8266,89.29977,0.0,0.0,0.0,0.0,0.0,2540.9792231,0.0,12000.0,2630.2789931
8267,0.0,0.0,0.0,0.0,3003.55097365407,0.0,1.36302615369839e-13,0.0,8559.50633029317,3003.55097365407
8268,0.0,0.0,0.0,0.0,2234.44902634593,0.0,645.925999999999,0.0,6000.0,2880.375026345929
8269,44.6901,0.0,0.0,0.0,0.0,0.0,2558.650603,0.0,6000.0,2603.340703
8270,33.40827,0.0,0.0,0.0,0.0,0.0,2625.9939781,0.0,6000.0,2659.4022481
8271,0.0,0.0,0.0,0.0,0.0,0.0,2666.6,0.0,6000.0,2666.6
8272,0.0,0.0,0.0,0.0,0.0,0.0,2625.1,0.0,6000.0,2625.1
8273,0.0,0.0,0.0,0.0,0.0,0.0,2668.8,0.0,6000.0,2668.8
8274,0.0,0.0,0.0,0.0,0.0,0.0,2692.0,0.0,6000.0,2692.0
8275,0.0,0.0,0.0,0.0,0.0,0.0,2748.3,0.0,6000.0,2748.3
8276,0.0,0.0,0.0,0.0,0.0,0.0,2796.3,0.0,6000.0,2796.3
8277,0.0,0.0,0.0,0.0,0.0,0.0,2708.7,0.0,6000.0,2708.7
8278,0.0,0.0,0.0,0.0,0.0,0.0,2768.4,0.0,6000.0,2768.4
8279,0.0,0.0,0.0,0.0,0.0,0.0,2792.4,0.0,6000.0,2792.4
8280,0.0,0.0,0.0,0.0,0.0,0.0,2789.4,0.0,6000.0,2789.4
8281,0.0,0.0,0.0,0.0,0.0,0.0,2856.4,0.0,6000.0,2856.4
8282,0.0,0.0,0.0,0.0,0.0,0.0,2752.9,0.0,6000.0,2752.9
8283,0.0,0.0,0.0,0.0,0.0,0.0,2711.3,0.0,6000.0,2711.3
8284,0.0,0.0,0.0,0.0,0.0,0.0,2778.2,0.0,6000.0,2778.2
8285,0.0,0.0,0.0,0.0,0.0,0.0,2799.3,0.0,6000.0,2799.3
8286,0.0,0.0,0.0,0.0,0.0,0.0,2672.0,0.0,6000.0,2672.0
8287,0.0,0.0,0.0,0.0,0.0,0.0,2675.9,0.0,6000.0,2675.9
8288,0.0,0.0,0.0,0.0,0.0,0.0,2687.9,0.0,6000.0,2687.9
8289,75.82302,0.0,0.0,0.0,0.0,0.0,2626.7516706,0.0,6000.0,2702.5746906
8290,148.62708,0.0,0.0,0.0,0.0,0.0,2590.9317324,0.0,6000.0,2739.5588124
8291,367.8045,0.0,0.0,0.0,0.0,0.0,2335.529635,0.0,6000.0,2703.334135
8292,378.0336,0.0,0.0,0.0,0.0,0.0,2330.207408,0.0,6000.0,2708.241008
8293,156.48066,0.0,0.0,0.0,0.0,0.0,2605.5137598,0.0,6000.0,2761.9944198000003
8294,51.81351,0.0,0.0,0.0,0.0,0.0,2669.0408953,0.0,6000.0,2720.8544053
8295,0.0,0.0,0.0,0.0,0.0,0.0,2735.0,0.0,6000.0,2735.0
8296,0.0,0.0,0.0,0.0,0.0,0.0,2694.8,0.0,6000.0,2694.8
8297,0.0,0.0,0.0,0.0,0.0,0.0,2621.5,0.0,6000.0,2621.5
8298,0.0,0.0,0.0,0.0,0.0,0.0,2631.8,0.0,6000.0,2631.8
8299,0.0,0.0,0.0,0.0,0.0,0.0,2545.7,0.0,6000.0,2545.7
8300,0.0,0.0,0.0,0.0,0.0,0.0,2712.0,0.0,6000.0,2712.0
8301,0.0,0.0,0.0,0.0,0.0,0.0,2712.6,0.0,6000.0,2712.6
8302,0.0,0.0,0.0,0.0,0.0,0.0,2663.7,0.0,6000.0,2663.7
8303,0.0,0.0,0.0,0.0,0.0,0.0,2794.1,0.0,6000.0,2794.1
8304,0.0,0.0,0.0,0.0,0.0,0.0,2908.8,0.0,12000.0,2908.8
8305,0.0,0.0,0.0,0.0,0.0,0.0,2784.0,0.0,12000.0,2784.0
8306,0.0,0.0,0.0,0.0,0.0,0.0,2813.6,0.0,12000.0,2813.6
8307,0.0,0.0,0.0,0.0,0.0,0.0,2786.9,0.0,12000.0,2786.9
8308,0.0,0.0,0.0,0.0,0.0,0.0,2791.3,0.0,12000.0,2791.3
8309,0.0,0.0,0.0,0.0,0.0,0.0,2694.0,0.0,12000.0,2694.0
8310,0.0,0.0,0.0,0.0,0.0,0.0,2860.5,0.0,12000.0,2860.5
8311,0.0,0.0,0.0,0.0,0.0,0.0,2853.7,0.0,12000.0,2853.7
8312,0.0,0.0,0.0,0.0,0.0,0.0,2941.3,0.0,12000.0,2941.3
8313,53.93577,0.0,0.0,0.0,3277.64295887743,0.0,-1.69255466604175e-13,0.0,8245.5407114806,3331.57872887743
8314,48.39366,0.0,0.0,0.0,1960.35704112257,0.0,1133.7664529,0.0,6000.0,3142.51715402257
8315,104.63565,0.0,0.0,0.0,0.0,0.0,2744.6034195,0.0,6000.0,2849.2390695000004
8316,4.860219,0.0,0.0,0.0,0.0,0.0,2837.08558757,0.0,6000.0,2841.94580657
8317,175.94493,0.0,0.0,0.0,0.0,0.0,2572.7334179,0.0,6000.0,2748.6783479
8318,14.056455,0.0,0.0,0.0,0.0,0.0,2703.36523865,0.0,6000.0,2717.42169365
8319,0.0,0.0,0.0,0.0,0.0,0.0,2951.3,0.0,6000.0,2951.3
8320,0.0,0.0,0.0,0.0,0.0,0.0,3080.2,0.0,6000.0,3080.2
8321,0.0,0.0,0.0,0.0,0.0,0.0,2973.5,0.0,6000.0,2973.5
8322,0.0,0.0,0.0,0.0,0.0,0.0,2973.5,0.0,6000.0,2973.5
8323,0.0,0.0,0.0,0.0,0.0,0.0,2859.4,0.0,6000.0,2859.4
8324,0.0,0.0,0.0,0.0,0.0,0.0,2856.4,0.0,6000.0,2856.4
8325,0.0,0.0,0.0,0.0,0.0,0.0,2839.3,0.0,6000.0,2839.3
8326,0.0,0.0,0.0,0.0,0.0,0.0,2737.6,0.0,6000.0,2737.6
8327,0.0,0.0,0.0,0.0,0.0,0.0,2924.1,0.0,6000.0,2924.1
8328,0.0,0.0,0.0,0.0,0.0,0.0,2878.5,0.0,6000.0,2878.5
8329,0.0,0.0,0.0,0.0,0.0,0.0,2779.8,0.0,6000.0,2779.8
8330,0.0,0.0,0.0,0.0,0.0,0.0,2833.5,0.0,6000.0,2833.5
8331,0.0,0.0,0.0,0.0,0.0,0.0,2773.7,0.0,6000.0,2773.7
8332,0.0,0.0,0.0,0.0,0.0,0.0,2748.0,0.0,6000.0,2748.0
8333,0.0,0.0,0.0,0.0,0.0,0.0,2483.2,0.0,6000.0,2483.2
8334,0.0,0.0,0.0,0.0,0.0,0.0,2280.2,0.0,6000.0,2280.2
8335,0.0,0.0,0.0,0.0,0.0,0.0,2340.5,0.0,6000.0,2340.5
8336,0.0,0.0,0.0,0.0,0.0,0.0,2319.4,0.0,6000.0,2319.4
8337,52.81983,0.0,0.0,0.0,0.0,0.0,2164.8647649,0.0,6000.0,2217.6845949
8338,103.35759,0.0,0.0,0.0,0.0,0.0,2147.9431377,0.0,6000.0,2251.3007277
8339,295.1949,0.0,0.0,0.0,0.0,0.0,2030.860947,0.0,6000.0,2326.055847
8340,170.45553,0.0,0.0,0.0,0.0,0.0,2168.0581359,0.0,6000.0,2338.5136659
8341,122.26515,0.0,0.0,0.0,0.0,0.0,2268.9028045,0.0,6000.0,2391.1679545
8342,42.82131,0.0,0.0,0.0,0.0,0.0,2444.4633293,0.0,6000.0,2487.2846393
8343,0.0,0.0,0.0,0.0,0.0,0.0,2600.8,0.0,6000.0,2600.8
8344,0.0,0.0,0.0,0.0,0.0,0.0,2489.1,0.0,6000.0,2489.1
8345,0.0,0.0,0.0,0.0,0.0,0.0,2461.3,0.0,6000.0,2461.3
8346,0.0,0.0,0.0,0.0,0.0,0.0,2437.7,0.0,6000.0,2437.7
8347,0.0,0.0,0.0,0.0,0.0,0.0,2383.7,0.0,6000.0,2383.7
8348,0.0,0.0,0.0,0.0,0.0,0.0,2438.4,0.0,6000.0,2438.4
8349,0.0,0.0,0.0,0.0,0.0,0.0,2579.8,0.0,6000.0,2579.8
8350,0.0,0.0,0.0,0.0,0.0,0.0,2567.9,0.0,6000.0,2567.9
8351,0.0,0.0,0.0,0.0,0.0,0.0,2766.8,0.0,6000.0,2766.8
8352,0.0,0.0,0.0,0.0,0.0,0.0,2717.0,0.0,12000.0,2717.0
8353,0.0,0.0,0.0,0.0,0.0,0.0,2721.0,0.0,12000.0,2721.0
8354,0.0,0.0,0.0,0.0,0.0,0.0,2743.9,0.0,12000.0,2743.9
8355,0.0,0.0,0.0,0.0,0.0,0.0,2667.6,0.0,12000.0,2667.6
8356,0.0,0.0,0.0,0.0,0.0,0.0,2537.5,0.0,12000.0,2537.5
8357,0.0,0.0,0.0,0.0,0.0,0.0,2593.8,0.0,12000.0,2593.8
8358,0.0,0.0,0.0,0.0,3052.57731958763,0.0,-1.33275475420924e-13,0.0,8503.34785843342,3052.57731958763
8359,0.0,0.0,0.0,0.0,2185.42268041237,0.0,732.926,0.0,6000.0,2918.34868041237
8360,0.0,0.0,0.0,0.0,0.0,0.0,2601.0,0.0,6000.0,2601.0
8361,52.04913,0.0,0.0,0.0,0.0,0.0,2648.5123439,0.0,6000.0,2700.5614739
8362,103.89876,0.0,0.0,0.0,0.0,0.0,2658.8182028,0.0,6000.0,2762.7169628
8363,296.3247,0.0,0.0,0.0,0.0,0.0,2401.065041,0.0,6000.0,2697.389741
8364,215.9157,0.0,0.0,0.0,0.0,0.0,2476.861771,0.0,6000.0,2692.777471
8365,133.55937,0.0,0.0,0.0,0.0,0.0,2615.9474111,0.0,6000.0,2749.5067811
8366,43.92276,0.0,0.0,0.0,0.0,0.0,2563.1949228,0.0,6000.0,2607.1176828
8367,0.0,0.0,0.0,0.0,0.0,0.0,2766.1,0.0,6000.0,2766.1
8368,0.0,0.0,0.0,0.0,0.0,0.0,2713.7,0.0,6000.0,2713.7
8369,0.0,0.0,0.0,0.0,0.0,0.0,2851.7,0.0,6000.0,2851.7
8370,0.0,0.0,0.0,0.0,0.0,0.0,2824.7,0.0,6000.0,2824.7
8371,0.0,0.0,0.0,0.0,0.0,0.0,2914.8,0.0,6000.0,2914.8
8372,0.0,0.0,0.0,0.0,0.0,0.0,2864.8,0.0,6000.0,2864.8
8373,0.0,0.0,0.0,0.0,0.0,0.0,2828.0,0.0,6000.0,2828.0
8374,0.0,0.0,0.0,0.0,0.0,0.0,2725.2,0.0,6000.0,2725.2
8375,0.0,0.0,0.0,0.0,0.0,0.0,2820.6,0.0,6000.0,2820.6
8376,0.0,0.0,0.0,0.0,0.0,0.0,2805.9,0.0,6000.0,2805.9
8377,0.0,0.0,0.0,0.0,0.0,0.0,2766.5,0.0,6000.0,2766.5
8378,0.0,0.0,0.0,0.0,0.0,0.0,2869.6,0.0,6000.0,2869.6
8379,0.0,0.0,0.0,0.0,0.0,0.0,2835.1,0.0,6000.0,2835.1
8380,0.0,0.0,0.0,0.0,0.0,0.0,2842.0,0.0,6000.0,2842.0
8381,0.0,0.0,0.0,0.0,0.0,0.0,2766.5,0.0,6000.0,2766.5
8382,0.0,0.0,0.0,0.0,0.0,0.0,2858.6,0.0,6000.0,2858.6
8383,0.0,0.0,0.0,0.0,0.0,0.0,2848.7,0.0,6000.0,2848.7
8384,0.0,0.0,0.0,0.0,0.0,0.0,2971.1,0.0,6000.0,2971.1
8385,49.60305,0.0,0.0,0.0,0.0,0.0,2839.7850415,0.0,6000.0,2889.3880915
8386,103.32567,0.0,0.0,0.0,0.0,0.0,2659.2741001,0.0,6000.0,2762.5997701
8387,16.745694,0.0,0.0,0.0,0.0,0.0,2773.55667682,0.0,6000.0,2790.3023708200003
8388,27.65721,0.0,0.0,0.0,0.0,0.0,2745.4725063,0.0,6000.0,2773.1297163
8389,144.24459,0.0,0.0,0.0,0.0,0.0,2640.8827477,0.0,6000.0,2785.1273377
8390,36.6555,0.0,0.0,0.0,0.0,0.0,2760.644165,0.0,6000.0,2797.299665
8391,0.0,0.0,0.0,0.0,0.0,0.0,2805.2,0.0,6000.0,2805.2
8392,0.0,0.0,0.0,0.0,0.0,0.0,2789.9,0.0,6000.0,2789.9
8393,0.0,0.0,0.0,0.0,0.0,0.0,2854.3,0.0,6000.0,2854.3
8394,0.0,0.0,0.0,0.0,0.0,0.0,2747.9,0.0,6000.0,2747.9
8395,0.0,0.0,0.0,0.0,0.0,0.0,2733.0,0.0,6000.0,2733.0
8396,0.0,0.0,0.0,0.0,0.0,0.0,2784.0,0.0,6000.0,2784.0
8397,0.0,0.0,0.0,0.0,0.0,0.0,2849.8,0.0,6000.0,2849.8
8398,0.0,0.0,0.0,0.0,0.0,0.0,2702.7,0.0,6000.0,2702.7
8399,0.0,0.0,0.0,0.0,0.0,0.0,2769.0,0.0,6000.0,2769.0
8400,0.0,0.0,0.0,0.0,0.0,0.0,2668.4,0.0,12000.0,2668.4
8401,0.0,0.0,0.0,0.0,0.0,0.0,2643.4,0.0,12000.0,2643.4
8402,0.0,0.0,0.0,0.0,0.0,0.0,2681.9,0.0,12000.0,2681.9
8403,0.0,0.0,0.0,0.0,0.0,0.0,2646.4,0.0,12000.0,2646.4
8404,0.0,0.0,0.0,0.0,0.0,0.0,2638.9,0.0,12000.0,2638.9
8405,0.0,0.0,0.0,0.0,0.0,0.0,2541.1,0.0,12000.0,2541.1
8406,0.0,0.0,0.0,0.0,0.0,0.0,2686.7,0.0,12000.0,2686.7
8407,0.0,0.0,0.0,0.0,0.0,0.0,2754.0,0.0,12000.0,2754.0
8408,0.0,0.0,0.0,0.0,0.0,0.0,2765.0,0.0,12000.0,2765.0
8409,99.12315,0.0,0.0,0.0,0.0,0.0,2684.9505445,0.0,12000.0,2784.0736945
8410,169.45782,0.0,0.0,0.0,0.0,0.0,2682.8259146,0.0,12000.0,2852.2837346
8411,17.062941,0.0,0.0,0.0,0.0,0.0,2738.84894723,0.0,12000.0,2755.91188823
8412,16.632819,0.0,0.0,0.0,0.0,0.0,2700.36616557,0.0,12000.0,2716.99898457
8413,176.2026,0.0,0.0,0.0,3088.41177319588,0.0,-4.27170978177644e-14,0.0,8462.30037434608,3264.61437319588
8414,43.09263,0.0,0.0,0.0,2149.58822680412,0.0,900.0096269,0.0,6000.0,3092.69048370412
8415,0.0,0.0,0.0,0.0,0.0,0.0,2851.3,0.0,6000.0,2851.3
8416,0.0,0.0,0.0,0.0,0.0,0.0,2747.6,0.0,6000.0,2747.6
8417,0.0,0.0,0.0,0.0,0.0,0.0,2698.9,0.0,6000.0,2698.9
8418,0.0,0.0,0.0,0.0,0.0,0.0,2705.2,0.0,6000.0,2705.2
8419,0.0,0.0,0.0,0.0,0.0,0.0,2760.4,0.0,6000.0,2760.4
8420,0.0,0.0,0.0,0.0,0.0,0.0,2708.0,0.0,6000.0,2708.0
8421,0.0,0.0,0.0,0.0,0.0,0.0,2813.8,0.0,6000.0,2813.8
8422,0.0,0.0,0.0,0.0,0.0,0.0,2755.7,0.0,6000.0,2755.7
8423,0.0,0.0,0.0,0.0,0.0,0.0,2739.4,0.0,6000.0,2739.4
8424,0.0,0.0,0.0,0.0,0.0,0.0,2761.7,0.0,6000.0,2761.7
8425,0.0,0.0,0.0,0.0,0.0,0.0,2681.7,0.0,6000.0,2681.7
8426,0.0,0.0,0.0,0.0,0.0,0.0,2675.5,0.0,6000.0,2675.5
8427,0.0,0.0,0.0,0.0,0.0,0.0,2643.9,0.0,6000.0,2643.9
8428,0.0,0.0,0.0,0.0,0.0,0.0,2539.1,0.0,6000.0,2539.1
8429,0.0,0.0,0.0,0.0,0.0,0.0,2584.3,0.0,6000.0,2584.3
8430,0.0,0.0,0.0,0.0,0.0,0.0,2615.8,0.0,6000.0,2615.8
8431,0.0,0.0,0.0,0.0,0.0,0.0,2644.2,0.0,6000.0,2644.2
8432,0.0,0.0,0.0,0.0,0.0,0.0,2690.8,0.0,6000.0,2690.8
8433,28.72149,0.0,0.0,0.0,0.0,0.0,2408.2401547,0.0,6000.0,2436.9616447
8434,112.88088,0.0,0.0,0.0,0.0,0.0,2209.4055464,0.0,6000.0,2322.2864264
8435,26.56227,0.0,0.0,0.0,0.0,0.0,2274.2345981,0.0,6000.0,2300.7968681
8436,26.44257,0.0,0.0,0.0,0.0,0.0,2277.5507071,0.0,6000.0,2303.9932771000003
8437,143.13663,0.0,0.0,0.0,0.0,0.0,1987.4574689,0.0,6000.0,2130.5940989
8438,95.30808,0.0,0.0,0.0,0.0,0.0,2084.6511624,0.0,6000.0,2179.9592424
8439,0.0,0.0,0.0,0.0,0.0,0.0,2239.0,0.0,6000.0,2239.0
8440,0.0,0.0,0.0,0.0,0.0,0.0,2346.4,0.0,6000.0,2346.4
8441,0.0,0.0,0.0,0.0,0.0,0.0,2393.2,0.0,6000.0,2393.2
8442,0.0,0.0,0.0,0.0,0.0,0.0,2368.7,0.0,6000.0,2368.7
8443,0.0,0.0,0.0,0.0,0.0,0.0,2464.8,0.0,6000.0,2464.8
8444,0.0,0.0,0.0,0.0,0.0,0.0,2688.8,0.0,6000.0,2688.8
8445,0.0,0.0,0.0,0.0,0.0,0.0,2631.4,0.0,6000.0,2631.4
8446,0.0,0.0,0.0,0.0,0.0,0.0,2557.5,0.0,6000.0,2557.5
8447,0.0,0.0,0.0,0.0,0.0,0.0,2733.6,0.0,6000.0,2733.6
8448,0.0,0.0,0.0,0.0,0.0,0.0,2695.9,0.0,12000.0,2695.9
8449,0.0,0.0,0.0,0.0,0.0,0.0,2704.0,0.0,12000.0,2704.0
8450,0.0,0.0,0.0,0.0,0.0,0.0,2561.6,0.0,12000.0,2561.6
8451,0.0,0.0,0.0,0.0,0.0,0.0,2612.2,0.0,12000.0,2612.2
8452,0.0,0.0,0.0,0.0,0.0,0.0,2597.3,0.0,12000.0,2597.3
8453,0.0,0.0,0.0,0.0,0.0,0.0,2531.3,0.0,12000.0,2531.3
8454,0.0,0.0,0.0,0.0,0.0,0.0,2422.0,0.0,12000.0,2422.0
8455,0.0,0.0,0.0,0.0,0.0,0.0,2471.0,0.0,12000.0,2471.0
8456,0.0,0.0,0.0,0.0,0.0,0.0,2570.7,0.0,12000.0,2570.7
8457,0.0,0.0,0.0,0.0,0.0,0.0,2502.4,0.0,12000.0,2502.4
8458,36.0738,0.0,0.0,0.0,0.0,0.0,2565.508414,0.0,12000.0,2601.582214
8459,202.755,0.0,0.0,0.0,0.0,0.0,2424.02765,0.0,12000.0,2626.78265
8460,180.09033,0.0,0.0,0.0,0.0,0.0,2396.6123799,0.0,12000.0,2576.7027099
8461,109.91421,0.0,0.0,0.0,0.0,0.0,2419.8832163,0.0,12000.0,2529.7974263
8462,76.5849,0.0,0.0,0.0,0.0,0.0,2396.412647,0.0,12000.0,2472.997547
8463,0.0,0.0,0.0,0.0,0.0,0.0,2543.6,0.0,12000.0,2543.6
8464,0.0,0.0,0.0,0.0,0.0,0.0,2541.1,0.0,12000.0,2541.1
8465,0.0,0.0,0.0,0.0,0.0,0.0,2557.8,0.0,12000.0,2557.8
8466,0.0,0.0,0.0,0.0,0.0,0.0,2693.3,0.0,12000.0,2693.3
8467,0.0,0.0,0.0,0.0,0.0,0.0,2575.0,0.0,12000.0,2575.0
8468,0.0,0.0,0.0,0.0,0.0,0.0,2752.9,0.0,12000.0,2752.9
8469,0.0,0.0,0.0,0.0,0.0,0.0,2832.2,0.0,12000.0,2832.2
8470,0.0,0.0,0.0,0.0,0.0,0.0,2777.2,0.0,12000.0,2777.2
8471,0.0,0.0,0.0,0.0,0.0,0.0,2819.4,0.0,12000.0,2819.4
8472,0.0,0.0,0.0,0.0,0.0,0.0,2800.6,0.0,12000.0,2800.6
8473,0.0,0.0,0.0,0.0,0.0,0.0,2755.8,0.0,12000.0,2755.8
8474,0.0,0.0,0.0,0.0,0.0,0.0,2638.9,0.0,12000.0,2638.9
8475,0.0,0.0,0.0,0.0,0.0,0.0,2617.4,0.0,12000.0,2617.4
8476,0.0,0.0,0.0,0.0,0.0,0.0,2602.0,0.0,12000.0,2602.0
8477,0.0,0.0,0.0,0.0,0.0,0.0,2515.6,0.0,12000.0,2515.6
8478,0.0,0.0,0.0,0.0,0.0,0.0,2660.1,0.0,12000.0,2660.1
8479,0.0,0.0,0.0,0.0,0.0,0.0,2744.4,0.0,12000.0,2744.4
8480,0.0,0.0,0.0,0.0,0.0,0.0,2737.9,0.0,12000.0,2737.9
8481,17.85231,0.0,0.0,0.0,0.0,0.0,2793.2832593,0.0,12000.0,2811.1355693
8482,144.71142,0.0,0.0,0.0,0.0,0.0,2603.2299226,0.0,12000.0,2747.9413426
8483,14.836416,0.0,0.0,0.0,0.0,0.0,2804.40867648,0.0,12000.0,2819.24509248
8484,14.837151,0.0,0.0,0.0,0.0,0.0,2701.00796353,0.0,12000.0,2715.84511453
8485,174.91425,0.0,0.0,0.0,0.0,0.0,2572.9331775,0.0,12000.0,2747.8474275
8486,41.95086,0.0,0.0,0.0,0.0,0.0,2608.1076658,0.0,12000.0,2650.0585258
8487,0.0,0.0,0.0,0.0,0.0,0.0,2780.2,0.0,12000.0,2780.2
8488,0.0,0.0,0.0,0.0,0.0,0.0,2773.2,0.0,12000.0,2773.2
8489,0.0,0.0,0.0,0.0,0.0,0.0,2661.7,0.0,12000.0,2661.7
8490,0.0,0.0,0.0,0.0,0.0,0.0,2695.8,0.0,12000.0,2695.8
8491,0.0,0.0,0.0,0.0,0.0,0.0,2694.1,0.0,12000.0,2694.1
8492,0.0,0.0,0.0,0.0,0.0,0.0,2762.9,0.0,12000.0,2762.9
8493,0.0,0.0,0.0,0.0,0.0,0.0,2683.7,0.0,12000.0,2683.7
8494,0.0,0.0,0.0,0.0,2018.98510882016,0.0,933.426,0.0,9687.30228084747,2952.41110882016
8495,0.0,0.0,0.0,0.0,3219.01489117984,0.0,-1.91642231166647e-13,0.0,6000.0,3219.01489117984
8496,0.0,0.0,0.0,0.0,0.0,0.0,2837.8,0.0,12000.0,2837.8
8497,0.0,0.0,0.0,0.0,0.0,0.0,2707.7,0.0,12000.0,2707.7
8498,0.0,0.0,0.0,0.0,0.0,0.0,2711.7,0.0,12000.0,2711.7
8499,0.0,0.0,0.0,0.0,0.0,0.0,2681.5,0.0,12000.0,2681.5
8500,0.0,0.0,0.0,0.0,0.0,0.0,2913.8,0.0,12000.0,2913.8
8501,0.0,0.0,0.0,0.0,0.0,0.0,2622.5,0.0,12000.0,2622.5
8502,0.0,0.0,0.0,0.0,0.0,0.0,2828.6,0.0,12000.0,2828.6
8503,0.0,0.0,0.0,0.0,0.0,0.0,2840.1,0.0,12000.0,2840.1
8504,0.0,0.0,0.0,0.0,0.0,0.0,2815.1,0.0,12000.0,2815.1
8505,79.36026,0.0,0.0,0.0,0.0,0.0,2714.8205478,0.0,12000.0,2794.1808078
8506,101.80527,0.0,0.0,0.0,0.0,0.0,2796.2488881,0.0,12000.0,2898.0541581
8507,15.694434,0.0,0.0,0.0,0.0,0.0,2941.57639902,0.0,12000.0,2957.27083302
8508,15.924426,0.0,0.0,0.0,0.0,0.0,2845.75330678,0.0,12000.0,2861.67773278
8509,143.87499,0.0,0.0,0.0,0.0,0.0,2620.1412597,0.0,12000.0,2764.0162497
8510,57.22353,0.0,0.0,0.0,0.0,0.0,2630.0931759,0.0,12000.0,2687.3167059
8511,0.0,0.0,0.0,0.0,0.0,0.0,2774.5,0.0,12000.0,2774.5
8512,0.0,0.0,0.0,0.0,0.0,0.0,2721.7,0.0,12000.0,2721.7
8513,0.0,0.0,0.0,0.0,3107.67468499427,0.0,1.9060251099211099e-13,0.0,8440.23518328262,3107.67468499427
8514,0.0,0.0,0.0,0.0,2130.32531500573,0.0,918.725999999999,0.0,6000.0,3049.0513150057286
8515,0.0,0.0,0.0,0.0,0.0,0.0,2802.3,0.0,6000.0,2802.3
8516,0.0,0.0,0.0,0.0,0.0,0.0,2851.4,0.0,6000.0,2851.4
8517,0.0,0.0,0.0,0.0,0.0,0.0,2762.0,0.0,6000.0,2762.0
8518,0.0,0.0,0.0,0.0,0.0,0.0,2738.4,0.0,6000.0,2738.4
8519,0.0,0.0,0.0,0.0,0.0,0.0,2825.9,0.0,6000.0,2825.9
8520,0.0,0.0,0.0,0.0,0.0,0.0,2836.3,0.0,6000.0,2836.3
8521,0.0,0.0,0.0,0.0,0.0,0.0,2792.0,0.0,6000.0,2792.0
8522,0.0,0.0,0.0,0.0,0.0,0.0,2790.2,0.0,6000.0,2790.2
8523,0.0,0.0,0.0,0.0,0.0,0.0,2713.6,0.0,6000.0,2713.6
8524,0.0,0.0,0.0,0.0,0.0,0.0,2606.1,0.0,6000.0,2606.1
8525,0.0,0.0,0.0,0.0,0.0,0.0,2493.9,0.0,6000.0,2493.9
8526,0.0,0.0,0.0,0.0,0.0,0.0,2654.4,0.0,6000.0,2654.4
8527,0.0,0.0,0.0,0.0,0.0,0.0,2724.1,0.0,6000.0,2724.1
8528,0.0,0.0,0.0,0.0,0.0,0.0,2630.7,0.0,6000.0,2630.7
8529,0.0,0.0,0.0,0.0,0.0,0.0,2422.2,0.0,6000.0,2422.2
8530,34.88562,0.0,0.0,0.0,0.0,0.0,2650.0609486,0.0,6000.0,2684.9465686
8531,0.0,0.0,0.0,0.0,0.0,0.0,2794.1,0.0,6000.0,2794.1
8532,13.917204,0.0,0.0,0.0,0.0,0.0,2702.70031212,0.0,6000.0,2716.61751612
8533,109.63302,0.0,0.0,0.0,0.0,0.0,2548.3559706,0.0,6000.0,2657.9889906000003
8534,69.18471,0.0,0.0,0.0,0.0,0.0,2561.1908313,0.0,6000.0,2630.3755413
8535,0.0,0.0,0.0,0.0,0.0,0.0,2651.8,0.0,6000.0,2651.8
8536,0.0,0.0,0.0,0.0,0.0,0.0,2620.8,0.0,6000.0,2620.8
8537,0.0,0.0,0.0,0.0,0.0,0.0,2722.5,0.0,6000.0,2722.5
8538,0.0,0.0,0.0,0.0,0.0,0.0,2638.9,0.0,6000.0,2638.9
8539,0.0,0.0,0.0,0.0,0.0,0.0,2748.3,0.0,6000.0,2748.3
8540,0.0,0.0,0.0,0.0,0.0,0.0,2837.5,0.0,6000.0,2837.5
8541,0.0,0.0,0.0,0.0,0.0,0.0,2740.0,0.0,6000.0,2740.0
8542,0.0,0.0,0.0,0.0,0.0,0.0,2610.2,0.0,6000.0,2610.2
8543,0.0,0.0,0.0,0.0,0.0,0.0,2609.5,0.0,6000.0,2609.5
8544,0.0,0.0,0.0,0.0,0.0,0.0,2529.5,0.0,12000.0,2529.5
8545,0.0,0.0,0.0,0.0,0.0,0.0,2398.8,0.0,12000.0,2398.8
8546,0.0,0.0,0.0,0.0,0.0,0.0,2500.6,0.0,12000.0,2500.6
8547,0.0,0.0,0.0,0.0,0.0,0.0,2451.4,0.0,12000.0,2451.4
8548,0.0,0.0,0.0,0.0,0.0,0.0,2360.3,0.0,12000.0,2360.3
8549,0.0,0.0,0.0,0.0,0.0,0.0,2307.2,0.0,12000.0,2307.2
8550,0.0,0.0,0.0,0.0,0.0,0.0,2221.9,0.0,12000.0,2221.9
8551,0.0,0.0,0.0,0.0,0.0,0.0,2200.5,0.0,12000.0,2200.5
8552,0.0,0.0,0.0,0.0,0.0,0.0,2182.4,0.0,12000.0,2182.4
8553,21.83517,0.0,0.0,0.0,0.0,0.0,2184.8198851,0.0,12000.0,2206.6550551
8554,77.97846,0.0,0.0,0.0,0.0,0.0,2138.4608938,0.0,12000.0,2216.4393538
8555,369.7722,0.0,0.0,0.0,0.0,0.0,1822.620966,0.0,12000.0,2192.393166
8556,135.01866,0.0,0.0,0.0,0.0,0.0,2080.0318998,0.0,12000.0,2215.0505598
8557,163.42116,0.0,0.0,0.0,0.0,0.0,2026.8814748,0.0,12000.0,2190.3026348
8558,61.82022,0.0,0.0,0.0,2378.04626185567,0.0,5.5610709391828e-14,0.0,9276.00657290301,2439.86648185567
8559,0.0,0.0,0.0,0.0,2410.08018327606,0.0,1.34793652121481e-13,0.0,6515.31907774143,2410.08018327606
8560,0.0,0.0,0.0,0.0,0.0,0.0,2003.3,0.0,6515.31907774143,2003.3
8561,0.0,0.0,0.0,0.0,449.873554868271,0.0,1741.7603866,0.0,6000.0,2191.633941468271
8562,0.0,0.0,0.0,0.0,0.0,0.0,2127.8,0.0,6000.0,2127.8
8563,0.0,0.0,0.0,0.0,0.0,0.0,2131.7,0.0,6000.0,2131.7
8564,0.0,0.0,0.0,0.0,0.0,0.0,2158.5,0.0,6000.0,2158.5
8565,0.0,0.0,0.0,0.0,0.0,0.0,2177.8,0.0,6000.0,2177.8
8566,0.0,0.0,0.0,0.0,0.0,0.0,2138.0,0.0,6000.0,2138.0
8567,0.0,0.0,0.0,0.0,0.0,0.0,2148.9,0.0,6000.0,2148.9
8568,0.0,0.0,0.0,0.0,0.0,0.0,2125.3,0.0,6000.0,2125.3
8569,0.0,0.0,0.0,0.0,0.0,0.0,2092.4,0.0,6000.0,2092.4
8570,0.0,0.0,0.0,0.0,0.0,0.0,2077.5,0.0,6000.0,2077.5
8571,0.0,0.0,0.0,0.0,0.0,0.0,2137.2,0.0,6000.0,2137.2
8572,0.0,0.0,0.0,0.0,0.0,0.0,2031.5,0.0,6000.0,2031.5
8573,0.0,0.0,0.0,0.0,0.0,0.0,2043.9,0.0,6000.0,2043.9
8574,0.0,0.0,0.0,0.0,0.0,0.0,2096.2,0.0,6000.0,2096.2
8575,0.0,0.0,0.0,0.0,0.0,0.0,2113.9,0.0,6000.0,2113.9
8576,0.0,0.0,0.0,0.0,0.0,0.0,2104.1,0.0,6000.0,2104.1
8577,42.67515,0.0,0.0,0.0,0.0,0.0,2076.8051045,0.0,6000.0,2119.4802545
8578,131.45916,0.0,0.0,0.0,0.0,0.0,1980.7846148,0.0,6000.0,2112.2437748
8579,222.7911,0.0,0.0,0.0,0.0,0.0,1887.792633,0.0,6000.0,2110.583733
8580,156.01446,0.0,0.0,0.0,0.0,0.0,1937.5659738,0.0,6000.0,2093.5804338
8581,194.77605,0.0,0.0,0.0,0.0,0.0,1957.1672315,0.0,6000.0,2151.9432815
8582,46.48518,0.0,0.0,0.0,0.0,0.0,2048.0093754,0.0,6000.0,2094.4945554
8583,0.0,0.0,0.0,0.0,0.0,0.0,2099.7,0.0,6000.0,2099.7
8584,0.0,0.0,0.0,0.0,0.0,0.0,2106.7,0.0,6000.0,2106.7
8585,0.0,0.0,0.0,0.0,0.0,0.0,2103.2,0.0,6000.0,2103.2
8586,0.0,0.0,0.0,0.0,0.0,0.0,2249.5,0.0,6000.0,2249.5
8587,0.0,0.0,0.0,0.0,0.0,0.0,2334.3,0.0,6000.0,2334.3
8588,0.0,0.0,0.0,0.0,0.0,0.0,2329.7,0.0,6000.0,2329.7
8589,0.0,0.0,0.0,0.0,0.0,0.0,2379.7,0.0,6000.0,2379.7
8590,0.0,0.0,0.0,0.0,0.0,0.0,2362.8,0.0,6000.0,2362.8
8591,0.0,0.0,0.0,0.0,0.0,0.0,2307.8,0.0,6000.0,2307.8
8592,0.0,0.0,0.0,0.0,0.0,0.0,2446.2,0.0,12000.0,2446.2
8593,0.0,0.0,0.0,0.0,0.0,0.0,2459.6,0.0,12000.0,2459.6
8594,0.0,0.0,0.0,0.0,0.0,0.0,2427.4,0.0,12000.0,2427.4
8595,0.0,0.0,0.0,0.0,0.0,0.0,2436.1,0.0,12000.0,2436.1
8596,0.0,0.0,0.0,0.0,0.0,0.0,2406.2,0.0,12000.0,2406.2
8597,0.0,0.0,0.0,0.0,0.0,0.0,2458.1,0.0,12000.0,2458.1
8598,0.0,0.0,0.0,0.0,0.0,0.0,2558.8,0.0,12000.0,2558.8
8599,0.0,0.0,0.0,0.0,0.0,0.0,2618.5,0.0,12000.0,2618.5
8600,0.0,0.0,0.0,0.0,0.0,0.0,2612.1,0.0,12000.0,2612.1
8601,14.008323,0.0,0.0,0.0,0.0,0.0,2629.01192669,0.0,12000.0,2643.02024969
8602,23.72202,0.0,0.0,0.0,0.0,0.0,2656.3896406,0.0,12000.0,2680.1116606
8603,35.2905,0.0,0.0,0.0,0.0,0.0,2625.168215,0.0,12000.0,2660.458715
8604,1275.0549,0.0,0.0,0.0,0.0,0.0,1454.396747,0.0,12000.0,2729.451647
8605,216.8838,0.0,0.0,0.0,0.0,0.0,2457.222714,0.0,12000.0,2674.106514
8606,0.0,0.0,0.0,0.0,0.0,0.0,2612.8,0.0,12000.0,2612.8
8607,0.0,0.0,0.0,0.0,0.0,0.0,2628.2,0.0,12000.0,2628.2
8608,0.0,0.0,0.0,0.0,0.0,0.0,2628.6,0.0,12000.0,2628.6
8609,0.0,0.0,0.0,0.0,0.0,0.0,2564.2,0.0,12000.0,2564.2
8610,0.0,0.0,0.0,0.0,0.0,0.0,2555.0,0.0,12000.0,2555.0
8611,0.0,0.0,0.0,0.0,0.0,0.0,2572.3,0.0,12000.0,2572.3
8612,0.0,0.0,0.0,0.0,0.0,0.0,2463.8,0.0,12000.0,2463.8
8613,0.0,0.0,0.0,0.0,0.0,0.0,2399.9,0.0,12000.0,2399.9
8614,0.0,0.0,0.0,0.0,0.0,0.0,2564.6,0.0,12000.0,2564.6
8615,0.0,0.0,0.0,0.0,0.0,0.0,2542.5,0.0,12000.0,2542.5
8616,0.0,0.0,0.0,0.0,0.0,0.0,2596.9,0.0,12000.0,2596.9
8617,0.0,0.0,0.0,0.0,0.0,0.0,2593.3,0.0,12000.0,2593.3
8618,0.0,0.0,0.0,0.0,0.0,0.0,2585.0,0.0,12000.0,2585.0
8619,0.0,0.0,0.0,0.0,0.0,0.0,2584.6,0.0,12000.0,2584.6
8620,0.0,0.0,0.0,0.0,0.0,0.0,2521.8,0.0,12000.0,2521.8
8621,0.0,0.0,0.0,0.0,0.0,0.0,2442.3,0.0,12000.0,2442.3
8622,0.0,0.0,0.0,0.0,0.0,0.0,2345.3,0.0,12000.0,2345.3
8623,0.0,0.0,0.0,0.0,0.0,0.0,2221.4,0.0,12000.0,2221.4
8624,0.0,0.0,0.0,0.0,0.0,0.0,2235.1,0.0,12000.0,2235.1
8625,4.677372,0.0,0.0,0.0,0.0,0.0,2199.46294916,0.0,12000.0,2204.14032116
8626,153.14859,0.0,0.0,0.0,483.0670860252,0.0,1704.0283016,0.0,11446.6585497993,2340.2439776252004
8627,323.316,0.0,0.0,0.0,2266.1895532646,0.0,-1.19665718128799e-13,0.0,8850.79422761763,2589.5055532646
8628,23.63613,0.0,0.0,0.0,2488.7433607102,0.0,-1.80661275520481e-13,0.0,6000.0,2512.3794907102
8629,173.90058,0.0,0.0,0.0,0.0,0.0,2136.7164374,0.0,6000.0,2310.6170174
8630,0.0,0.0,0.0,0.0,0.0,0.0,2227.9,0.0,6000.0,2227.9
8631,0.0,0.0,0.0,0.0,0.0,0.0,2201.9,0.0,6000.0,2201.9
8632,0.0,0.0,0.0,0.0,0.0,0.0,2308.6,0.0,6000.0,2308.6
8633,0.0,0.0,0.0,0.0,0.0,0.0,2289.4,0.0,6000.0,2289.4
8634,0.0,0.0,0.0,0.0,0.0,0.0,2311.2,0.0,6000.0,2311.2
8635,0.0,0.0,0.0,0.0,0.0,0.0,2243.2,0.0,6000.0,2243.2
8636,0.0,0.0,0.0,0.0,0.0,0.0,2256.7,0.0,6000.0,2256.7
8637,0.0,0.0,0.0,0.0,0.0,0.0,2355.8,0.0,6000.0,2355.8
8638,0.0,0.0,0.0,0.0,0.0,0.0,2294.3,0.0,6000.0,2294.3
8639,0.0,0.0,0.0,0.0,0.0,0.0,2316.7,0.0,6000.0,2316.7
8640,0.0,0.0,0.0,0.0,0.0,0.0,2305.8,0.0,12000.0,2305.8
8641,0.0,0.0,0.0,0.0,0.0,0.0,2281.8,0.0,12000.0,2281.8
8642,0.0,0.0,0.0,0.0,0.0,0.0,2229.2,0.0,12000.0,2229.2
8643,0.0,0.0,0.0,0.0,0.0,0.0,2238.6,0.0,12000.0,2238.6
8644,0.0,0.0,0.0,0.0,0.0,0.0,2310.5,0.0,12000.0,2310.5
8645,0.0,0.0,0.0,0.0,0.0,0.0,2209.3,0.0,12000.0,2209.3
8646,0.0,0.0,0.0,0.0,0.0,0.0,2273.5,0.0,12000.0,2273.5
8647,0.0,0.0,0.0,0.0,0.0,0.0,2335.2,0.0,12000.0,2335.2
8648,0.0,0.0,0.0,0.0,0.0,0.0,2478.6,0.0,12000.0,2478.6
8649,20.371029,0.0,0.0,0.0,0.0,0.0,2345.14010187,0.0,12000.0,2365.51113087
8650,306.6924,0.0,0.0,0.0,0.0,0.0,2036.608372,0.0,12000.0,2343.300772
8651,301.1925,0.0,0.0,0.0,0.0,0.0,2082.343275,0.0,12000.0,2383.5357750000003
8652,134.56401,0.0,0.0,0.0,0.0,0.0,2130.9729103,0.0,12000.0,2265.5369203
8653,993.9783,0.0,0.0,0.0,0.0,0.0,1229.941049,0.0,12000.0,2223.919349
8654,161.49966,0.0,0.0,0.0,0.0,0.0,1990.6453298,0.0,12000.0,2152.1449898
8655,0.0,0.0,0.0,0.0,0.0,0.0,2316.1,0.0,12000.0,2316.1
8656,0.0,0.0,0.0,0.0,0.0,0.0,2393.6,0.0,12000.0,2393.6
8657,0.0,0.0,0.0,0.0,0.0,0.0,2368.8,0.0,12000.0,2368.8
8658,0.0,0.0,0.0,0.0,0.0,0.0,2340.7,0.0,12000.0,2340.7
8659,0.0,0.0,0.0,0.0,0.0,0.0,2286.3,0.0,12000.0,2286.3
8660,0.0,0.0,0.0,0.0,0.0,0.0,2363.7,0.0,12000.0,2363.7
8661,0.0,0.0,0.0,0.0,0.0,0.0,2366.3,0.0,12000.0,2366.3
8662,0.0,0.0,0.0,0.0,0.0,0.0,2369.5,0.0,12000.0,2369.5
8663,0.0,0.0,0.0,0.0,0.0,0.0,2430.0,0.0,12000.0,2430.0
8664,0.0,0.0,0.0,0.0,0.0,0.0,2465.6,0.0,12000.0,2465.6
8665,0.0,0.0,0.0,0.0,0.0,0.0,2274.7,0.0,12000.0,2274.7
8666,0.0,0.0,0.0,0.0,0.0,0.0,2657.3,0.0,12000.0,2657.3
8667,0.0,0.0,0.0,0.0,0.0,0.0,2685.6,0.0,12000.0,2685.6
8668,0.0,0.0,0.0,0.0,0.0,0.0,2612.4,0.0,12000.0,2612.4
8669,0.0,0.0,0.0,0.0,0.0,0.0,2576.6,0.0,12000.0,2576.6
8670,0.0,0.0,0.0,0.0,0.0,0.0,2750.6,0.0,12000.0,2750.6
8671,0.0,0.0,0.0,0.0,0.0,0.0,2828.5,0.0,12000.0,2828.5
8672,0.0,0.0,0.0,0.0,0.0,0.0,2674.5,0.0,12000.0,2674.5
8673,40.37187,0.0,0.0,0.0,0.0,0.0,2709.7392861,0.0,12000.0,2750.1111561
8674,124.93677,0.0,0.0,0.0,0.0,0.0,2690.8113331,0.0,12000.0,2815.7481031
8675,364.3962,0.0,0.0,0.0,0.0,0.0,2431.935686,0.0,12000.0,2796.331886
8676,182.16345,0.0,0.0,0.0,0.0,0.0,2596.9014535,0.0,12000.0,2779.0649035
8677,102.13581,0.0,0.0,0.0,0.0,0.0,2708.3282643,0.0,12000.0,2810.4640743
8678,65.01768,0.0,0.0,0.0,0.0,0.0,2710.1328504,0.0,12000.0,2775.1505304
8679,0.0,0.0,0.0,0.0,0.0,0.0,2778.7,0.0,12000.0,2778.7
8680,0.0,0.0,0.0,0.0,0.0,0.0,2823.7,0.0,12000.0,2823.7
8681,0.0,0.0,0.0,0.0,0.0,0.0,2848.4,0.0,12000.0,2848.4
8682,0.0,0.0,0.0,0.0,0.0,0.0,2815.1,0.0,12000.0,2815.1
8683,0.0,0.0,0.0,0.0,3118.90034364261,0.0,-7.2221517044748e-14,0.0,8427.37646776333,3118.90034364261
8684,0.0,0.0,0.0,0.0,0.0,0.0,2734.3,0.0,8427.37646776333,2734.3
8685,0.0,0.0,0.0,0.0,0.0,0.0,2688.4,0.0,8427.37646776333,2688.4
8686,0.0,0.0,0.0,0.0,2119.09965635739,0.0,854.526,0.0,6000.0,2973.6256563573897
8687,0.0,0.0,0.0,0.0,0.0,0.0,2667.0,0.0,6000.0,2667.0
8688,0.0,0.0,0.0,0.0,0.0,0.0,2603.1,0.0,12000.0,2603.1
8689,0.0,0.0,0.0,0.0,0.0,0.0,2629.3,0.0,12000.0,2629.3
8690,0.0,0.0,0.0,0.0,0.0,0.0,2608.9,0.0,12000.0,2608.9
8691,0.0,0.0,0.0,0.0,0.0,0.0,2543.0,0.0,12000.0,2543.0
8692,0.0,0.0,0.0,0.0,0.0,0.0,2512.3,0.0,12000.0,2512.3
8693,0.0,0.0,0.0,0.0,0.0,0.0,2468.3,0.0,12000.0,2468.3
8694,0.0,0.0,0.0,0.0,0.0,0.0,2655.3,0.0,12000.0,2655.3
8695,0.0,0.0,0.0,0.0,0.0,0.0,2692.8,0.0,12000.0,2692.8
8696,0.0,0.0,0.0,0.0,0.0,0.0,2700.9,0.0,12000.0,2700.9
8697,16.04673,0.0,0.0,0.0,0.0,0.0,2642.7346719,0.0,12000.0,2658.7814019
8698,35.89425,0.0,0.0,0.0,0.0,0.0,2725.6825775,0.0,12000.0,2761.5768275
8699,0.0,0.0,0.0,0.0,0.0,0.0,2814.4,0.0,12000.0,2814.4
8700,507.57,0.0,0.0,0.0,0.0,0.0,2200.0571,0.0,12000.0,2707.6271
8701,132.58455,0.0,0.0,0.0,0.0,0.0,2579.2929865,0.0,12000.0,2711.8775365
8702,62.25198,0.0,0.0,0.0,0.0,0.0,2618.5155794,0.0,12000.0,2680.7675594
8703,0.0,0.0,0.0,0.0,0.0,0.0,2796.3,0.0,12000.0,2796.3
8704,0.0,0.0,0.0,0.0,0.0,0.0,2779.5,0.0,12000.0,2779.5
8705,0.0,0.0,0.0,0.0,0.0,0.0,2797.4,0.0,12000.0,2797.4
8706,0.0,0.0,0.0,0.0,3251.20274914089,0.0,1.0263648197852999e-13,0.0,8275.82732057172,3251.20274914089
8707,0.0,0.0,0.0,0.0,1986.79725085911,0.0,1073.426,0.0,6000.0,3060.2232508591096
8708,0.0,0.0,0.0,0.0,0.0,0.0,2878.5,0.0,6000.0,2878.5
8709,0.0,0.0,0.0,0.0,0.0,0.0,2746.4,0.0,6000.0,2746.4
8710,0.0,0.0,0.0,0.0,0.0,0.0,2638.3,0.0,6000.0,2638.3
8711,0.0,0.0,0.0,0.0,0.0,0.0,2658.1,0.0,6000.0,2658.1
8712,0.0,0.0,0.0,0.0,0.0,0.0,2587.6,0.0,6000.0,2587.6
8713,0.0,0.0,0.0,0.0,0.0,0.0,2575.5,0.0,6000.0,2575.5
8714,0.0,0.0,0.0,0.0,0.0,0.0,2598.5,0.0,6000.0,2598.5
8715,0.0,0.0,0.0,0.0,0.0,0.0,2535.9,0.0,6000.0,2535.9
8716,0.0,0.0,0.0,0.0,0.0,0.0,2512.2,0.0,6000.0,2512.2
8717,0.0,0.0,0.0,0.0,0.0,0.0,2487.3,0.0,6000.0,2487.3
8718,0.0,0.0,0.0,0.0,0.0,0.0,2676.4,0.0,6000.0,2676.4
8719,0.0,0.0,0.0,0.0,0.0,0.0,2627.2,0.0,6000.0,2627.2
8720,0.0,0.0,0.0,0.0,0.0,0.0,2691.6,0.0,6000.0,2691.6
8721,23.47506,0.0,0.0,0.0,0.0,0.0,2674.0291918,0.0,6000.0,2697.5042518
8722,78.8445,0.0,0.0,0.0,0.0,0.0,2663.220835,0.0,6000.0,2742.065335
8723,69.41382,0.0,0.0,0.0,0.0,0.0,2680.2685946,0.0,6000.0,2749.6824146000004
8724,213.2361,0.0,0.0,0.0,0.0,0.0,2513.760983,0.0,6000.0,2726.997083
8725,110.60007,0.0,0.0,0.0,0.0,0.0,2517.3179321,0.0,6000.0,2627.9180021
8726,33.22494,0.0,0.0,0.0,0.0,0.0,2704.4718082,0.0,6000.0,2737.6967482
8727,0.0,0.0,0.0,0.0,0.0,0.0,2724.9,0.0,6000.0,2724.9
8728,0.0,0.0,0.0,0.0,0.0,0.0,2703.0,0.0,6000.0,2703.0
8729,0.0,0.0,0.0,0.0,0.0,0.0,2756.8,0.0,6000.0,2756.8
8730,0.0,0.0,0.0,0.0,0.0,0.0,2675.2,0.0,6000.0,2675.2
8731,0.0,0.0,0.0,0.0,0.0,0.0,2510.7,0.0,6000.0,2510.7
8732,0.0,0.0,0.0,0.0,0.0,0.0,2496.7,0.0,6000.0,2496.7
8733,0.0,0.0,0.0,0.0,0.0,0.0,2575.0,0.0,6000.0,2575.0
8734,0.0,0.0,0.0,0.0,0.0,0.0,2427.5,0.0,6000.0,2427.5
8735,0.0,0.0,0.0,0.0,0.0,0.0,2349.6,0.0,6000.0,2349.6
