Hour,P_PV_to_Load,P_PV_to_BESS,P_PV_curtailment,P_PV_to_Grid,P_BESS_to_Load,P_BESS_to_Grid,P_Grid_to_Load,P_Grid_to_BESS,SoC,sum_power_flows
0,0.0,0.0,0.0,0.0,0.0,0.0,1020.0,0.0,36000.0,1020.0
1,0.0,0.0,0.0,0.0,0.0,0.0,1008.0,0.0,36000.0,1008.0
2,0.0,0.0,0.0,0.0,0.0,0.0,1086.0,0.0,36000.0,1086.0
3,0.0,0.0,0.0,0.0,0.0,0.0,1128.0,0.0,36000.0,1128.0
4,0.0,0.0,0.0,0.0,0.0,0.0,1032.0,0.0,36000.0,1032.0
5,0.0,0.0,0.0,0.0,0.0,0.0,1014.0,0.0,36000.0,1014.0
6,0.0,0.0,0.0,0.0,0.0,0.0,1008.0,0.0,36000.0,1008.0
7,0.0,0.0,0.0,0.0,0.0,0.0,1044.0,0.0,36000.0,1044.0
8,0.0,0.0,0.0,0.0,0.0,0.0,1104.0,0.0,36000.0,1104.0
9,0.0,0.0,0.0,0.0,0.0,0.0,1056.0,0.0,36000.0,1056.0
10,46.9011,0.0,0.0,0.0,0.0,0.0,1004.505933,0.0,36000.0,1051.407033
11,0.0,0.0,0.0,0.0,0.0,0.0,1050.0,0.0,36000.0,1050.0
12,64.9149,0.0,0.0,0.0,0.0,0.0,1035.032547,0.0,36000.0,1099.947447
13,109.8501,0.0,0.0,0.0,0.0,0.0,1003.445403,0.0,36000.0,1113.295503
14,35.7846,0.0,0.0,0.0,0.0,0.0,1063.288938,0.0,36000.0,1099.073538
15,0.0,0.0,0.0,0.0,1292.09621993127,0.0,3.98118804055714e-14,0.0,34519.9356014533,1292.09621993127
16,0.0,0.0,0.0,0.0,1367.69759450172,0.0,2.6303754897763802e-14,0.0,32953.2716902257,1367.69759450172
17,0.0,0.0,0.0,0.0,1326.46048109966,0.0,-2.41858003651235e-15,0.0,31433.843876824,1326.46048109966
18,0.0,0.0,0.0,0.0,1567.01030927835,0.0,9.89626341927845e-14,0.0,29638.8721594376,1567.01030927835
19,0.0,0.0,0.0,0.0,1656.35738831615,0.0,2.8862880775755e-14,0.0,27741.5555634282,1656.35738831615
20,0.0,0.0,0.0,0.0,0.0,0.0,1446.0,0.0,27741.5555634282,1446.0
21,0.0,0.0,0.0,0.0,0.0,0.0,1464.0,0.0,27741.5555634282,1464.0
22,0.0,0.0,0.0,0.0,0.0,0.0,1524.0,0.0,27741.5555634282,1524.0
23,0.0,0.0,0.0,0.0,0.0,0.0,1488.0,0.0,27741.5555634282,1488.0
24,0.0,0.0,0.0,0.0,0.0,0.0,1536.0,0.0,27741.5555634282,1536.0
25,0.0,0.0,0.0,0.0,0.0,0.0,1548.0,0.0,27741.5555634282,1548.0
26,0.0,0.0,0.0,0.0,0.0,0.0,1518.0,0.0,27741.5555634282,1518.0
27,0.0,0.0,0.0,0.0,0.0,0.0,1584.0,0.0,27741.5555634282,1584.0
28,0.0,0.0,0.0,0.0,0.0,0.0,1578.0,0.0,27741.5555634282,1578.0
29,0.0,0.0,0.0,0.0,0.0,0.0,1572.0,0.0,27741.5555634282,1572.0
30,0.0,0.0,0.0,0.0,0.0,0.0,1692.0,0.0,27741.5555634282,1692.0
31,0.0,0.0,0.0,0.0,0.0,0.0,1806.0,0.0,27741.5555634282,1806.0
32,0.0,0.0,0.0,0.0,2027.49140893471,0.0,8.88666765222984e-14,0.0,25419.1140869853,2027.49140893471
33,65.3319,0.0,0.0,0.0,918.679127147768,0.0,904.621178999998,0.0,24366.7897718103,1888.632206147766
34,179.6919,0.0,0.0,0.0,1800.34233333333,0.0,-5.27358737419566e-14,0.0,22304.5419673047,1980.03423333333
35,651.684,0.0,0.0,0.0,1248.41525773196,0.0,7.81604385795233e-14,0.0,20874.5130351948,1900.09925773196
36,473.457,0.0,0.0,0.0,1460.19096219931,0.0,-6.85741402111985e-14,0.0,19201.9002491704,1933.6479621993096
37,101.0181,0.0,0.0,0.0,1819.0291443299,0.0,-9.04693361233573e-15,0.0,17118.2471628819,1920.0472443299
38,104.4864,0.0,0.0,0.0,1883.904,0.0,-8.37376319395844e-14,0.0,14960.281527143,1988.3904
39,0.0,0.0,0.0,0.0,1972.50859106529,0.0,-8.17612491646974e-14,0.0,12700.821514468,1972.50859106529
40,0.0,0.0,0.0,0.0,2048.10996563574,0.0,1.0322784398943599e-13,0.0,10354.7619891121,2048.10996563574
41,0.0,0.0,0.0,0.0,2048.10996563574,0.0,1.0322784398943599e-13,0.0,8008.70246375614,2048.10996563574
42,0.0,0.0,0.0,0.0,1951.89003436426,0.0,-9.612241663183551e-14,0.0,5772.8604999941,1951.89003436426
43,0.0,0.0,0.0,0.0,1896.90721649485,0.0,-6.82531236568898e-14,0.0,3600.0,1896.90721649485
44,0.0,0.0,0.0,0.0,0.0,0.0,1710.0,0.0,3600.0,1710.0
45,0.0,0.0,0.0,0.0,0.0,0.0,1674.0,0.0,3600.0,1674.0
46,0.0,0.0,0.0,0.0,0.0,0.0,1626.0,0.0,3600.0,1626.0
47,0.0,0.0,0.0,0.0,0.0,0.0,1620.0,0.0,3600.0,1620.0
48,0.0,0.0,0.0,0.0,0.0,0.0,1590.0,0.0,7200.0,1590.0
49,0.0,0.0,0.0,0.0,0.0,0.0,1578.0,0.0,7200.0,1578.0
50,0.0,0.0,0.0,0.0,0.0,0.0,1578.0,1206.31962366704,8194.61052971347,1578.0
51,0.0,0.0,0.0,0.0,0.0,0.0,1596.0,12000.0,18088.6105297135,1596.0
52,0.0,0.0,0.0,0.0,0.0,0.0,1578.0,12000.0,27982.6105297135,1578.0
53,0.0,0.0,0.0,0.0,0.0,0.0,1602.0,12000.0,37876.6105297135,1602.0
54,0.0,0.0,0.0,0.0,0.0,0.0,1542.0,0.0,37876.6105297135,1542.0
55,0.0,0.0,0.0,0.0,0.0,0.0,1644.0,0.0,37876.6105297135,1644.0
56,0.0,0.0,0.0,0.0,0.0,0.0,1842.0,0.0,37876.6105297135,1842.0
57,9.95463,0.0,0.0,0.0,0.0,0.0,1784.3440089,0.0,37876.6105297135,1794.2986389
58,227.5713,0.0,0.0,0.0,0.0,0.0,1573.255839,0.0,37876.6105297135,1800.827139
59,710.592,0.0,0.0,0.0,0.0,0.0,1170.72576,0.0,37876.6105297135,1881.31776
60,589.941,0.0,0.0,0.0,0.0,0.0,1257.75723,0.0,37876.6105297135,1847.69823
61,132.4473,0.0,0.0,0.0,0.0,0.0,1701.526119,0.0,37876.6105297135,1833.973419
62,59.3799,0.0,0.0,0.0,0.0,0.0,1832.401497,0.0,37876.6105297135,1891.781397
63,0.0,0.0,0.0,0.0,0.0,0.0,1830.0,0.0,37876.6105297135,1830.0
64,0.0,0.0,0.0,0.0,0.0,0.0,1878.0,0.0,37876.6105297135,1878.0
65,0.0,0.0,0.0,0.0,0.0,0.0,1878.0,0.0,37876.6105297135,1878.0
66,0.0,0.0,0.0,0.0,0.0,0.0,1944.0,0.0,37876.6105297135,1944.0
67,0.0,0.0,0.0,0.0,0.0,0.0,1878.0,0.0,37876.6105297135,1878.0
68,0.0,0.0,0.0,0.0,0.0,0.0,1992.0,0.0,37876.6105297135,1992.0
69,0.0,0.0,0.0,0.0,0.0,0.0,2034.0,0.0,37876.6105297135,2034.0
70,0.0,0.0,0.0,0.0,0.0,0.0,2016.0,0.0,37876.6105297135,2016.0
71,0.0,0.0,0.0,0.0,0.0,0.0,2058.0,0.0,37876.6105297135,2058.0
72,0.0,0.0,0.0,0.0,0.0,0.0,2040.0,0.0,37876.6105297135,2040.0
73,0.0,0.0,0.0,0.0,0.0,0.0,2016.0,0.0,37876.6105297135,2016.0
74,0.0,0.0,0.0,0.0,0.0,0.0,2064.0,0.0,37876.6105297135,2064.0
75,0.0,0.0,0.0,0.0,0.0,0.0,2046.0,0.0,37876.6105297135,2046.0
76,0.0,0.0,0.0,0.0,0.0,0.0,2112.0,0.0,37876.6105297135,2112.0
77,0.0,0.0,0.0,0.0,0.0,0.0,1986.0,0.0,37876.6105297135,1986.0
78,0.0,0.0,0.0,0.0,0.0,0.0,2166.0,0.0,37876.6105297135,2166.0
79,0.0,0.0,0.0,0.0,0.0,0.0,2160.0,0.0,37876.6105297135,2160.0
80,0.0,0.0,0.0,0.0,2446.735395189,0.0,-1.48448834744405e-13,0.0,35073.9353920399,2446.735395189
81,21.61548,0.0,0.0,0.0,2608.28520549828,0.0,1.84713196214933e-13,0.0,32086.2089252607,2629.90068549828
82,135.4311,0.0,0.0,0.0,2337.49350859107,0.0,3.00728215815679e-14,0.0,29408.6676783064,2472.92460859107
83,58.2105,0.0,0.0,0.0,2292.70998281787,0.0,3.45407435681328e-14,0.0,26782.4248572092,2350.92048281787
84,106.5576,0.0,0.0,0.0,2355.82947079038,0.0,-6.22083194365246e-14,0.0,24083.8802171286,2462.38707079038
85,88.7832,0.0,0.0,0.0,2444.30732646048,0.0,-1.20289425949585e-14,0.0,21283.9863723858,2533.09052646048
86,375.795,0.0,0.0,0.0,2180.3881443299,0.0,-5.1606029415421e-14,0.0,18786.4054510457,2556.1831443299
87,0.0,0.0,0.0,0.0,2694.15807560137,0.0,2.3885174861251402e-14,0.0,15700.3137264164,2694.15807560137
88,0.0,0.0,0.0,0.0,2659.79381443299,0.0,6.61156353033352e-14,0.0,12653.5854166421,2659.79381443299
89,0.0,0.0,0.0,0.0,2618.55670103093,0.0,3.73933003690591e-14,0.0,9654.09320469369,2618.55670103093
90,0.0,0.0,0.0,0.0,2542.95532646048,0.0,5.09014258768667e-14,0.0,6741.20050542625,2542.95532646048
91,0.0,0.0,0.0,0.0,2742.26804123711,0.0,1.23560305171887e-13,0.0,3600.0,2742.26804123711
92,0.0,0.0,0.0,0.0,0.0,0.0,2358.0,0.0,3600.0,2358.0
93,0.0,0.0,0.0,0.0,0.0,0.0,2274.0,0.0,3600.0,2274.0
94,0.0,0.0,0.0,0.0,0.0,0.0,2322.0,0.0,3600.0,2322.0
95,0.0,0.0,0.0,0.0,0.0,0.0,2436.0,0.0,3600.0,2436.0
96,0.0,0.0,0.0,0.0,0.0,0.0,2508.0,12000.0,17094.0,2508.0
97,0.0,0.0,0.0,0.0,0.0,0.0,2400.0,12000.0,26988.0,2400.0
98,0.0,0.0,0.0,0.0,0.0,0.0,2406.0,12000.0,36882.0,2406.0
99,0.0,0.0,0.0,0.0,0.0,0.0,2364.0,12000.0,46776.0,2364.0
100,0.0,0.0,0.0,0.0,0.0,0.0,2412.0,12000.0,56670.0,2412.0
101,0.0,0.0,0.0,0.0,0.0,0.0,2268.0,0.0,56670.0,2268.0
102,0.0,0.0,0.0,0.0,0.0,0.0,2442.0,0.0,56670.0,2442.0
103,0.0,0.0,0.0,0.0,2962.19931271478,0.0,1.20831332721046e-14,0.0,53276.873639502,2962.19931271478
104,0.0,0.0,0.0,0.0,2893.47079037801,0.0,9.654405415627211e-14,0.0,49962.4741087139,2893.47079037801
105,284.2233,0.0,0.0,0.0,2598.28568041237,0.0,-1.71826489604832e-13,0.0,46986.201851655,2882.50898041237
106,524.04,0.0,0.0,0.0,2517.38969072165,0.0,1.72047082193701e-14,0.0,44102.5939585031,3041.42969072165
107,827.556,0.0,0.0,0.0,2152.65828178694,0.0,3.3382467069364e-14,0.0,41636.7769117826,2980.21428178694
108,1182.408,0.0,0.0,0.0,1758.37828178694,0.0,7.929368856058781e-14,0.0,39622.5978948446,2940.78628178694
109,2696.90721649485,303.572783505154,0.0,0.0,2.437934965218e-13,0.0,-1.5864196724179897e-30,0.0,39872.8936548446,2696.9072164948507
110,319.722,0.0,0.0,0.0,2682.55402061856,0.0,3.8871224498071203e-14,0.0,36800.0940894167,3002.2760206185603
111,0.0,0.0,0.0,0.0,3168.38487972509,0.0,1.55694807943485e-13,0.0,33170.7872397889,3168.38487972509
112,0.0,0.0,0.0,0.0,2865.9793814433,0.0,-1.87267127349167e-13,0.0,29887.8784408847,2865.9793814433
113,0.0,0.0,0.0,0.0,2941.58075601375,0.0,1.96219184466908e-13,0.0,26518.3701292997,2941.58075601375
114,0.0,0.0,0.0,0.0,2934.70790378007,0.0,1.25266389090548e-13,0.0,23156.7345006856,2934.70790378007
115,0.0,0.0,0.0,0.0,2900.34364261168,0.0,1.67496849532632e-13,0.0,19834.4622869265,2900.34364261168
116,0.0,0.0,0.0,0.0,0.0,0.0,2598.0,0.0,19834.4622869265,2598.0
117,0.0,0.0,0.0,0.0,0.0,0.0,2532.0,0.0,19834.4622869265,2532.0
118,0.0,0.0,0.0,0.0,0.0,0.0,2442.0,0.0,19834.4622869265,2442.0
119,0.0,0.0,0.0,0.0,0.0,0.0,2418.0,0.0,19834.4622869265,2418.0
120,0.0,0.0,0.0,0.0,0.0,0.0,2388.0,0.0,19834.4622869265,2388.0
121,0.0,0.0,0.0,0.0,0.0,0.0,2238.0,0.0,19834.4622869265,2238.0
122,0.0,0.0,0.0,0.0,0.0,0.0,2346.0,0.0,19834.4622869265,2346.0
123,0.0,0.0,0.0,0.0,0.0,0.0,2316.0,3343.29527188225,22591.0092385935,2316.0
124,0.0,0.0,0.0,0.0,0.0,0.0,2262.0,0.0,22591.0092385935,2262.0
125,0.0,0.0,0.0,0.0,0.0,0.0,2088.0,0.0,22591.0092385935,2088.0
126,0.0,0.0,0.0,0.0,0.0,0.0,2094.0,0.0,22591.0092385935,2094.0
127,0.0,0.0,0.0,0.0,0.0,0.0,1992.0,0.0,22591.0092385935,1992.0
128,0.0,0.0,0.0,0.0,0.0,0.0,2076.0,0.0,22591.0092385935,2076.0
129,170.7459,0.0,0.0,0.0,0.0,0.0,1796.376477,0.0,22591.0092385935,1967.122377
130,1330.149,0.0,0.0,0.0,790.097903780069,0.0,8.67945342935895e-15,0.0,21685.9715481237,2120.246903780069
131,1254.243,0.0,0.0,0.0,950.039278350516,0.0,-2.8098342713266602e-14,0.0,20597.724952075,2204.282278350516
132,1302.567,0.0,0.0,0.0,848.235979381443,0.0,1.75366139021475e-14,0.0,19626.0915278122,2150.802979381443
133,789.786,0.0,0.0,0.0,1431.73835051546,0.0,3.9832560983859804e-14,0.0,17986.0705077487,2221.52435051546
134,659.751,0.0,0.0,0.0,1589.96738831615,0.0,8.21777621743467e-14,0.0,16164.802021705,2249.7183883161497
135,0.0,0.0,0.0,0.0,2226.80412371134,0.0,-3.69716628446225e-14,0.0,13614.0527391032,2226.80412371134
136,0.0,0.0,0.0,0.0,2164.94845360825,0.0,1.18442053415905e-13,0.0,11134.1576032404,2164.94845360825
137,0.0,0.0,0.0,0.0,2158.07560137457,0.0,4.74892580395451e-14,0.0,8662.13515034856,2158.07560137457
138,0.0,0.0,0.0,0.0,2219.93127147766,0.0,-1.07924458220982e-13,0.0,6119.25855071779,2219.93127147766
139,0.0,0.0,0.0,0.0,2199.31271477663,0.0,7.62115929738212e-14,0.0,3600.0,2199.31271477663
140,0.0,0.0,0.0,0.0,0.0,0.0,1836.0,0.0,3600.0,1836.0
141,0.0,0.0,0.0,0.0,0.0,0.0,1980.0,0.0,3600.0,1980.0
142,0.0,0.0,0.0,0.0,0.0,0.0,2010.0,0.0,3600.0,2010.0
143,0.0,0.0,0.0,0.0,0.0,0.0,2310.0,0.0,3600.0,2310.0
144,0.0,0.0,0.0,0.0,0.0,0.0,2310.0,12000.0,17094.0,2310.0
145,0.0,0.0,0.0,0.0,0.0,0.0,2238.0,12000.0,26988.0,2238.0
146,0.0,0.0,0.0,0.0,0.0,0.0,2352.0,12000.0,36882.0,2352.0
147,0.0,0.0,0.0,0.0,0.0,0.0,2382.0,12000.0,46776.0,2382.0
148,0.0,0.0,0.0,0.0,0.0,0.0,2358.0,12000.0,56670.0,2358.0
149,0.0,0.0,0.0,0.0,0.0,0.0,2364.0,12000.0,66564.0,2364.0
150,0.0,0.0,0.0,0.0,0.0,0.0,2424.0,0.0,66564.0,2424.0
151,0.0,0.0,0.0,0.0,0.0,0.0,2622.0,0.0,66564.0,2622.0
152,0.0,0.0,0.0,0.0,3065.29209621993,0.0,-1.14608248054147e-13,0.0,63052.7833949371,3065.29209621993
153,15.43956,0.0,0.0,0.0,3068.7555862543,0.0,4.48984114339438e-16,0.0,59537.5994473377,3084.1951462543
154,381.336,0.0,0.0,0.0,2785.91532646048,0.0,8.68033029037116e-14,0.0,56346.4020516212,3167.2513264604804
155,107.9058,0.0,0.0,0.0,2945.3967628866,0.0,1.9440697365327e-13,0.0,52972.5225981428,3053.3025628866
156,107.7927,0.0,0.0,0.0,2773.70112371134,0.0,-3.87286627235438e-14,0.0,49795.3162708675,2881.49382371134
157,89.934,0.0,0.0,0.0,2786.67127147766,0.0,1.56835737768329e-13,0.0,46603.2529587511,2876.60527147766
158,82.5366,0.0,0.0,0.0,2897.98338831615,0.0,3.83444092270156e-14,0.0,43283.6843581599,2980.51998831615
159,0.0,0.0,0.0,0.0,3065.29209621993,0.0,-1.14608248054147e-13,0.0,39772.4677530969,3065.29209621993
160,0.0,0.0,0.0,0.0,2948.45360824742,0.0,-1.29822457480615e-13,0.0,36395.0867585409,2948.45360824742
161,0.0,0.0,0.0,0.0,3065.29209621993,0.0,-1.14608248054147e-13,0.0,32883.870153478,3065.29209621993
162,0.0,0.0,0.0,0.0,2900.34364261168,0.0,1.67496849532632e-13,0.0,29561.5979397189,2900.34364261168
163,0.0,0.0,0.0,0.0,2975.94501718213,0.0,1.5398872402482399e-13,0.0,26152.7262132789,2975.94501718213
164,0.0,0.0,0.0,0.0,0.0,0.0,2544.0,0.0,26152.7262132789,2544.0
165,0.0,0.0,0.0,0.0,0.0,0.0,2562.0,0.0,26152.7262132789,2562.0
166,0.0,0.0,0.0,0.0,0.0,0.0,2502.0,0.0,26152.7262132789,2502.0
167,0.0,0.0,0.0,0.0,0.0,0.0,2526.0,0.0,26152.7262132789,2526.0
168,0.0,0.0,0.0,0.0,0.0,0.0,2520.0,0.0,26152.7262132789,2520.0
169,0.0,0.0,0.0,0.0,0.0,0.0,2436.0,0.0,26152.7262132789,2436.0
170,0.0,0.0,0.0,0.0,0.0,0.0,2550.0,635.72557886759,26676.8819530552,2550.0
171,0.0,0.0,0.0,0.0,0.0,0.0,2454.0,12000.0,36570.8819530552,2454.0
172,0.0,0.0,0.0,0.0,0.0,0.0,2466.0,12000.0,46464.8819530552,2466.0
173,0.0,0.0,0.0,0.0,0.0,0.0,2328.0,0.0,46464.8819530552,2328.0
174,0.0,0.0,0.0,0.0,0.0,0.0,2478.0,0.0,46464.8819530552,2478.0
175,0.0,0.0,0.0,0.0,2920.96219931271,0.0,-1.66392016621715e-14,0.0,43118.9916903831,2920.96219931271
176,0.0,0.0,0.0,0.0,2955.3264604811,0.0,-5.88696621042553e-14,0.0,39733.7380128561,2955.3264604811
177,15.9657,0.0,0.0,0.0,2875.73112371134,0.0,4.78545756332084e-14,0.0,36439.6588333471,2891.69682371134
178,41.8677,0.0,0.0,0.0,2846.95112371134,0.0,1.28748480541161e-13,0.0,33178.5464350523,2888.81882371134
179,58.7523,0.0,0.0,0.0,2841.93616151203,0.0,-4.4519168508983804e-14,0.0,29923.1785524498,2900.6884615120302
180,42.4581,0.0,0.0,0.0,2949.38790721649,0.0,1.56215285875334e-13,0.0,26544.7273414343,2991.84600721649
181,41.2413,0.0,0.0,0.0,2998.84987285223,0.0,-2.19578135712122e-14,0.0,23109.6186669186,3040.09117285223
182,30.0555,0.0,0.0,0.0,2901.31290378007,0.0,3.7440828932808903e-14,0.0,19786.2361883618,2931.36840378007
183,0.0,0.0,0.0,0.0,2962.19931271478,0.0,1.20831332721046e-14,0.0,16393.1098278638,2962.19931271478
184,0.0,0.0,0.0,0.0,2996.56357388316,0.0,-3.01473271699792e-14,0.0,12960.6200525108,2996.56357388316
185,0.0,0.0,0.0,0.0,2817.86941580756,0.0,1.1005217966408e-13,0.0,9732.82003440362,2817.86941580756
186,0.0,0.0,0.0,0.0,2687.2852233677,0.0,-4.70676205151085e-14,0.0,6654.60099274532,2687.2852233677
187,0.0,0.0,0.0,0.0,2666.66666666667,0.0,1.37068430679695e-13,0.0,3600.0,2666.66666666667
188,0.0,0.0,0.0,0.0,0.0,0.0,2316.0,0.0,3600.0,2316.0
189,0.0,0.0,0.0,0.0,0.0,0.0,2346.0,0.0,3600.0,2346.0
190,0.0,0.0,0.0,0.0,0.0,0.0,2316.0,0.0,3600.0,2316.0
191,0.0,0.0,0.0,0.0,0.0,0.0,2124.0,0.0,3600.0,2124.0
192,0.0,0.0,0.0,0.0,0.0,0.0,2238.0,0.0,7200.0,2238.0
193,0.0,0.0,0.0,0.0,0.0,0.0,2232.0,0.0,7200.0,2232.0
194,0.0,0.0,0.0,0.0,0.0,0.0,2286.0,0.0,7200.0,2286.0
195,0.0,0.0,0.0,0.0,0.0,0.0,2196.0,0.0,7200.0,2196.0
196,0.0,0.0,0.0,0.0,0.0,0.0,2064.0,0.0,7200.0,2064.0
197,0.0,0.0,0.0,0.0,0.0,0.0,1944.0,0.0,7200.0,1944.0
198,0.0,0.0,0.0,0.0,0.0,0.0,2196.0,0.0,7200.0,2196.0
199,0.0,0.0,0.0,0.0,0.0,0.0,2274.0,0.0,7200.0,2274.0
200,0.0,0.0,0.0,0.0,0.0,0.0,2328.0,0.0,7200.0,2328.0
201,27.71871,0.0,0.0,0.0,0.0,0.0,2301.1128513,0.0,7200.0,2328.8315613
202,182.4135,0.0,0.0,0.0,0.0,0.0,2151.058905,0.0,7200.0,2333.472405
203,88.8786,0.0,0.0,0.0,0.0,0.0,2259.787758,0.0,7200.0,2348.666358
204,88.8105,0.0,0.0,0.0,0.0,0.0,2271.853815,0.0,7200.0,2360.664315
205,71.2239,0.0,0.0,0.0,0.0,0.0,2312.912817,0.0,7200.0,2384.136717
206,99.5742,0.0,0.0,0.0,0.0,0.0,2357.413026,0.0,7200.0,2456.987226
207,0.0,0.0,0.0,0.0,0.0,0.0,2496.0,0.0,7200.0,2496.0
208,0.0,0.0,0.0,0.0,0.0,0.0,2454.0,0.0,7200.0,2454.0
209,0.0,0.0,0.0,0.0,2707.90378006873,0.0,1.65790765613971e-13,0.0,4098.16290942872,2707.90378006873
210,0.0,0.0,0.0,0.0,434.896219931272,0.0,1870.3356,0.0,3600.0,2305.231819931272
211,0.0,0.0,0.0,0.0,0.0,0.0,2304.0,0.0,3600.0,2304.0
212,0.0,0.0,0.0,0.0,0.0,0.0,2274.0,0.0,3600.0,2274.0
213,0.0,0.0,0.0,0.0,0.0,0.0,2274.0,0.0,3600.0,2274.0
214,0.0,0.0,0.0,0.0,0.0,0.0,2220.0,0.0,3600.0,2220.0
215,0.0,0.0,0.0,0.0,0.0,0.0,2178.0,0.0,3600.0,2178.0
216,0.0,0.0,0.0,0.0,0.0,0.0,2268.0,0.0,3600.0,2268.0
217,0.0,0.0,0.0,0.0,0.0,0.0,2208.0,0.0,3600.0,2208.0
218,0.0,0.0,0.0,0.0,0.0,0.0,2136.0,0.0,3600.0,2136.0
219,0.0,0.0,0.0,0.0,0.0,0.0,2166.0,0.0,3600.0,2166.0
220,0.0,0.0,0.0,0.0,0.0,0.0,2118.0,3895.76064543988,6812.05465216518,2118.0
221,0.0,0.0,0.0,0.0,0.0,0.0,2052.0,0.0,6812.05465216518,2052.0
222,0.0,0.0,0.0,0.0,0.0,0.0,2022.0,0.0,6812.05465216518,2022.0
223,0.0,0.0,0.0,0.0,0.0,0.0,2052.0,0.0,6812.05465216518,2052.0
224,0.0,0.0,0.0,0.0,0.0,0.0,2244.0,0.0,6812.05465216518,2244.0
225,15.95025,0.0,0.0,0.0,0.0,0.0,2264.5282575,0.0,6812.05465216518,2280.4785075
226,56.3286,0.0,0.0,0.0,0.0,0.0,2237.361258,0.0,6812.05465216518,2293.689858
227,89.5878,0.0,0.0,0.0,0.0,0.0,2271.099834,0.0,6812.05465216518,2360.687634
228,89.5347,0.0,0.0,0.0,0.0,0.0,2337.151341,0.0,6812.05465216518,2426.686041
229,72.2019,0.0,0.0,0.0,0.0,0.0,2365.964157,0.0,6812.05465216518,2438.166057
230,32.0856,0.0,0.0,0.0,0.0,0.0,2440.876968,0.0,6812.05465216518,2472.962568
231,0.0,0.0,0.0,0.0,0.0,0.0,2412.0,0.0,6812.05465216518,2412.0
232,0.0,0.0,0.0,0.0,0.0,0.0,2478.0,0.0,6812.05465216518,2478.0
233,0.0,0.0,0.0,0.0,2804.12371134021,0.0,-3.185341108864e-14,0.0,3600.0,2804.12371134021
234,0.0,0.0,0.0,0.0,0.0,0.0,2514.0,0.0,3600.0,2514.0
235,0.0,0.0,0.0,0.0,0.0,0.0,2448.0,0.0,3600.0,2448.0
236,0.0,0.0,0.0,0.0,0.0,0.0,2466.0,0.0,3600.0,2466.0
237,0.0,0.0,0.0,0.0,0.0,0.0,2472.0,0.0,3600.0,2472.0
238,0.0,0.0,0.0,0.0,0.0,0.0,2394.0,0.0,3600.0,2394.0
239,0.0,0.0,0.0,0.0,0.0,0.0,2454.0,0.0,3600.0,2454.0
240,0.0,0.0,0.0,0.0,0.0,0.0,2472.0,0.0,7200.0,2472.0
241,0.0,0.0,0.0,0.0,0.0,0.0,2496.0,0.0,7200.0,2496.0
242,0.0,0.0,0.0,0.0,0.0,0.0,2496.0,0.0,7200.0,2496.0
243,0.0,0.0,0.0,0.0,0.0,0.0,2442.0,0.0,7200.0,2442.0
244,0.0,0.0,0.0,0.0,0.0,0.0,2508.0,0.0,7200.0,2508.0
245,0.0,0.0,0.0,0.0,0.0,0.0,2442.0,0.0,7200.0,2442.0
246,0.0,0.0,0.0,0.0,0.0,0.0,2568.0,0.0,7200.0,2568.0
247,0.0,0.0,0.0,0.0,84.3807560137456,0.0,2590.3356,0.0,7103.34392209193,2674.7163560137456
248,0.0,0.0,0.0,0.0,3058.41924398625,0.0,-1.85561043430507e-13,0.0,3600.0,3058.41924398625
249,156.1389,0.0,0.0,0.0,0.0,0.0,2500.545267,0.0,3600.0,2656.684167
250,40.65,0.0,0.0,0.0,0.0,0.0,2612.5695,0.0,3600.0,2653.2195
251,57.4968,0.0,0.0,0.0,0.0,0.0,2416.228104,0.0,3600.0,2473.724904
252,57.5352,0.0,0.0,0.0,0.0,0.0,2374.190856,0.0,3600.0,2431.726056
253,40.521,0.0,0.0,0.0,0.0,0.0,2390.69463,0.0,3600.0,2431.21563
254,33.318,0.0,0.0,0.0,0.0,0.0,2427.68154,0.0,3600.0,2460.9995400000003
255,0.0,0.0,0.0,0.0,0.0,0.0,2610.0,0.0,3600.0,2610.0
256,0.0,0.0,0.0,0.0,0.0,0.0,2460.0,0.0,3600.0,2460.0
257,0.0,0.0,0.0,0.0,0.0,0.0,2502.0,0.0,3600.0,2502.0
258,0.0,0.0,0.0,0.0,0.0,0.0,2550.0,0.0,3600.0,2550.0
259,0.0,0.0,0.0,0.0,0.0,0.0,2574.0,0.0,3600.0,2574.0
260,0.0,0.0,0.0,0.0,0.0,0.0,2508.0,0.0,3600.0,2508.0
261,0.0,0.0,0.0,0.0,0.0,0.0,2550.0,0.0,3600.0,2550.0
262,0.0,0.0,0.0,0.0,0.0,0.0,2418.0,0.0,3600.0,2418.0
263,0.0,0.0,0.0,0.0,0.0,0.0,2478.0,0.0,3600.0,2478.0
264,0.0,0.0,0.0,0.0,0.0,0.0,2604.0,12000.0,13494.0,2604.0
265,0.0,0.0,0.0,0.0,0.0,0.0,2448.0,12000.0,23388.0,2448.0
266,0.0,0.0,0.0,0.0,0.0,0.0,2538.0,12000.0,33282.0,2538.0
267,0.0,0.0,0.0,0.0,0.0,0.0,2532.0,12000.0,43176.0,2532.0
268,0.0,0.0,0.0,0.0,0.0,0.0,2526.0,0.0,43176.0,2526.0
269,0.0,0.0,0.0,0.0,0.0,0.0,2412.0,0.0,43176.0,2412.0
270,0.0,0.0,0.0,0.0,0.0,0.0,2244.0,0.0,43176.0,2244.0
271,0.0,0.0,0.0,0.0,2604.81099656357,0.0,-1.04512290383661e-13,0.0,40192.2531539936,2604.81099656357
272,0.0,0.0,0.0,0.0,2570.44673539519,0.0,-6.22818299415769e-14,0.0,37247.8697228422,2570.44673539519
273,172.125,0.0,0.0,0.0,2379.19673539519,0.0,1.01087488132015e-13,0.0,34522.5584566392,2551.32173539519
274,523.896,0.0,0.0,0.0,2008.95862542955,0.0,5.31360886409785e-14,0.0,32221.3458272812,2532.8546254295497
275,1068.546,0.0,0.0,0.0,1417.53766323024,0.0,1.43414838462346e-14,0.0,30597.5913447723,2486.08366323024
276,647.373,0.0,0.0,0.0,1919.87192439863,0.0,-1.50068900872238e-14,0.0,28398.4253374429,2567.2449243986302
277,86.9073,0.0,0.0,0.0,2494.50162542955,0.0,9.719958460406551e-14,0.0,25541.0351594021,2581.40892542955
278,330.219,0.0,0.0,0.0,2389.10374570447,0.0,1.88416577887737e-13,0.0,22804.375656877,2719.32274570447
279,0.0,0.0,0.0,0.0,2996.56357388316,0.0,-3.01473271699792e-14,0.0,19371.885881524,2996.56357388316
280,0.0,0.0,0.0,0.0,2859.10652920962,0.0,1.38774514598356e-13,0.0,16096.8497655909,2859.10652920962
281,0.0,0.0,0.0,0.0,2872.85223367698,0.0,-1.16314331972808e-13,0.0,12806.0682837157,2872.85223367698
282,0.0,0.0,0.0,0.0,2934.70790378007,0.0,1.25266389090548e-13,0.0,9444.4326551017,2934.70790378007
283,0.0,0.0,0.0,0.0,2859.10652920962,0.0,1.38774514598356e-13,0.0,6169.39653916857,2859.10652920962
284,0.0,0.0,0.0,0.0,2243.08317869416,0.0,597.788384999999,0.0,3600.0,2840.871563694159
285,0.0,0.0,0.0,0.0,0.0,0.0,2544.0,0.0,3600.0,2544.0
286,0.0,0.0,0.0,0.0,0.0,0.0,2460.0,0.0,3600.0,2460.0
287,0.0,0.0,0.0,0.0,0.0,0.0,2496.0,0.0,3600.0,2496.0
288,0.0,0.0,0.0,0.0,0.0,0.0,2442.0,12000.0,17094.0,2442.0
289,0.0,0.0,0.0,0.0,0.0,0.0,2400.0,12000.0,26988.0,2400.0
290,0.0,0.0,0.0,0.0,0.0,0.0,2508.0,12000.0,36882.0,2508.0
291,0.0,0.0,0.0,0.0,0.0,0.0,2466.0,12000.0,46776.0,2466.0
292,0.0,0.0,0.0,0.0,0.0,0.0,2508.0,12000.0,56670.0,2508.0
293,0.0,0.0,0.0,0.0,0.0,0.0,2472.0,0.0,56670.0,2472.0
294,0.0,0.0,0.0,0.0,0.0,0.0,2568.0,0.0,56670.0,2568.0
295,0.0,0.0,0.0,0.0,0.0,0.0,2562.0,0.0,56670.0,2562.0
296,0.0,0.0,0.0,0.0,3065.24645017182,0.0,0.039849000000338,0.0,53158.835681361,3065.28629917182
297,18.67827,0.0,0.0,0.0,0.0,0.0,2669.8820781,0.0,53158.835681361,2688.5603481
298,40.7958,0.0,0.0,0.0,0.0,0.0,2594.428074,0.0,53158.835681361,2635.223874
299,1132.233,0.0,0.0,0.0,0.0,0.0,1529.73399,0.0,53158.835681361,2661.96699
300,1762.059,0.0,0.0,0.0,0.0,0.0,942.80277,0.0,53158.835681361,2704.86177
301,1480.959,0.0,0.0,0.0,0.0,0.0,1071.46977,0.0,53158.835681361,2552.42877
302,139.6242,0.0,0.0,0.0,0.0,0.0,2288.564526,0.0,53158.835681361,2428.1887260000003
303,0.0,0.0,0.0,0.0,0.0,0.0,2574.0,0.0,53158.835681361,2574.0
304,0.0,0.0,0.0,0.0,0.0,0.0,2496.0,0.0,53158.835681361,2496.0
305,0.0,0.0,0.0,0.0,0.0,0.0,2490.0,0.0,53158.835681361,2490.0
306,0.0,0.0,0.0,0.0,0.0,0.0,2472.0,0.0,53158.835681361,2472.0
307,0.0,0.0,0.0,0.0,0.0,0.0,2436.0,0.0,53158.835681361,2436.0
308,0.0,0.0,0.0,0.0,0.0,0.0,2574.0,0.0,53158.835681361,2574.0
309,0.0,0.0,0.0,0.0,0.0,0.0,2556.0,0.0,53158.835681361,2556.0
310,0.0,0.0,0.0,0.0,0.0,0.0,2526.0,0.0,53158.835681361,2526.0
311,0.0,0.0,0.0,0.0,0.0,0.0,2622.0,0.0,53158.835681361,2622.0
312,0.0,0.0,0.0,0.0,0.0,0.0,2628.0,0.0,53158.835681361,2628.0
313,0.0,0.0,0.0,0.0,0.0,0.0,2436.0,0.0,53158.835681361,2436.0
314,0.0,0.0,0.0,0.0,0.0,0.0,2304.0,0.0,53158.835681361,2304.0
315,0.0,0.0,0.0,0.0,0.0,0.0,2250.0,0.0,53158.835681361,2250.0
316,0.0,0.0,0.0,0.0,0.0,0.0,2346.0,0.0,53158.835681361,2346.0
317,0.0,0.0,0.0,0.0,0.0,0.0,2412.0,0.0,53158.835681361,2412.0
318,0.0,0.0,0.0,0.0,0.0,0.0,2562.0,0.0,53158.835681361,2562.0
319,0.0,0.0,0.0,0.0,3010.30927835052,0.0,1.11758263582741e-13,0.0,49710.6005400661,3010.30927835052
320,0.0,0.0,0.0,0.0,2920.96219931271,0.0,-1.66392016621715e-14,0.0,46364.710277394,2920.96219931271
321,49.3923,0.0,0.0,0.0,2817.97190034364,0.0,4.6387732589081404e-14,0.0,43136.7928657747,2867.36420034364
322,73.491,0.0,0.0,0.0,2901.16120274914,0.0,-1.56736559370875e-13,0.0,39813.5841570128,2974.65220274914
323,914.07,0.0,0.0,0.0,2022.16735395189,0.0,-4.50658757352473e-14,0.0,37497.2412544333,2936.23735395189
324,483.447,0.0,0.0,0.0,2418.16312714777,0.0,1.50724167595136e-13,0.0,34727.2949461312,2901.61012714777
325,918.927,0.0,0.0,0.0,1920.55075601375,0.0,7.34426755073758e-14,0.0,32527.3513539047,2839.47775601375
326,1129.512,0.0,0.0,0.0,1665.94886597938,0.0,1.84207295923133e-14,0.0,30619.0479564483,2795.46086597938
327,0.0,0.0,0.0,0.0,3024.05498281787,0.0,-1.43330582988423e-13,0.0,27155.0674492114,3024.05498281787
328,0.0,0.0,0.0,0.0,2948.45360824742,0.0,-1.29822457480615e-13,0.0,23777.6864546553,2948.45360824742
329,0.0,0.0,0.0,0.0,2955.3264604811,0.0,-5.88696621042553e-14,0.0,20392.4327771283,2955.3264604811
330,0.0,0.0,0.0,0.0,2900.34364261168,0.0,1.67496849532632e-13,0.0,17070.1605633692,2900.34364261168
331,0.0,0.0,0.0,0.0,2962.19931271478,0.0,1.20831332721046e-14,0.0,13677.0342028712,2962.19931271478
332,0.0,0.0,0.0,0.0,3017.18213058419,0.0,1.8271105895909998e-13,0.0,10220.9263786052,3017.18213058419
333,0.0,0.0,0.0,0.0,2975.94501718213,0.0,1.5398872402482399e-13,0.0,6812.05465216518,2975.94501718213
334,0.0,0.0,0.0,0.0,2804.12371134021,0.0,-3.185341108864e-14,0.0,3600.0,2804.12371134021
335,0.0,0.0,0.0,0.0,0.0,0.0,2538.0,0.0,3600.0,2538.0
336,0.0,0.0,0.0,0.0,0.0,0.0,2616.0,0.0,7200.0,2616.0
337,0.0,0.0,0.0,0.0,0.0,0.0,2580.0,498.501269608587,7611.01429679228,2580.0
338,0.0,0.0,0.0,0.0,0.0,0.0,2664.0,12000.0,17505.0142967923,2664.0
339,0.0,0.0,0.0,0.0,0.0,0.0,2616.0,12000.0,27399.0142967923,2616.0
340,0.0,0.0,0.0,0.0,0.0,0.0,2568.0,12000.0,37293.0142967923,2568.0
341,0.0,0.0,0.0,0.0,0.0,0.0,2436.0,0.0,37293.0142967923,2436.0
342,0.0,0.0,0.0,0.0,0.0,0.0,2346.0,0.0,37293.0142967923,2346.0
343,0.0,0.0,0.0,0.0,2721.64948453608,0.0,-8.92980809571922e-14,0.0,34175.431840279,2721.64948453608
344,0.0,0.0,0.0,0.0,2749.14089347079,0.0,1.94513100548247e-13,0.0,31026.3586518818,2749.14089347079
345,51.9249,0.0,0.0,0.0,2629.59089003436,0.0,-1.6676865952186e-13,0.0,28014.2270481769,2681.51579003436
346,43.3662,0.0,0.0,0.0,2714.70193127148,0.0,3.30166150975079e-14,0.0,24904.6028428258,2758.06813127148
347,2286.129,0.0,0.0,0.0,147.141890034364,0.0,1.1992929139281602e-15,0.0,24736.0554315608,2433.270890034364
348,1866.906,0.0,0.0,0.0,516.72529209622,0.0,-9.996047914568931e-15,0.0,24144.1593352307,2383.63129209622
349,1212.243,0.0,0.0,0.0,1216.63721649485,0.0,8.67441891054718e-14,0.0,22750.5313667371,2428.88021649485
350,1060.644,0.0,0.0,0.0,1316.35202749141,0.0,3.94002200243396e-14,0.0,21242.6825379955,2376.99602749141
351,0.0,0.0,0.0,0.0,2577.31958762887,0.0,8.670965434782951e-15,0.0,18290.4264238731,2577.31958762887
352,0.0,0.0,0.0,0.0,2549.82817869416,0.0,1.21854221253227e-13,0.0,15369.6610416347,2549.82817869416
353,0.0,0.0,0.0,0.0,2487.97250859107,0.0,-1.19726499810129e-13,0.0,12519.7498061352,2487.97250859107
354,0.0,0.0,0.0,0.0,2604.81099656357,0.0,-1.04512290383661e-13,0.0,9536.0029601288,2604.81099656357
355,0.0,0.0,0.0,0.0,2618.55670103093,0.0,3.73933003690591e-14,0.0,6536.51074818043,2618.55670103093
356,0.0,0.0,0.0,0.0,2563.57388316151,0.0,-1.33234625317937e-13,0.0,3600.0,2563.57388316151
357,0.0,0.0,0.0,0.0,0.0,0.0,2154.0,0.0,3600.0,2154.0
358,0.0,0.0,0.0,0.0,0.0,0.0,2268.0,0.0,3600.0,2268.0
359,0.0,0.0,0.0,0.0,0.0,0.0,2232.0,0.0,3600.0,2232.0
360,0.0,0.0,0.0,0.0,0.0,0.0,2202.0,0.0,3600.0,2202.0
361,0.0,0.0,0.0,0.0,0.0,0.0,2202.0,0.0,3600.0,2202.0
362,0.0,0.0,0.0,0.0,0.0,0.0,2262.0,0.0,3600.0,2262.0
363,0.0,0.0,0.0,0.0,0.0,0.0,2244.0,0.0,3600.0,2244.0
364,0.0,0.0,0.0,0.0,0.0,0.0,2190.0,0.0,3600.0,2190.0
365,0.0,0.0,0.0,0.0,0.0,0.0,2160.0,0.0,3600.0,2160.0
366,0.0,0.0,0.0,0.0,0.0,0.0,2358.0,0.0,3600.0,2358.0
367,0.0,0.0,0.0,0.0,0.0,0.0,2364.0,0.0,3600.0,2364.0
368,0.0,0.0,0.0,0.0,0.0,0.0,2250.0,0.0,3600.0,2250.0
369,233.3025,0.0,0.0,0.0,0.0,0.0,2101.696575,0.0,3600.0,2334.999075
370,237.3171,0.0,0.0,0.0,0.0,0.0,2049.802413,0.0,3600.0,2287.119513
371,2002.794,0.0,0.0,0.0,0.0,0.0,349.28982,0.0,3600.0,2352.0838200000003
372,1138.32,0.0,0.0,0.0,0.0,0.0,1193.8296,0.0,3600.0,2332.1496
373,123.4305,0.0,0.0,0.0,0.0,0.0,2136.272415,0.0,3600.0,2259.702915
374,746.733,0.0,0.0,0.0,0.0,0.0,1357.66899,0.0,3600.0,2104.40199
375,0.0,0.0,0.0,0.0,0.0,0.0,2148.0,0.0,3600.0,2148.0
376,0.0,0.0,0.0,0.0,0.0,0.0,2250.0,0.0,3600.0,2250.0
377,0.0,0.0,0.0,0.0,0.0,0.0,2430.0,0.0,3600.0,2430.0
378,0.0,0.0,0.0,0.0,0.0,0.0,2298.0,0.0,3600.0,2298.0
379,0.0,0.0,0.0,0.0,0.0,0.0,2298.0,0.0,3600.0,2298.0
380,0.0,0.0,0.0,0.0,0.0,0.0,2262.0,0.0,3600.0,2262.0
381,0.0,0.0,0.0,0.0,0.0,0.0,2388.0,0.0,3600.0,2388.0
382,0.0,0.0,0.0,0.0,0.0,0.0,2388.0,0.0,3600.0,2388.0
383,0.0,0.0,0.0,0.0,0.0,0.0,2334.0,0.0,3600.0,2334.0
384,0.0,0.0,0.0,0.0,0.0,0.0,2436.0,0.0,7200.0,2436.0
385,0.0,0.0,0.0,0.0,0.0,0.0,2436.0,0.0,7200.0,2436.0
386,0.0,0.0,0.0,0.0,0.0,0.0,2310.0,0.0,7200.0,2310.0
387,0.0,0.0,0.0,0.0,0.0,0.0,2352.0,0.0,7200.0,2352.0
388,0.0,0.0,0.0,0.0,0.0,0.0,2304.0,0.0,7200.0,2304.0
389,0.0,0.0,0.0,0.0,0.0,0.0,2292.0,0.0,7200.0,2292.0
390,0.0,0.0,0.0,0.0,0.0,0.0,2280.0,0.0,7200.0,2280.0
391,0.0,0.0,0.0,0.0,0.0,0.0,2340.0,0.0,7200.0,2340.0
392,0.0,0.0,0.0,0.0,0.0,0.0,2358.0,0.0,7200.0,2358.0
393,249.9882,0.0,0.0,0.0,0.0,0.0,2151.511446,0.0,7200.0,2401.499646
394,688.086,0.0,0.0,0.0,0.0,0.0,1726.55658,0.0,7200.0,2414.64258
395,60.2808,0.0,0.0,0.0,0.0,0.0,2263.527624,0.0,7200.0,2323.808424
396,305.166,0.0,0.0,0.0,0.0,0.0,2001.98898,0.0,7200.0,2307.1549800000003
397,604.233,0.0,0.0,0.0,0.0,0.0,1777.89399,0.0,7200.0,2382.12699
398,319.755,0.0,0.0,0.0,0.0,0.0,2047.83765,0.0,7200.0,2367.59265
399,0.0,0.0,0.0,0.0,0.0,0.0,2310.0,0.0,7200.0,2310.0
400,0.0,0.0,0.0,0.0,0.0,0.0,2400.0,0.0,7200.0,2400.0
401,0.0,0.0,0.0,0.0,0.0,0.0,2448.0,0.0,7200.0,2448.0
402,0.0,0.0,0.0,0.0,2852.23367697594,0.0,6.782171922199599e-14,0.0,3932.83656703786,2852.23367697594
403,0.0,0.0,0.0,0.0,0.0,0.0,2496.0,0.0,3932.83656703786,2496.0
404,0.0,0.0,0.0,0.0,0.0,0.0,2544.0,0.0,3932.83656703786,2544.0
405,0.0,0.0,0.0,0.0,0.0,0.0,2622.0,0.0,3932.83656703786,2622.0
406,0.0,0.0,0.0,0.0,0.0,0.0,2496.0,0.0,3932.83656703786,2496.0
407,0.0,0.0,0.0,0.0,0.0,0.0,2562.0,0.0,3932.83656703786,2562.0
408,0.0,0.0,0.0,0.0,0.0,0.0,2442.0,12000.0,13826.8365670379,2442.0
409,0.0,0.0,0.0,0.0,0.0,0.0,2538.0,0.0,13826.8365670379,2538.0
410,0.0,0.0,0.0,0.0,0.0,0.0,2520.0,3584.86915401578,16782.5611845239,2520.0
411,0.0,0.0,0.0,0.0,0.0,0.0,2466.0,0.0,16782.5611845239,2466.0
412,0.0,0.0,0.0,0.0,0.0,0.0,2412.0,0.0,16782.5611845239,2412.0
413,0.0,0.0,0.0,0.0,0.0,0.0,2340.0,0.0,16782.5611845239,2340.0
414,0.0,0.0,0.0,0.0,0.0,0.0,2448.0,0.0,16782.5611845239,2448.0
415,0.0,0.0,0.0,0.0,2859.10652920962,0.0,1.38774514598356e-13,0.0,13507.5250685907,2859.10652920962
416,0.0,0.0,0.0,0.0,2914.08934707904,0.0,-8.759199703853141e-14,0.0,10169.5074888897,2914.08934707904
417,66.0786,0.0,0.0,0.0,2909.39720274914,0.0,-6.48629644168801e-14,0.0,6836.86464496168,2975.47580274914
418,184.6305,0.0,0.0,0.0,2825.78283505155,0.0,1.8555429696763e-13,0.0,3600.0,3010.4133350515503
419,105.7905,0.0,0.0,0.0,0.0,0.0,2579.383215,0.0,3600.0,2685.173715
420,121.9713,0.0,0.0,0.0,0.0,0.0,2551.687839,0.0,3600.0,2673.6591390000003
421,88.4778,0.0,0.0,0.0,0.0,0.0,2602.176534,0.0,3600.0,2690.6543340000003
422,300.762,0.0,0.0,0.0,0.0,0.0,2360.26086,0.0,3600.0,2661.02286
423,0.0,0.0,0.0,0.0,0.0,0.0,2676.0,0.0,3600.0,2676.0
424,0.0,0.0,0.0,0.0,0.0,0.0,2664.0,0.0,3600.0,2664.0
425,0.0,0.0,0.0,0.0,0.0,0.0,2670.0,0.0,3600.0,2670.0
426,0.0,0.0,0.0,0.0,0.0,0.0,2628.0,0.0,3600.0,2628.0
427,0.0,0.0,0.0,0.0,0.0,0.0,2658.0,0.0,3600.0,2658.0
428,0.0,0.0,0.0,0.0,0.0,0.0,2622.0,0.0,3600.0,2622.0
429,0.0,0.0,0.0,0.0,0.0,0.0,2622.0,0.0,3600.0,2622.0
430,0.0,0.0,0.0,0.0,0.0,0.0,2658.0,0.0,3600.0,2658.0
431,0.0,0.0,0.0,0.0,0.0,0.0,2676.0,0.0,3600.0,2676.0
432,0.0,0.0,0.0,0.0,0.0,0.0,2610.0,0.0,7200.0,2610.0
433,0.0,0.0,0.0,0.0,0.0,0.0,2574.0,0.0,7200.0,2574.0
434,0.0,0.0,0.0,0.0,0.0,0.0,2730.0,3463.43242718538,10055.6000362143,2730.0
435,0.0,0.0,0.0,0.0,0.0,0.0,2670.0,0.0,10055.6000362143,2670.0
436,0.0,0.0,0.0,0.0,0.0,0.0,2640.0,0.0,10055.6000362143,2640.0
437,0.0,0.0,0.0,0.0,0.0,0.0,2646.0,0.0,10055.6000362143,2646.0
438,0.0,0.0,0.0,0.0,0.0,0.0,2562.0,0.0,10055.6000362143,2562.0
439,0.0,0.0,0.0,0.0,0.0,0.0,2562.0,0.0,10055.6000362143,2562.0
440,0.0,0.0,0.0,0.0,2714.77663230241,0.0,-1.60250876333552e-13,0.0,6945.89026267207,2714.77663230241
441,108.69,0.0,0.0,0.0,0.0,0.0,2270.5707,0.0,6945.89026267207,2379.2607000000003
442,212.1885,0.0,0.0,0.0,0.0,0.0,2248.177155,0.0,6945.89026267207,2460.365655
443,1190.172,0.0,0.0,0.0,0.0,0.0,1257.53316,0.0,6945.89026267207,2447.70516
444,1404.558,0.0,0.0,0.0,0.0,0.0,965.57874,0.0,6945.89026267207,2370.13674
445,1386.351,0.0,0.0,0.0,0.0,0.0,1019.23953,0.0,6945.89026267207,2405.59053
446,264.9399,0.0,0.0,0.0,0.0,0.0,2185.008297,0.0,6945.89026267207,2449.948197
447,0.0,0.0,0.0,0.0,0.0,0.0,2562.0,0.0,6945.89026267207,2562.0
448,0.0,0.0,0.0,0.0,0.0,0.0,2460.0,0.0,6945.89026267207,2460.0
449,0.0,0.0,0.0,0.0,2920.96219931271,0.0,-1.66392016621715e-14,0.0,3600.0,2920.96219931271
450,0.0,0.0,0.0,0.0,0.0,0.0,2586.0,0.0,3600.0,2586.0
451,0.0,0.0,0.0,0.0,0.0,0.0,2664.0,0.0,3600.0,2664.0
452,0.0,0.0,0.0,0.0,0.0,0.0,2652.0,0.0,3600.0,2652.0
453,0.0,0.0,0.0,0.0,0.0,0.0,2634.0,0.0,3600.0,2634.0
454,0.0,0.0,0.0,0.0,0.0,0.0,2520.0,0.0,3600.0,2520.0
455,0.0,0.0,0.0,0.0,0.0,0.0,2730.0,0.0,3600.0,2730.0
456,0.0,0.0,0.0,0.0,0.0,0.0,2736.0,0.0,3600.0,2736.0
457,0.0,0.0,0.0,0.0,0.0,0.0,2574.0,0.0,3600.0,2574.0
458,0.0,0.0,0.0,0.0,0.0,0.0,2736.0,0.0,3600.0,2736.0
459,0.0,0.0,0.0,0.0,0.0,0.0,2664.0,4201.31049998419,7063.98050723696,2664.0
460,0.0,0.0,0.0,0.0,0.0,0.0,2736.0,0.0,7063.98050723696,2736.0
461,0.0,0.0,0.0,0.0,0.0,0.0,2646.0,0.0,7063.98050723696,2646.0
462,0.0,0.0,0.0,0.0,0.0,0.0,2856.0,0.0,7063.98050723696,2856.0
463,0.0,0.0,0.0,0.0,0.0,0.0,2826.0,0.0,7063.98050723696,2826.0
464,0.0,0.0,0.0,0.0,0.0,0.0,2826.0,0.0,7063.98050723696,2826.0
465,140.6139,0.0,0.0,0.0,0.0,0.0,2623.604517,0.0,7063.98050723696,2764.218417
466,308.742,0.0,0.0,0.0,0.0,0.0,2550.52026,0.0,7063.98050723696,2859.26226
467,1965.24,0.0,0.0,0.0,0.0,0.0,847.7172,0.0,7063.98050723696,2812.9572
468,1621.194,0.0,0.0,0.0,0.0,0.0,1085.44182,0.0,7063.98050723696,2706.63582
469,1563.879,0.0,0.0,0.0,0.0,0.0,1201.03737,0.0,7063.98050723696,2764.91637
470,96.7218,0.0,0.0,0.0,0.0,0.0,2654.179854,0.0,7063.98050723696,2750.901654
471,51.3027,0.0,0.0,0.0,0.0,0.0,2758.236381,0.0,7063.98050723696,2809.5390810000004
472,0.0,0.0,0.0,0.0,0.0,0.0,2694.0,0.0,7063.98050723696,2694.0
473,0.0,0.0,0.0,0.0,3024.05498281787,0.0,-1.43330582988423e-13,0.0,3600.0,3024.05498281787
474,0.0,0.0,0.0,0.0,0.0,0.0,2724.0,0.0,3600.0,2724.0
475,0.0,0.0,0.0,0.0,0.0,0.0,2700.0,0.0,3600.0,2700.0
476,0.0,0.0,0.0,0.0,0.0,0.0,2802.0,0.0,3600.0,2802.0
477,0.0,0.0,0.0,0.0,0.0,0.0,2796.0,0.0,3600.0,2796.0
478,0.0,0.0,0.0,0.0,0.0,0.0,2724.0,0.0,3600.0,2724.0
479,0.0,0.0,0.0,0.0,0.0,0.0,2844.0,0.0,3600.0,2844.0
480,0.0,0.0,0.0,0.0,0.0,0.0,2814.0,0.0,7200.0,2814.0
481,0.0,0.0,0.0,0.0,0.0,0.0,2622.0,10821.6057176227,16122.4139141799,2622.0
482,0.0,0.0,0.0,0.0,0.0,0.0,2502.0,12000.0,26016.4139141799,2502.0
483,0.0,0.0,0.0,0.0,0.0,0.0,2484.0,12000.0,35910.4139141799,2484.0
484,0.0,0.0,0.0,0.0,0.0,0.0,2472.0,0.0,35910.4139141799,2472.0
485,0.0,0.0,0.0,0.0,0.0,0.0,2382.0,0.0,35910.4139141799,2382.0
486,0.0,0.0,0.0,0.0,0.0,0.0,2574.0,0.0,35910.4139141799,2574.0
487,0.0,0.0,0.0,0.0,3017.18213058419,0.0,1.8271105895909998e-13,0.0,32454.3060899139,3017.18213058419
488,0.0,0.0,0.0,0.0,3030.92783505155,0.0,-7.237778761206299e-14,0.0,28982.452899706,3030.92783505155
489,96.7038,0.0,0.0,0.0,2772.27641924399,0.0,-3.87311935070685e-14,0.0,25806.8785363108,2868.98021924399
490,504.0,0.0,0.0,0.0,0.0,0.0,2001.12,0.0,25806.8785363108,2505.12
491,2295.111,0.0,0.0,0.0,0.0,0.0,467.74233,0.0,25806.8785363108,2762.85333
492,1943.622,0.0,0.0,0.0,0.0,0.0,784.68666,0.0,25806.8785363108,2728.30866
493,1625.547,0.0,0.0,0.0,1396.58580756014,0.0,7.54677845683463e-14,0.0,24207.1238884756,3022.13280756014
494,82.0626,0.0,0.0,0.0,3063.45850859107,0.0,-1.4326058826591899e-13,0.0,20698.0076128844,3145.52110859107
495,32.0748,0.0,0.0,0.0,3022.78057731959,0.0,-1.77438898103831e-13,0.0,17235.48690576,3054.85537731959
496,0.0,0.0,0.0,0.0,3003.43642611684,0.0,4.08054682063807e-14,0.0,13795.1244474361,3003.43642611684
497,0.0,0.0,0.0,0.0,3051.54639175258,0.0,1.40480598517017e-13,0.0,10299.6532083151,3051.54639175258
498,0.0,0.0,0.0,0.0,2975.94501718213,0.0,1.5398872402482399e-13,0.0,6890.78148187512,2975.94501718213
499,0.0,0.0,0.0,0.0,2872.85223367698,0.0,-1.16314331972808e-13,0.0,3600.0,2872.85223367698
500,0.0,0.0,0.0,0.0,0.0,0.0,2568.0,0.0,3600.0,2568.0
501,0.0,0.0,0.0,0.0,0.0,0.0,2580.0,0.0,3600.0,2580.0
502,0.0,0.0,0.0,0.0,0.0,0.0,2514.0,0.0,3600.0,2514.0
503,0.0,0.0,0.0,0.0,0.0,0.0,2652.0,0.0,3600.0,2652.0
504,0.0,0.0,0.0,0.0,0.0,0.0,2640.0,12000.0,13494.0,2640.0
505,0.0,0.0,0.0,0.0,0.0,0.0,2592.0,12000.0,23388.0,2592.0
506,0.0,0.0,0.0,0.0,0.0,0.0,2598.0,12000.0,33282.0,2598.0
507,0.0,0.0,0.0,0.0,0.0,0.0,2532.0,12000.0,43176.0,2532.0
508,0.0,0.0,0.0,0.0,0.0,0.0,2544.0,6681.30604191633,48684.73683156,2544.0
509,0.0,0.0,0.0,0.0,0.0,0.0,2376.0,0.0,48684.73683156,2376.0
510,0.0,0.0,0.0,0.0,2934.70790378007,0.0,1.25266389090548e-13,0.0,45323.101202946,2934.70790378007
511,0.0,0.0,0.0,0.0,2914.08934707904,0.0,-8.759199703853141e-14,0.0,41985.0836232449,2914.08934707904
512,0.0,0.0,0.0,0.0,2907.21649484536,0.0,-1.58544792414891e-13,0.0,38654.9387265148,2907.21649484536
513,174.507,0.0,0.0,0.0,2747.68408934708,0.0,-1.0016577063015e-13,0.0,35507.5342713635,2922.19108934708
514,246.5361,0.0,0.0,0.0,2619.54179037801,0.0,1.4700095192275002e-15,0.0,32506.9136638286,2866.0778903780097
515,312.939,0.0,0.0,0.0,2600.74360824742,0.0,1.65600410909845e-13,0.0,29527.8259109678,2913.68260824742
516,71.4837,0.0,0.0,0.0,2786.55304810997,0.0,5.8594072671346805e-15,0.0,26335.8980208075,2858.03674810997
517,54.6231,0.0,0.0,0.0,2928.99838831615,0.0,4.5220713197686504e-14,0.0,22980.802501545,2983.6214883161497
518,21.03279,0.0,0.0,0.0,2945.70239828179,0.0,-1.53928954208237e-13,0.0,19606.5729502486,2966.73518828179
519,29.8212,0.0,0.0,0.0,2935.93749828179,0.0,-5.39018829601158e-14,0.0,16243.5288514149,2965.7586982817897
520,0.0,0.0,0.0,0.0,2907.21649484536,0.0,-1.58544792414891e-13,0.0,12913.3839546848,2907.21649484536
521,0.0,0.0,0.0,0.0,2769.75945017182,0.0,1.0377049353443801e-14,0.0,9740.69271737462,2769.75945017182
522,0.0,0.0,0.0,0.0,2659.79381443299,0.0,6.61156353033352e-14,0.0,6693.96440760029,2659.79381443299
523,0.0,0.0,0.0,0.0,2701.03092783505,0.0,9.48379702376113e-14,0.0,3600.0,2701.03092783505
524,0.0,0.0,0.0,0.0,0.0,0.0,2226.0,0.0,3600.0,2226.0
525,0.0,0.0,0.0,0.0,0.0,0.0,2214.0,0.0,3600.0,2214.0
526,0.0,0.0,0.0,0.0,0.0,0.0,2274.0,0.0,3600.0,2274.0
527,0.0,0.0,0.0,0.0,0.0,0.0,2256.0,0.0,3600.0,2256.0
528,0.0,0.0,0.0,0.0,0.0,0.0,2280.0,12000.0,17094.0,2280.0
529,0.0,0.0,0.0,0.0,0.0,0.0,2238.0,12000.0,26988.0,2238.0
530,0.0,0.0,0.0,0.0,0.0,0.0,2232.0,12000.0,36882.0,2232.0
531,0.0,0.0,0.0,0.0,0.0,0.0,2178.0,12000.0,46776.0,2178.0
532,0.0,0.0,0.0,0.0,0.0,0.0,2100.0,4765.32190599049,50705.0079114892,2100.0
533,0.0,0.0,0.0,0.0,0.0,0.0,2154.0,0.0,50705.0079114892,2154.0
534,0.0,0.0,0.0,0.0,0.0,0.0,2298.0,0.0,50705.0079114892,2298.0
535,0.0,0.0,0.0,0.0,0.0,0.0,2382.0,0.0,50705.0079114892,2382.0
536,0.0,0.0,0.0,0.0,0.0,0.0,2280.0,0.0,50705.0079114892,2280.0
537,82.9122,0.0,0.0,0.0,0.0,0.0,2199.575166,0.0,50705.0079114892,2282.4873660000003
538,39.5583,0.0,0.0,0.0,0.0,0.0,2247.628449,0.0,50705.0079114892,2287.186749
539,55.7985,0.0,0.0,0.0,0.0,0.0,2261.875455,0.0,50705.0079114892,2317.673955
540,71.6823,0.0,0.0,0.0,0.0,0.0,2318.468169,0.0,50705.0079114892,2390.150469
541,54.969,0.0,0.0,0.0,0.0,0.0,2316.68007,0.0,50705.0079114892,2371.64907
542,21.58227,0.0,0.0,0.0,0.0,0.0,2367.0651981,0.0,50705.0079114892,2388.6474681
543,70.6515,0.0,0.0,0.0,0.0,0.0,2205.468045,0.0,50705.0079114892,2276.119545
544,0.0,0.0,0.0,0.0,2680.41237113402,0.0,-1.18020415891468e-13,0.0,47634.6615528018,2680.41237113402
545,0.0,0.0,0.0,0.0,2659.79381443299,0.0,6.61156353033352e-14,0.0,44587.9332430275,2659.79381443299
546,0.0,0.0,0.0,0.0,2584.19243986254,0.0,7.96237608111428e-14,0.0,41627.8044459341,2584.19243986254
547,0.0,0.0,0.0,0.0,2584.19243986254,0.0,7.96237608111428e-14,0.0,38667.6756488407,2584.19243986254
548,0.0,0.0,0.0,0.0,0.0,0.0,2220.0,0.0,38667.6756488407,2220.0
549,0.0,0.0,0.0,0.0,0.0,0.0,2202.0,0.0,38667.6756488407,2202.0
550,0.0,0.0,0.0,0.0,0.0,0.0,2250.0,0.0,38667.6756488407,2250.0
551,0.0,0.0,0.0,0.0,0.0,0.0,2226.0,0.0,38667.6756488407,2226.0
552,0.0,0.0,0.0,0.0,0.0,0.0,2184.0,0.0,38667.6756488407,2184.0
553,0.0,0.0,0.0,0.0,0.0,0.0,2154.0,0.0,38667.6756488407,2154.0
554,0.0,0.0,0.0,0.0,0.0,0.0,2082.0,0.0,38667.6756488407,2082.0
555,0.0,0.0,0.0,0.0,0.0,0.0,2100.0,0.0,38667.6756488407,2100.0
556,0.0,0.0,0.0,0.0,0.0,0.0,2040.0,0.0,38667.6756488407,2040.0
557,0.0,0.0,0.0,0.0,0.0,0.0,2076.0,0.0,38667.6756488407,2076.0
558,0.0,0.0,0.0,0.0,0.0,0.0,2004.0,0.0,38667.6756488407,2004.0
559,0.0,0.0,0.0,0.0,0.0,0.0,1992.0,0.0,38667.6756488407,1992.0
560,0.0,0.0,0.0,0.0,2405.49828178694,0.0,-1.77171169678681e-13,0.0,35912.2366089931,2405.49828178694
561,115.4871,0.0,0.0,0.0,2366.52636082474,0.0,1.30168811482223e-13,0.0,33201.4389448182,2482.01346082474
562,1149.051,0.0,0.0,0.0,1383.07048109966,0.0,-1.45961989497684e-14,0.0,31617.1657705917,2532.12148109966
563,2057.631,0.0,0.0,0.0,236.080103092784,0.0,-6.20289579150895e-15,0.0,31346.7418266138,2293.711103092784
564,2288.65979381443,1565.50020618557,0.0,0.0,-1.8017935997533e-13,0.0,-5.8484000621997896e-30,0.0,32637.4967466138,2288.65979381443
565,1841.838,0.0,0.0,0.0,578.942886597938,0.0,-8.74865888782861e-15,0.0,31974.3319280594,2420.7808865979378
566,2149.104,0.0,0.0,0.0,299.391890034365,0.0,2.20754825797697e-14,0.0,31631.3858913648,2448.495890034365
567,82.9566,0.0,0.0,0.0,2595.1112233677,0.0,6.64554832911927e-14,0.0,28658.749896671,2678.0678233677
568,0.0,0.0,0.0,0.0,2707.90378006873,0.0,1.65790765613971e-13,0.0,25556.9128060998,2707.90378006873
569,0.0,0.0,0.0,0.0,2707.90378006873,0.0,1.65790765613971e-13,0.0,22455.0757155285,2707.90378006873
570,0.0,0.0,0.0,0.0,2701.03092783505,0.0,9.48379702376113e-14,0.0,19361.1113079282,2701.03092783505
571,0.0,0.0,0.0,0.0,2611.68384879725,0.0,-3.35594950073008e-14,0.0,16369.4917789508,2611.68384879725
572,0.0,0.0,0.0,0.0,2701.03092783505,0.0,9.48379702376113e-14,0.0,13275.5273713505,2701.03092783505
573,0.0,0.0,0.0,0.0,2824.74226804124,0.0,1.8100497504044e-13,0.0,10039.8546702724,2824.74226804124
574,0.0,0.0,0.0,0.0,2831.61512027491,0.0,-1.45036666907084e-13,0.0,6796.3092862232,2831.61512027491
575,0.0,0.0,0.0,0.0,2790.37800687285,0.0,-1.7375900184136e-13,0.0,3600.0,2790.37800687285
576,0.0,0.0,0.0,0.0,0.0,0.0,2556.0,0.0,7200.0,2556.0
577,0.0,0.0,0.0,0.0,0.0,0.0,2502.0,12000.0,17094.0,2502.0
578,0.0,0.0,0.0,0.0,0.0,0.0,2526.0,12000.0,26988.0,2526.0
579,0.0,0.0,0.0,0.0,0.0,0.0,2472.0,12000.0,36882.0,2472.0
580,0.0,0.0,0.0,0.0,0.0,0.0,2370.0,12000.0,46776.0,2370.0
581,0.0,0.0,0.0,0.0,0.0,0.0,2280.0,0.0,46776.0,2280.0
582,0.0,0.0,0.0,0.0,0.0,0.0,2436.0,0.0,46776.0,2436.0
583,0.0,0.0,0.0,0.0,2666.66666666667,0.0,1.37068430679695e-13,0.0,43721.3990072547,2666.66666666667
584,0.0,0.0,0.0,0.0,2501.71821305842,0.0,2.21790909425906e-14,0.0,40855.7424058132,2501.71821305842
585,161.628,0.0,0.0,0.0,2438.97003436426,0.0,-7.88862841105877e-14,0.0,38061.9622977213,2600.59803436426
586,360.672,0.0,0.0,0.0,2327.77567010309,0.0,1.43742396954322e-13,0.0,35395.5525954268,2688.44767010309
587,72.0435,0.0,0.0,0.0,2675.96541237113,0.0,-1.0253193116989301e-14,0.0,32330.3001184839,2748.0089123711296
588,71.6541,0.0,0.0,0.0,2635.16096563574,0.0,-1.84039164413655e-13,0.0,29311.7881303559,2706.81506563574
589,166.8786,0.0,0.0,0.0,2632.44874914089,0.0,-1.9880188607962e-14,0.0,26296.382919427,2799.32734914089
590,162.7311,0.0,0.0,0.0,0.0,0.0,2344.150833,0.0,26296.382919427,2506.881933
591,9.95007,0.0,0.0,0.0,0.0,0.0,2576.3484321,0.0,26296.382919427,2586.2985021
592,0.0,0.0,0.0,0.0,2852.23367697594,0.0,6.782171922199599e-14,0.0,23029.2194864649,2852.23367697594
593,0.0,0.0,0.0,0.0,2872.85223367698,0.0,-1.16314331972808e-13,0.0,19738.4380045898,2872.85223367698
594,0.0,0.0,0.0,0.0,2900.34364261168,0.0,1.67496849532632e-13,0.0,16416.1657908307,2900.34364261168
595,0.0,0.0,0.0,0.0,0.0,0.0,2568.0,0.0,16416.1657908307,2568.0
596,0.0,0.0,0.0,0.0,0.0,0.0,2544.0,0.0,16416.1657908307,2544.0
597,0.0,0.0,0.0,0.0,0.0,0.0,2598.0,0.0,16416.1657908307,2598.0
598,0.0,0.0,0.0,0.0,0.0,0.0,2466.0,0.0,16416.1657908307,2466.0
599,0.0,0.0,0.0,0.0,0.0,0.0,2574.0,12000.0,26310.1657908307,2574.0
600,0.0,0.0,0.0,0.0,0.0,0.0,2484.0,0.0,26310.1657908307,2484.0
601,0.0,0.0,0.0,0.0,0.0,0.0,2490.0,0.0,26310.1657908307,2490.0
602,0.0,0.0,0.0,0.0,0.0,0.0,2610.0,0.0,26310.1657908307,2610.0
603,0.0,0.0,0.0,0.0,0.0,0.0,2592.0,7079.42951082658,32147.1554225072,2592.0
604,0.0,0.0,0.0,0.0,0.0,0.0,2580.0,0.0,32147.1554225072,2580.0
605,0.0,0.0,0.0,0.0,0.0,0.0,2412.0,0.0,32147.1554225072,2412.0
606,0.0,0.0,0.0,0.0,0.0,0.0,2406.0,0.0,32147.1554225072,2406.0
607,0.0,0.0,0.0,0.0,3003.43642611684,0.0,4.08054682063807e-14,0.0,28706.7929641832,3003.43642611684
608,0.0,0.0,0.0,0.0,2962.19931271478,0.0,1.20831332721046e-14,0.0,25313.6666036852,2962.19931271478
609,22.863,0.0,0.0,0.0,2950.5416838488,0.0,-5.2056951311654105e-14,0.0,21933.8937699523,2973.4046838488
610,601.392,0.0,0.0,0.0,2225.25745704467,0.0,-5.92570304699708e-14,0.0,19384.9161559264,2826.6494570446703
611,1375.05,0.0,0.0,0.0,1166.32474226804,0.0,7.86967375572588e-14,0.0,18048.9198875781,2541.37474226804
612,1608.141,0.0,0.0,0.0,1003.55467353952,0.0,2.1237317212188603e-15,0.0,16899.3727243026,2611.69567353952
613,231.168,0.0,0.0,0.0,0.0,0.0,2349.76704,0.0,16899.3727243026,2580.9350400000003
614,1541.541,0.0,0.0,0.0,0.0,0.0,1114.70523,0.0,16899.3727243026,2656.24623
615,41.4045,0.0,0.0,0.0,2888.70290378007,0.0,8.425740621436981e-14,0.0,13590.4346901902,2930.10740378007
616,0.0,0.0,0.0,0.0,2845.36082474227,0.0,-3.1310761543638905e-15,0.0,10331.1439401991,2845.36082474227
617,0.0,0.0,0.0,0.0,2907.21649484536,0.0,-1.58544792414891e-13,0.0,7000.99904346902,2907.21649484536
618,0.0,0.0,0.0,0.0,2969.07216494845,0.0,8.303592864846451e-14,0.0,3600.0,2969.07216494845
619,0.0,0.0,0.0,0.0,0.0,0.0,2628.0,0.0,3600.0,2628.0
620,0.0,0.0,0.0,0.0,0.0,0.0,2574.0,0.0,3600.0,2574.0
621,0.0,0.0,0.0,0.0,0.0,0.0,2556.0,0.0,3600.0,2556.0
622,0.0,0.0,0.0,0.0,0.0,0.0,2478.0,0.0,3600.0,2478.0
623,0.0,0.0,0.0,0.0,0.0,0.0,2574.0,0.0,3600.0,2574.0
624,0.0,0.0,0.0,0.0,0.0,0.0,2532.0,0.0,7200.0,2532.0
625,0.0,0.0,0.0,0.0,0.0,0.0,2430.0,0.0,7200.0,2430.0
626,0.0,0.0,0.0,0.0,0.0,0.0,2622.0,0.0,7200.0,2622.0
627,0.0,0.0,0.0,0.0,0.0,0.0,2328.0,12000.0,17094.0,2328.0
628,0.0,0.0,0.0,0.0,0.0,0.0,2106.0,12000.0,26988.0,2106.0
629,0.0,0.0,0.0,0.0,0.0,0.0,2112.0,0.0,26988.0,2112.0
630,0.0,0.0,0.0,0.0,0.0,0.0,2220.0,0.0,26988.0,2220.0
631,0.0,0.0,0.0,0.0,0.0,0.0,2274.0,0.0,26988.0,2274.0
632,0.0,0.0,0.0,0.0,0.0,0.0,2328.0,0.0,26988.0,2328.0
633,70.992,0.0,0.0,0.0,0.0,0.0,2259.13776,0.0,26988.0,2330.1297600000003
634,41.4498,0.0,0.0,0.0,0.0,0.0,2395.793694,0.0,26988.0,2437.243494
635,630.705,0.0,0.0,0.0,0.0,0.0,1734.21615,0.0,26988.0,2364.92115
636,781.221,0.0,0.0,0.0,0.0,0.0,1450.21563,0.0,26988.0,2231.43663
637,610.32,0.0,0.0,0.0,0.0,0.0,1585.9896,0.0,26988.0,2196.3096
638,39.1548,0.0,0.0,0.0,0.0,0.0,2104.019844,0.0,26988.0,2143.174644
639,102.7005,0.0,0.0,0.0,0.0,0.0,2138.380515,0.0,26988.0,2241.081015
640,0.0,0.0,0.0,0.0,0.0,0.0,2172.0,0.0,26988.0,2172.0
641,0.0,0.0,0.0,0.0,2597.9381443299,0.0,-1.7546508576002099e-13,0.0,24012.1258369646,2597.9381443299
642,0.0,0.0,0.0,0.0,2632.30240549828,0.0,1.79298891121779e-13,0.0,20996.8882590743,2632.30240549828
643,0.0,0.0,0.0,0.0,0.0,0.0,2346.0,0.0,20996.8882590743,2346.0
644,0.0,0.0,0.0,0.0,0.0,0.0,2526.0,0.0,20996.8882590743,2526.0
645,0.0,0.0,0.0,0.0,0.0,0.0,2622.0,0.0,20996.8882590743,2622.0
646,0.0,0.0,0.0,0.0,0.0,0.0,2532.0,0.0,20996.8882590743,2532.0
647,0.0,0.0,0.0,0.0,0.0,0.0,2574.0,0.0,20996.8882590743,2574.0
648,0.0,0.0,0.0,0.0,0.0,0.0,2508.0,0.0,20996.8882590743,2508.0
649,0.0,0.0,0.0,0.0,0.0,0.0,2412.0,0.0,20996.8882590743,2412.0
650,0.0,0.0,0.0,0.0,0.0,0.0,2532.0,0.0,20996.8882590743,2532.0
651,0.0,0.0,0.0,0.0,0.0,0.0,2436.0,8005.47982657572,27597.4063760859,2436.0
652,0.0,0.0,0.0,0.0,0.0,0.0,2388.0,0.0,27597.4063760859,2388.0
653,0.0,0.0,0.0,0.0,0.0,0.0,2316.0,0.0,27597.4063760859,2316.0
654,0.0,0.0,0.0,0.0,0.0,0.0,2556.0,0.0,27597.4063760859,2556.0
655,0.0,0.0,0.0,0.0,3120.27491408935,0.0,5.60196776328492e-14,0.0,24023.2083072551,3120.27491408935
656,0.0,0.0,0.0,0.0,3161.51202749141,0.0,8.47420125671253e-14,0.0,20401.7741405982,3161.51202749141
657,102.3237,0.0,0.0,0.0,2917.23483505155,0.0,-1.04866808863144e-13,0.0,17060.1534818909,3019.55853505155
658,57.3471,0.0,0.0,0.0,2925.97172164948,0.0,-3.8973771380854906e-15,0.0,13708.5249347551,2983.31882164948
659,73.1412,0.0,0.0,0.0,0.0,0.0,2533.053036,0.0,13708.5249347551,2606.194236
660,88.5648,0.0,0.0,0.0,0.0,0.0,2380.092144,0.0,13708.5249347551,2468.6569440000003
661,71.9322,0.0,0.0,0.0,0.0,0.0,2492.225766,0.0,13708.5249347551,2564.157966
662,39.1254,0.0,0.0,0.0,0.0,0.0,2506.048362,0.0,13708.5249347551,2545.173762
663,62.3319,0.0,0.0,0.0,0.0,0.0,2585.538057,0.0,13708.5249347551,2647.8699570000003
664,0.0,0.0,0.0,0.0,2941.58075601375,0.0,1.96219184466908e-13,0.0,10339.0166231701,2941.58075601375
665,0.0,0.0,0.0,0.0,2948.45360824742,0.0,-1.29822457480615e-13,0.0,6961.63562861405,2948.45360824742
666,0.0,0.0,0.0,0.0,2934.70790378007,0.0,1.25266389090548e-13,0.0,3600.0,2934.70790378007
667,0.0,0.0,0.0,0.0,0.0,0.0,2580.0,0.0,3600.0,2580.0
668,0.0,0.0,0.0,0.0,0.0,0.0,2412.0,0.0,3600.0,2412.0
669,0.0,0.0,0.0,0.0,0.0,0.0,2286.0,0.0,3600.0,2286.0
670,0.0,0.0,0.0,0.0,0.0,0.0,2268.0,0.0,3600.0,2268.0
671,0.0,0.0,0.0,0.0,0.0,0.0,2490.0,0.0,3600.0,2490.0
672,0.0,0.0,0.0,0.0,0.0,0.0,2442.0,0.0,7200.0,2442.0
673,0.0,0.0,0.0,0.0,0.0,0.0,2286.0,0.0,7200.0,2286.0
674,0.0,0.0,0.0,0.0,0.0,0.0,2436.0,12000.0,17094.0,2436.0
675,0.0,0.0,0.0,0.0,0.0,0.0,2250.0,12000.0,26988.0,2250.0
676,0.0,0.0,0.0,0.0,0.0,0.0,2322.0,4230.53449594957,30476.0756919104,2322.0
677,0.0,0.0,0.0,0.0,0.0,0.0,2094.0,0.0,30476.0756919104,2094.0
678,0.0,0.0,0.0,0.0,0.0,0.0,2232.0,0.0,30476.0756919104,2232.0
679,0.0,0.0,0.0,0.0,2762.88659793814,0.0,-6.057574602291611e-14,0.0,27311.2571375712,2762.88659793814
680,0.0,0.0,0.0,0.0,2859.10652920962,0.0,1.38774514598356e-13,0.0,24036.2210216381,2859.10652920962
681,70.7121,0.0,0.0,0.0,2643.08048453608,0.0,-1.14448751836463e-13,0.0,21008.6374196494,2713.79258453608
682,56.9088,0.0,0.0,0.0,2575.94325773196,0.0,1.91931702989002e-13,0.0,18057.9578575281,2632.85205773196
683,72.8238,0.0,0.0,0.0,2723.20837800687,0.0,-1.38408025701852e-13,0.0,14938.589726936,2796.0321780068703
684,963.435,0.0,0.0,0.0,1651.16615120275,0.0,6.88714261642125e-14,0.0,13047.2195651917,2614.60115120275
685,71.8146,0.0,0.0,0.0,0.0,0.0,2276.339838,0.0,13047.2195651917,2348.154438
686,576.072,0.0,0.0,0.0,0.0,0.0,1847.21016,0.0,13047.2195651917,2423.28216
687,38.6988,0.0,0.0,0.0,0.0,0.0,2560.462164,0.0,13047.2195651917,2599.160964
688,0.0,0.0,0.0,0.0,2859.10652920962,0.0,1.38774514598356e-13,0.0,9772.18344925859,2859.10652920962
689,0.0,0.0,0.0,0.0,2810.99656357388,0.0,3.90993842877199e-14,0.0,6552.25611412241,2810.99656357388
690,0.0,0.0,0.0,0.0,2577.31958762887,0.0,8.670965434782951e-15,0.0,3600.0,2577.31958762887
691,0.0,0.0,0.0,0.0,0.0,0.0,2352.0,0.0,3600.0,2352.0
692,0.0,0.0,0.0,0.0,0.0,0.0,2358.0,0.0,3600.0,2358.0
693,0.0,0.0,0.0,0.0,0.0,0.0,2328.0,0.0,3600.0,2328.0
694,0.0,0.0,0.0,0.0,0.0,0.0,2352.0,0.0,3600.0,2352.0
695,0.0,0.0,0.0,0.0,0.0,0.0,2376.0,0.0,3600.0,2376.0
696,0.0,0.0,0.0,0.0,0.0,0.0,2340.0,0.0,3600.0,2340.0
697,0.0,0.0,0.0,0.0,0.0,0.0,2268.0,0.0,3600.0,2268.0
698,0.0,0.0,0.0,0.0,0.0,0.0,2220.0,0.0,3600.0,2220.0
699,0.0,0.0,0.0,0.0,0.0,0.0,2214.0,7734.23069315271,9976.87320650441,2214.0
700,0.0,0.0,0.0,0.0,0.0,0.0,2154.0,0.0,9976.87320650441,2154.0
701,0.0,0.0,0.0,0.0,0.0,0.0,2082.0,0.0,9976.87320650441,2082.0
702,0.0,0.0,0.0,0.0,0.0,0.0,2166.0,0.0,9976.87320650441,2166.0
703,0.0,0.0,0.0,0.0,0.0,0.0,2280.0,0.0,9976.87320650441,2280.0
704,0.0,0.0,0.0,0.0,0.0,0.0,2244.0,0.0,9976.87320650441,2244.0
705,195.5949,0.0,0.0,0.0,0.0,0.0,2030.272947,0.0,9976.87320650441,2225.867847
706,313.542,0.0,0.0,0.0,0.0,0.0,2005.86426,0.0,9976.87320650441,2319.40626
707,281.9571,0.0,0.0,0.0,0.0,0.0,1976.501613,0.0,9976.87320650441,2258.458713
708,689.646,0.0,0.0,0.0,0.0,0.0,1545.04338,0.0,9976.87320650441,2234.68938
709,593.574,0.0,0.0,0.0,0.0,0.0,1692.23322,0.0,9976.87320650441,2285.80722
710,23.29398,0.0,0.0,0.0,0.0,0.0,2203.4048394,0.0,9976.87320650441,2226.6988194
711,46.6908,0.0,0.0,0.0,0.0,0.0,2306.709924,0.0,9976.87320650441,2353.400724
712,0.0,0.0,0.0,0.0,0.0,0.0,2460.0,0.0,9976.87320650441,2460.0
713,0.0,0.0,0.0,0.0,2831.61512027491,0.0,-1.45036666907084e-13,0.0,6733.32782245525,2831.61512027491
714,0.0,0.0,0.0,0.0,2735.39518900344,0.0,5.26075097955275e-14,0.0,3600.0,2735.39518900344
715,0.0,0.0,0.0,0.0,0.0,0.0,2370.0,0.0,3600.0,2370.0
716,0.0,0.0,0.0,0.0,0.0,0.0,2256.0,0.0,3600.0,2256.0
717,0.0,0.0,0.0,0.0,0.0,0.0,2256.0,0.0,3600.0,2256.0
718,0.0,0.0,0.0,0.0,0.0,0.0,2328.0,0.0,3600.0,2328.0
719,0.0,0.0,0.0,0.0,0.0,0.0,2244.0,0.0,3600.0,2244.0
720,0.0,0.0,0.0,0.0,0.0,0.0,2232.0,0.0,7200.0,2232.0
721,0.0,0.0,0.0,0.0,0.0,0.0,2184.0,0.0,7200.0,2184.0
722,0.0,0.0,0.0,0.0,0.0,0.0,2088.0,12000.0,17094.0,2088.0
723,0.0,0.0,0.0,0.0,0.0,0.0,2262.0,12000.0,26988.0,2262.0
724,0.0,0.0,0.0,0.0,0.0,0.0,2058.0,12000.0,36882.0,2058.0
725,0.0,0.0,0.0,0.0,0.0,0.0,2082.0,418.977293747652,37227.4467786949,2082.0
726,0.0,0.0,0.0,0.0,0.0,0.0,2034.0,0.0,37227.4467786949,2034.0
727,0.0,0.0,0.0,0.0,0.0,0.0,2184.0,0.0,37227.4467786949,2184.0
728,0.0,0.0,0.0,0.0,0.0,0.0,2292.0,0.0,37227.4467786949,2292.0
729,101.7222,0.0,0.0,0.0,0.0,0.0,2217.329466,0.0,37227.4467786949,2319.0516660000003
730,56.1156,0.0,0.0,0.0,0.0,0.0,2279.567868,0.0,37227.4467786949,2335.683468
731,88.5408,0.0,0.0,0.0,0.0,0.0,2302.115424,0.0,37227.4467786949,2390.6562240000003
732,88.4694,0.0,0.0,0.0,0.0,0.0,2314.184682,0.0,37227.4467786949,2402.654082
733,72.1416,0.0,0.0,0.0,0.0,0.0,2282.022648,0.0,37227.4467786949,2354.164248
734,39.2277,0.0,0.0,0.0,0.0,0.0,2277.949131,0.0,37227.4467786949,2317.176831
735,92.0307,0.0,0.0,0.0,0.0,0.0,2304.730221,0.0,37227.4467786949,2396.760921
736,0.0,0.0,0.0,0.0,0.0,0.0,2418.0,0.0,37227.4467786949,2418.0
737,0.0,0.0,0.0,0.0,0.0,0.0,2370.0,0.0,37227.4467786949,2370.0
738,0.0,0.0,0.0,0.0,0.0,0.0,2196.0,0.0,37227.4467786949,2196.0
739,0.0,0.0,0.0,0.0,0.0,0.0,2220.0,0.0,37227.4467786949,2220.0
740,0.0,0.0,0.0,0.0,0.0,0.0,2424.0,0.0,37227.4467786949,2424.0
741,0.0,0.0,0.0,0.0,0.0,0.0,2460.0,0.0,37227.4467786949,2460.0
742,0.0,0.0,0.0,0.0,0.0,0.0,2316.0,0.0,37227.4467786949,2316.0
743,0.0,0.0,0.0,0.0,0.0,0.0,2436.0,0.0,37227.4467786949,2436.0
744,0.0,0.0,0.0,0.0,0.0,0.0,2496.0,0.0,37227.4467786949,2496.0
745,0.0,0.0,0.0,0.0,0.0,0.0,2466.0,0.0,37227.4467786949,2466.0
746,0.0,0.0,0.0,0.0,0.0,0.0,2532.0,0.0,37227.4467786949,2532.0
747,0.0,0.0,0.0,0.0,0.0,0.0,2442.0,12000.0,47121.4467786949,2442.0
748,0.0,0.0,0.0,0.0,0.0,0.0,2430.0,0.0,47121.4467786949,2430.0
749,0.0,0.0,0.0,0.0,0.0,0.0,2334.0,0.0,47121.4467786949,2334.0
750,0.0,0.0,0.0,0.0,0.0,0.0,2574.0,0.0,47121.4467786949,2574.0
751,0.0,0.0,0.0,0.0,3079.03780068729,0.0,2.7297342698573e-14,0.0,43594.48480769,3079.03780068729
752,0.0,0.0,0.0,0.0,3092.78350515464,0.0,1.69202933451293e-13,0.0,40051.7774707431,3092.78350515464
753,119.2629,0.0,0.0,0.0,2925.90491065292,0.0,1.82548918045194e-13,0.0,36700.2254539586,3045.1678106529203
754,57.9072,0.0,0.0,0.0,3007.82361512028,0.0,-1.89743645479865e-13,0.0,33254.8375786776,3065.73081512028
755,90.1707,0.0,0.0,0.0,2600.84126116838,0.0,-7.85987430497521e-14,0.0,30275.6379668009,2691.01196116838
756,106.0503,0.0,0.0,0.0,2576.32440893471,0.0,-5.54501788326883e-14,0.0,27324.5218053637,2682.37470893471
757,89.4132,0.0,0.0,0.0,2636.04718900344,0.0,-1.8994930572623899e-13,0.0,24304.9946701936,2725.46038900344
758,56.1189,0.0,0.0,0.0,2686.78656013746,0.0,1.91219105545559e-13,0.0,21227.3468349846,2742.90546013746
759,98.6472,0.0,0.0,0.0,3058.77687972509,0.0,1.15482338145023e-13,0.0,17723.5932499616,3157.42407972509
760,0.0,0.0,0.0,0.0,3044.6735395189,0.0,6.952780314065681e-14,0.0,14235.9946938117,3044.6735395189
761,0.0,0.0,0.0,0.0,3099.65635738832,0.0,-1.5683870849622998e-13,0.0,10685.4146738938,3099.65635738832
762,0.0,0.0,0.0,0.0,3106.52920962199,0.0,-8.58859131198706e-14,0.0,7126.96197100491,3106.52920962199
763,0.0,0.0,0.0,0.0,3079.03780068729,0.0,2.7297342698573e-14,0.0,3600.0,3079.03780068729
764,0.0,0.0,0.0,0.0,0.0,0.0,2700.0,0.0,3600.0,2700.0
765,0.0,0.0,0.0,0.0,0.0,0.0,2718.0,0.0,3600.0,2718.0
766,0.0,0.0,0.0,0.0,0.0,0.0,2676.0,0.0,3600.0,2676.0
767,0.0,0.0,0.0,0.0,0.0,0.0,2760.0,0.0,3600.0,2760.0
768,0.0,0.0,0.0,0.0,0.0,0.0,2730.0,0.0,7200.0,2730.0
769,0.0,0.0,0.0,0.0,0.0,0.0,2616.0,0.0,7200.0,2616.0
770,0.0,0.0,0.0,0.0,0.0,0.0,2700.0,5146.41811293617,11443.2217341159,2700.0
771,0.0,0.0,0.0,0.0,0.0,0.0,2640.0,12000.0,21337.2217341159,2640.0
772,0.0,0.0,0.0,0.0,0.0,0.0,2748.0,0.0,21337.2217341159,2748.0
773,0.0,0.0,0.0,0.0,0.0,0.0,2430.0,0.0,21337.2217341159,2430.0
774,0.0,0.0,0.0,0.0,0.0,0.0,2412.0,0.0,21337.2217341159,2412.0
775,0.0,0.0,0.0,0.0,2673.53951890034,0.0,-1.88973211267828e-13,0.0,18274.7480583996,2673.53951890034
776,0.0,0.0,0.0,0.0,2652.92096219931,0.0,-4.8371600730247e-15,0.0,15235.8924315962,2652.92096219931
777,103.4133,0.0,0.0,0.0,2434.92451202749,0.0,-1.68478698526493e-13,0.0,12446.7463697091,2538.33781202749
778,57.3588,0.0,0.0,0.0,2561.69755326461,0.0,-1.43242400068884e-13,0.0,9512.38491121582,2619.05635326461
779,89.5722,0.0,0.0,0.0,0.0,0.0,2271.114966,0.0,9512.38491121582,2360.687166
780,105.4326,0.0,0.0,0.0,0.0,0.0,2279.730378,0.0,9512.38491121582,2385.1629780000003
781,89.0082,0.0,0.0,0.0,0.0,0.0,2229.662046,0.0,9512.38491121582,2318.670246
782,55.9854,0.0,0.0,0.0,0.0,0.0,2243.694162,0.0,9512.38491121582,2299.679562
783,103.0941,0.0,0.0,0.0,0.0,0.0,2305.998723,0.0,9512.38491121582,2409.092823
784,0.0,0.0,0.0,0.0,2591.06529209622,0.0,1.50576556187503e-13,0.0,6544.38343115142,2591.06529209622
785,0.0,0.0,0.0,0.0,2570.44673539519,0.0,-6.22818299415769e-14,0.0,3600.0,2570.44673539519
786,0.0,0.0,0.0,0.0,0.0,0.0,2292.0,0.0,3600.0,2292.0
787,0.0,0.0,0.0,0.0,0.0,0.0,2352.0,0.0,3600.0,2352.0
788,0.0,0.0,0.0,0.0,0.0,0.0,2352.0,0.0,3600.0,2352.0
789,0.0,0.0,0.0,0.0,0.0,0.0,2346.0,0.0,3600.0,2346.0
790,0.0,0.0,0.0,0.0,0.0,0.0,2310.0,0.0,3600.0,2310.0
791,0.0,0.0,0.0,0.0,0.0,0.0,2394.0,0.0,3600.0,2394.0
792,0.0,0.0,0.0,0.0,0.0,0.0,2364.0,0.0,3600.0,2364.0
793,0.0,0.0,0.0,0.0,0.0,0.0,2280.0,1886.90882366321,5155.75632511032,2280.0
794,0.0,0.0,0.0,0.0,0.0,0.0,2352.0,12000.0,15049.7563251103,2352.0
795,0.0,0.0,0.0,0.0,0.0,0.0,2304.0,12000.0,24943.7563251103,2304.0
796,0.0,0.0,0.0,0.0,0.0,0.0,2268.0,0.0,24943.7563251103,2268.0
797,0.0,0.0,0.0,0.0,0.0,0.0,2178.0,0.0,24943.7563251103,2178.0
798,0.0,0.0,0.0,0.0,0.0,0.0,2346.0,0.0,24943.7563251103,2346.0
799,0.0,0.0,0.0,0.0,2783.50515463918,0.0,1.52282640106164e-13,0.0,21755.3197218581,2783.50515463918
800,11.95191,0.0,0.0,0.0,2749.60669793814,0.0,1.38580003824164e-13,0.0,18605.7129659152,2761.55860793814
801,150.5475,0.0,0.0,0.0,2465.02740549828,0.0,-1.1992136340846801e-14,0.0,15782.0847809229,2615.5749054982803
802,56.946,0.0,0.0,0.0,2699.61326460481,0.0,-1.56639833078378e-13,0.0,12689.7442716391,2756.55926460481
803,89.1117,0.0,0.0,0.0,2698.23785910653,0.0,-1.89384085553168e-13,0.0,9598.97925548037,2787.34955910653
804,105.1587,0.0,0.0,0.0,2632.29789347079,0.0,-1.12194168811416e-13,0.0,6583.74684600638,2737.45659347079
805,88.7589,0.0,0.0,0.0,0.0,0.0,2181.903867,0.0,6583.74684600638,2270.662767
806,55.7109,0.0,0.0,0.0,0.0,0.0,2255.960427,0.0,6583.74684600638,2311.671327
807,76.6707,0.0,0.0,0.0,0.0,0.0,2319.629421,0.0,6583.74684600638,2396.300121
808,0.0,0.0,0.0,0.0,0.0,0.0,2298.0,0.0,6583.74684600638,2298.0
809,0.0,0.0,0.0,0.0,2604.81099656357,0.0,-1.04512290383661e-13,0.0,3600.0,2604.81099656357
810,0.0,0.0,0.0,0.0,0.0,0.0,2268.0,0.0,3600.0,2268.0
811,0.0,0.0,0.0,0.0,0.0,0.0,2304.0,0.0,3600.0,2304.0
812,0.0,0.0,0.0,0.0,0.0,0.0,2340.0,0.0,3600.0,2340.0
813,0.0,0.0,0.0,0.0,0.0,0.0,2352.0,0.0,3600.0,2352.0
814,0.0,0.0,0.0,0.0,0.0,0.0,2268.0,0.0,3600.0,2268.0
815,0.0,0.0,0.0,0.0,0.0,0.0,2412.0,0.0,3600.0,2412.0
816,0.0,0.0,0.0,0.0,0.0,0.0,2382.0,12000.0,17094.0,2382.0
817,0.0,0.0,0.0,0.0,0.0,0.0,2286.0,12000.0,26988.0,2286.0
818,0.0,0.0,0.0,0.0,0.0,0.0,2394.0,12000.0,36882.0,2394.0
819,0.0,0.0,0.0,0.0,0.0,0.0,2280.0,12000.0,46776.0,2280.0
820,0.0,0.0,0.0,0.0,0.0,0.0,2346.0,12000.0,56670.0,2346.0
821,0.0,0.0,0.0,0.0,0.0,0.0,2184.0,9036.82947940795,64120.8659057719,2184.0
822,0.0,0.0,0.0,0.0,0.0,0.0,2334.0,0.0,64120.8659057719,2334.0
823,0.0,0.0,0.0,0.0,0.0,0.0,2370.0,0.0,64120.8659057719,2370.0
824,0.0,0.0,0.0,0.0,2714.77663230241,0.0,-1.60250876333552e-13,0.0,61011.1561322296,2714.77663230241
825,8.24367,0.0,0.0,0.0,2581.90565876289,0.0,-1.47753976771336e-13,0.0,58053.6467865676,2590.14932876289
826,24.87915,0.0,0.0,0.0,2549.67608762887,0.0,-8.414659886634571e-14,0.0,55133.0556208988,2574.55523762887
827,41.1978,0.0,0.0,0.0,0.0,0.0,2234.038134,0.0,55133.0556208988,2275.235934
828,89.5773,0.0,0.0,0.0,0.0,0.0,2241.110019,0.0,55133.0556208988,2330.687319
829,480.891,0.0,0.0,0.0,0.0,0.0,1855.53573,0.0,55133.0556208988,2336.42673
830,151.9677,0.0,0.0,0.0,2463.44940549828,0.0,-7.88428000122496e-14,0.0,52311.234996044,2615.4171054982803
831,167.5677,0.0,0.0,0.0,2521.7174467354,0.0,-2.18958763178716e-14,0.0,49422.6697649611,2689.2851467354
832,0.0,0.0,0.0,0.0,2652.92096219931,0.0,-4.8371600730247e-15,0.0,46383.8141381577,2652.92096219931
833,0.0,0.0,0.0,0.0,2577.31958762887,0.0,8.670965434782951e-15,0.0,43431.5580240353,2577.31958762887
834,0.0,0.0,0.0,0.0,2536.0824742268,0.0,-2.00513694994932e-14,0.0,40526.5380077388,2536.0824742268
835,0.0,0.0,0.0,0.0,2632.30240549828,0.0,1.79298891121779e-13,0.0,37511.3004298485,2632.30240549828
836,0.0,0.0,0.0,0.0,0.0,0.0,2376.0,0.0,37511.3004298485,2376.0
837,0.0,0.0,0.0,0.0,0.0,0.0,2274.0,0.0,37511.3004298485,2274.0
838,0.0,0.0,0.0,0.0,0.0,0.0,2268.0,0.0,37511.3004298485,2268.0
839,0.0,0.0,0.0,0.0,0.0,0.0,2286.0,0.0,37511.3004298485,2286.0
840,0.0,0.0,0.0,0.0,0.0,0.0,2220.0,0.0,37511.3004298485,2220.0
841,0.0,0.0,0.0,0.0,0.0,0.0,2214.0,0.0,37511.3004298485,2214.0
842,0.0,0.0,0.0,0.0,0.0,0.0,2406.0,0.0,37511.3004298485,2406.0
843,0.0,0.0,0.0,0.0,0.0,0.0,2238.0,0.0,37511.3004298485,2238.0
844,0.0,0.0,0.0,0.0,0.0,0.0,2256.0,0.0,37511.3004298485,2256.0
845,0.0,0.0,0.0,0.0,0.0,0.0,2070.0,0.0,37511.3004298485,2070.0
846,0.0,0.0,0.0,0.0,2515.46391752577,0.0,1.6408468169530998e-13,0.0,34629.898462465,2515.46391752577
847,0.0,0.0,0.0,0.0,2542.95532646048,0.0,5.09014258768667e-14,0.0,31717.0057631976,2542.95532646048
848,0.0,0.0,0.0,0.0,2584.19243986254,0.0,7.96237608111428e-14,0.0,28756.8769661042,2584.19243986254
849,7.61091,0.0,0.0,0.0,2493.26164639175,0.0,2.12545743607815e-14,0.0,25900.9071535134,2500.87255639175
850,56.34,0.0,0.0,0.0,2913.34501718213,0.0,-6.66749410932572e-14,0.0,22563.7421853781,2969.68501718213
851,596.724,0.0,0.0,0.0,2450.375395189,0.0,9.84854427258402e-14,0.0,19756.8975173494,3047.099395189
852,860.613,0.0,0.0,0.0,2019.70835051546,0.0,4.3832863295484e-14,0.0,17443.3713426467,2880.32135051546
853,2223.201,0.0,0.0,0.0,553.831649484536,0.0,1.51946573536402e-14,0.0,16808.9708277732,2777.032649484536
854,2206.155,0.0,0.0,0.0,394.077491408935,0.0,5.8727733634514806e-15,0.0,16357.5647665946,2600.232491408935
855,244.4226,0.0,0.0,0.0,2745.60146391753,0.0,1.22201984467405e-13,0.0,13212.5459075826,2990.02406391753
856,0.0,0.0,0.0,0.0,2879.72508591065,0.0,-4.53615365964477e-14,0.0,9913.89174273646,2879.72508591065
857,0.0,0.0,0.0,0.0,2756.01374570447,0.0,-1.31528541399276e-13,0.0,6756.94587136823,2756.01374570447
858,0.0,0.0,0.0,0.0,2756.01374570447,0.0,-1.31528541399276e-13,0.0,3600.0,2756.01374570447
859,0.0,0.0,0.0,0.0,0.0,0.0,2400.0,0.0,3600.0,2400.0
860,0.0,0.0,0.0,0.0,0.0,0.0,2328.0,0.0,3600.0,2328.0
861,0.0,0.0,0.0,0.0,0.0,0.0,2376.0,0.0,3600.0,2376.0
862,0.0,0.0,0.0,0.0,0.0,0.0,2430.0,0.0,3600.0,2430.0
863,0.0,0.0,0.0,0.0,0.0,0.0,2358.0,0.0,3600.0,2358.0
864,0.0,0.0,0.0,0.0,0.0,0.0,2370.0,0.0,7200.0,2370.0
865,0.0,0.0,0.0,0.0,0.0,0.0,2292.0,0.0,7200.0,2292.0
866,0.0,0.0,0.0,0.0,0.0,0.0,2286.0,0.0,7200.0,2286.0
867,0.0,0.0,0.0,0.0,0.0,0.0,2238.0,0.0,7200.0,2238.0
868,0.0,0.0,0.0,0.0,0.0,0.0,2262.0,0.0,7200.0,2262.0
869,0.0,0.0,0.0,0.0,0.0,0.0,2262.0,0.0,7200.0,2262.0
870,0.0,0.0,0.0,0.0,0.0,0.0,2394.0,0.0,7200.0,2394.0
871,0.0,0.0,0.0,0.0,0.0,0.0,2484.0,0.0,7200.0,2484.0
872,0.0,0.0,0.0,0.0,0.0,0.0,2490.0,0.0,7200.0,2490.0
873,74.2548,0.0,0.0,0.0,0.0,0.0,2339.972844,0.0,7200.0,2414.227644
874,157.0899,0.0,0.0,0.0,0.0,0.0,2187.622797,0.0,7200.0,2344.712697
875,206.6523,0.0,0.0,0.0,0.0,0.0,2259.547269,0.0,7200.0,2466.1995690000003
876,223.3365,0.0,0.0,0.0,0.0,0.0,2255.363595,0.0,7200.0,2478.700095
877,206.7945,0.0,0.0,0.0,0.0,0.0,2223.409335,0.0,7200.0,2430.203835
878,140.1381,0.0,0.0,0.0,0.0,0.0,2456.066043,0.0,7200.0,2596.204143
879,100.611,0.0,0.0,0.0,0.0,0.0,2488.40733,0.0,7200.0,2589.01833
880,0.0,0.0,0.0,0.0,0.0,0.0,2556.0,0.0,7200.0,2556.0
881,0.0,0.0,0.0,0.0,2886.59793814433,0.0,2.5591258779912202e-14,0.0,3893.4731521829,2886.59793814433
882,0.0,0.0,0.0,0.0,256.20206185567,0.0,2194.3356,0.0,3600.0,2450.5376618556697
883,0.0,0.0,0.0,0.0,0.0,0.0,2442.0,0.0,3600.0,2442.0
884,0.0,0.0,0.0,0.0,0.0,0.0,2214.0,0.0,3600.0,2214.0
885,0.0,0.0,0.0,0.0,0.0,0.0,2100.0,0.0,3600.0,2100.0
886,0.0,0.0,0.0,0.0,0.0,0.0,2124.0,0.0,3600.0,2124.0
887,0.0,0.0,0.0,0.0,0.0,0.0,2124.0,0.0,3600.0,2124.0
888,0.0,0.0,0.0,0.0,0.0,0.0,2010.0,0.0,3600.0,2010.0
889,0.0,0.0,0.0,0.0,0.0,0.0,2094.0,0.0,3600.0,2094.0
890,0.0,0.0,0.0,0.0,0.0,0.0,2016.0,0.0,3600.0,2016.0
891,0.0,0.0,0.0,0.0,0.0,0.0,1992.0,0.0,3600.0,1992.0
892,0.0,0.0,0.0,0.0,0.0,0.0,1944.0,0.0,3600.0,1944.0
893,0.0,0.0,0.0,0.0,0.0,0.0,1944.0,0.0,3600.0,1944.0
894,0.0,0.0,0.0,0.0,0.0,0.0,1818.0,0.0,3600.0,1818.0
895,0.0,0.0,0.0,0.0,0.0,0.0,1866.0,0.0,3600.0,1866.0
896,155.1789,0.0,0.0,0.0,0.0,0.0,1847.476467,0.0,3600.0,2002.655367
897,524.34,0.0,0.0,0.0,0.0,0.0,1495.3902,0.0,3600.0,2019.7302
898,192.0303,0.0,0.0,0.0,0.0,0.0,1991.730609,0.0,3600.0,2183.760909
899,2375.25773195876,29.1252680412367,0.0,0.0,0.0,0.0,-1.3225178111862998e-13,0.0,3624.0137835,2375.25773195876
900,2344.32989690722,469.745103092783,0.0,0.0,0.0,0.0,-4.66738675200271e-14,0.0,4011.318621,2344.32989690722
901,897.978,0.0,0.0,0.0,0.0,0.0,1468.96134,0.0,4011.318621,2366.93934
902,174.0759,0.0,0.0,0.0,0.0,0.0,2213.146377,0.0,4011.318621,2387.222277
903,322.977,0.0,0.0,0.0,0.0,0.0,2014.71231,0.0,4011.318621,2337.68931
904,0.0,0.0,0.0,0.0,0.0,0.0,2340.0,0.0,4011.318621,2340.0
905,0.0,0.0,0.0,0.0,0.0,0.0,2352.0,0.0,4011.318621,2352.0
906,0.0,0.0,0.0,0.0,359.081156133,0.0,2068.52215069589,0.0,3600.0,2427.6033068288903
907,0.0,0.0,0.0,0.0,0.0,0.0,2328.0,0.0,3600.0,2328.0
908,0.0,0.0,0.0,0.0,0.0,0.0,2478.0,0.0,3600.0,2478.0
909,0.0,0.0,0.0,0.0,0.0,0.0,2526.0,0.0,3600.0,2526.0
910,0.0,0.0,0.0,0.0,0.0,0.0,2502.0,0.0,3600.0,2502.0
911,0.0,0.0,0.0,0.0,0.0,0.0,2550.0,0.0,3600.0,2550.0
912,0.0,0.0,0.0,0.0,0.0,0.0,2574.0,12000.0,17094.0,2574.0
913,0.0,0.0,0.0,0.0,0.0,0.0,2514.0,12000.0,26988.0,2514.0
914,0.0,0.0,0.0,0.0,0.0,0.0,2610.0,12000.0,36882.0,2610.0
915,0.0,0.0,0.0,0.0,0.0,0.0,2466.0,12000.0,46776.0,2466.0
916,0.0,0.0,0.0,0.0,0.0,0.0,2526.0,12000.0,56670.0,2526.0
917,0.0,0.0,0.0,0.0,0.0,0.0,2430.0,0.0,56670.0,2430.0
918,0.0,0.0,0.0,0.0,0.0,0.0,2676.0,0.0,56670.0,2676.0
919,0.0,0.0,0.0,0.0,0.0,0.0,2652.0,0.0,56670.0,2652.0
920,63.2619,0.0,0.0,0.0,3008.74680068729,0.0,1.35402350310953e-13,0.0,53223.554638388,3072.00870068729
921,60.5979,0.0,0.0,0.0,3032.32535738832,0.0,4.93174453699708e-15,0.0,49750.1006207611,3092.92325738832
922,1483.389,0.0,0.0,0.0,1375.84498281787,0.0,9.29387144715894e-14,0.0,48174.1040768689,2859.23398281787
923,2746.39175257732,412.93824742268,0.0,0.0,0.0,0.0,1.6412804677774e-13,0.0,48514.5716618689,2746.39175257732
924,2000.826,0.0,0.0,0.0,0.0,0.0,753.19878,0.0,48514.5716618689,2754.02478
925,990.966,0.0,0.0,0.0,0.0,0.0,1696.76298,0.0,48514.5716618689,2687.72898
926,683.121,0.0,0.0,0.0,0.0,0.0,1869.37263,0.0,48514.5716618689,2552.49363
927,244.6446,0.0,0.0,0.0,0.0,0.0,2384.694738,0.0,48514.5716618689,2629.339338
928,0.0,0.0,0.0,0.0,0.0,0.0,2610.0,0.0,48514.5716618689,2610.0
929,0.0,0.0,0.0,0.0,2907.21649484536,0.0,-1.58544792414891e-13,0.0,45184.4267651388,2907.21649484536
930,0.0,0.0,0.0,0.0,690.996383148297,0.0,2042.76015751154,0.0,44392.9074259082,2733.756540659837
931,0.0,0.0,0.0,0.0,0.0,0.0,2586.0,0.0,44392.9074259082,2586.0
932,0.0,0.0,0.0,0.0,0.0,0.0,2574.0,0.0,44392.9074259082,2574.0
933,0.0,0.0,0.0,0.0,0.0,0.0,2610.0,0.0,44392.9074259082,2610.0
934,0.0,0.0,0.0,0.0,0.0,0.0,2448.0,0.0,44392.9074259082,2448.0
935,0.0,0.0,0.0,0.0,0.0,0.0,2496.0,0.0,44392.9074259082,2496.0
936,0.0,0.0,0.0,0.0,0.0,0.0,2490.0,0.0,44392.9074259082,2490.0
937,0.0,0.0,0.0,0.0,0.0,0.0,2520.0,0.0,44392.9074259082,2520.0
938,0.0,0.0,0.0,0.0,0.0,0.0,2562.0,0.0,44392.9074259082,2562.0
939,0.0,0.0,0.0,0.0,0.0,0.0,2502.0,0.0,44392.9074259082,2502.0
940,0.0,0.0,0.0,0.0,0.0,0.0,2550.0,0.0,44392.9074259082,2550.0
941,0.0,0.0,0.0,0.0,0.0,0.0,2328.0,0.0,44392.9074259082,2328.0
942,0.0,0.0,0.0,0.0,0.0,0.0,2370.0,0.0,44392.9074259082,2370.0
943,0.0,0.0,0.0,0.0,2673.53951890034,0.0,-1.88973211267828e-13,0.0,41330.4337501919,2673.53951890034
944,21.34872,0.0,0.0,0.0,2615.45445773196,0.0,-7.6753795394545e-14,0.0,38334.4950815413,2636.80317773196
945,91.9386,0.0,0.0,0.0,2640.11404123711,0.0,-1.34008157386423e-13,0.0,35310.3094672949,2732.05264123711
946,174.4224,0.0,0.0,0.0,2596.57534020619,0.0,-1.6682730691960399e-13,0.0,32335.9963628205,2770.99774020619
947,257.2977,0.0,0.0,0.0,2580.09304810997,0.0,4.68746695647403e-14,0.0,29380.563318021,2837.39074810997
948,257.1939,0.0,0.0,0.0,2786.39394845361,0.0,1.48195045476835e-13,0.0,26188.8176725987,3043.5878484536097
949,223.8129,0.0,0.0,0.0,2672.28119931271,0.0,1.06155584232881e-13,0.0,23127.7853709805,2896.09409931271
950,156.9291,0.0,0.0,0.0,2581.6480790378,0.0,1.94215573541779e-13,0.0,20170.57107655,2738.5771790378
951,87.7188,0.0,0.0,0.0,2775.38690034364,0.0,-1.75149873448632e-13,0.0,16991.4337336593,2863.10570034364
952,0.0,0.0,0.0,0.0,2886.59793814433,0.0,2.5591258779912202e-14,0.0,13684.9068858422,2886.59793814433
953,0.0,0.0,0.0,0.0,2838.48797250859,0.0,-7.408387153072381e-14,0.0,10433.488818822,2838.48797250859
954,0.0,0.0,0.0,0.0,3003.43642611684,0.0,4.08054682063807e-14,0.0,6993.12636049803,3003.43642611684
955,0.0,0.0,0.0,0.0,2962.19931271478,0.0,1.20831332721046e-14,0.0,3600.0,2962.19931271478
956,0.0,0.0,0.0,0.0,0.0,0.0,2556.0,0.0,3600.0,2556.0
957,0.0,0.0,0.0,0.0,0.0,0.0,2502.0,0.0,3600.0,2502.0
958,0.0,0.0,0.0,0.0,0.0,0.0,2562.0,0.0,3600.0,2562.0
959,0.0,0.0,0.0,0.0,0.0,0.0,2598.0,0.0,3600.0,2598.0
960,0.0,0.0,0.0,0.0,0.0,0.0,2454.0,0.0,7200.0,2454.0
961,0.0,0.0,0.0,0.0,0.0,0.0,2424.0,12000.0,17094.0,2424.0
962,0.0,0.0,0.0,0.0,0.0,0.0,2448.0,12000.0,26988.0,2448.0
963,0.0,0.0,0.0,0.0,0.0,0.0,2466.0,12000.0,36882.0,2466.0
964,0.0,0.0,0.0,0.0,0.0,0.0,2436.0,12000.0,46776.0,2436.0
965,0.0,0.0,0.0,0.0,0.0,0.0,2454.0,12000.0,56670.0,2454.0
966,0.0,0.0,0.0,0.0,0.0,0.0,2430.0,0.0,56670.0,2430.0
967,0.0,0.0,0.0,0.0,2879.72508591065,0.0,-4.53615365964477e-14,0.0,53371.3458351539,2879.72508591065
968,21.30957,0.0,0.0,0.0,2986.63197835052,0.0,-1.09745755632761e-13,0.0,49950.232457891,3007.94154835052
969,90.6468,0.0,0.0,0.0,2895.84490721649,0.0,-8.944339507760811e-14,0.0,46633.1134347335,2986.49170721649
970,421.47,0.0,0.0,0.0,2328.95085910653,0.0,8.229773945179151e-15,0.0,43965.3575823778,2750.42085910653
971,744.816,0.0,0.0,0.0,2265.21017182131,0.0,-1.1511998435085998e-13,0.0,41370.6151175195,3010.0261718213096
972,1191.225,0.0,0.0,0.0,1721.09020618557,0.0,-7.74330107479216e-14,0.0,39399.1486728625,2912.31520618557
973,1518.45,0.0,0.0,0.0,0.0,0.0,1215.1035,0.0,39399.1486728625,2733.5535
974,1270.629,0.0,0.0,0.0,0.0,0.0,1353.48987,0.0,39399.1486728625,2624.11887
975,673.419,0.0,0.0,0.0,0.0,0.0,2034.78357,0.0,39399.1486728625,2708.20257
976,0.0,0.0,0.0,0.0,3037.80068728522,0.0,-1.4249922357030702e-15,0.0,35919.4227996835,3037.80068728522
977,0.0,0.0,0.0,0.0,3044.6735395189,0.0,6.952780314065681e-14,0.0,32431.8242435336,3044.6735395189
978,0.0,0.0,0.0,0.0,3010.30927835052,0.0,1.11758263582741e-13,0.0,28983.5891022386,3010.30927835052
979,0.0,0.0,0.0,0.0,3051.54639175258,0.0,1.40480598517017e-13,0.0,25488.1178631177,3051.54639175258
980,0.0,0.0,0.0,0.0,0.0,0.0,2622.0,0.0,25488.1178631177,2622.0
981,0.0,0.0,0.0,0.0,0.0,0.0,2568.0,0.0,25488.1178631177,2568.0
982,0.0,0.0,0.0,0.0,0.0,0.0,2508.0,0.0,25488.1178631177,2508.0
983,0.0,0.0,0.0,0.0,0.0,0.0,2616.0,0.0,25488.1178631177,2616.0
984,0.0,0.0,0.0,0.0,0.0,0.0,2556.0,0.0,25488.1178631177,2556.0
985,0.0,0.0,0.0,0.0,0.0,0.0,2520.0,0.0,25488.1178631177,2520.0
986,0.0,0.0,0.0,0.0,0.0,0.0,2598.0,0.0,25488.1178631177,2598.0
987,0.0,0.0,0.0,0.0,0.0,0.0,2556.0,10351.0438995006,34022.5535582559,2556.0
988,0.0,0.0,0.0,0.0,0.0,0.0,2580.0,12000.0,43916.5535582559,2580.0
989,0.0,0.0,0.0,0.0,0.0,0.0,2550.0,0.0,43916.5535582559,2550.0
990,0.0,0.0,0.0,0.0,0.0,0.0,2640.0,0.0,43916.5535582559,2640.0
991,0.0,0.0,0.0,0.0,2914.08934707904,0.0,-8.759199703853141e-14,0.0,40578.5359785548,2914.08934707904
992,7.15908,0.0,0.0,0.0,2919.88051821306,0.0,5.3844716273611e-14,0.0,37233.8847549431,2927.03959821306
993,41.9004,0.0,0.0,0.0,2963.75327835052,0.0,1.87618371111765e-13,0.0,33838.9783650799,3005.65367835052
994,90.7107,0.0,0.0,0.0,2902.64675945017,0.0,-1.49457962877886e-13,0.0,30514.0679877029,2993.35745945017
995,123.0156,0.0,0.0,0.0,2825.51531271478,0.0,-1.53232954657918e-13,0.0,27277.5097829895,2948.53091271478
996,139.062,0.0,0.0,0.0,2649.61037800687,0.0,-1.66664719749454e-14,0.0,24242.4463488465,2788.67237800687
997,122.8683,0.0,0.0,0.0,0.0,0.0,2304.817749,0.0,24242.4463488465,2427.686049
998,90.03,0.0,0.0,0.0,2573.50618556701,0.0,-1.41402434320584e-13,0.0,21294.5583928705,2663.5361855670103
999,39.7119,0.0,0.0,0.0,2856.21930927835,0.0,-3.9946323032896303e-14,0.0,18022.829516263,2895.93120927835
1000,24.68388,0.0,0.0,0.0,3051.61126735395,0.0,9.81892101267937e-14,0.0,14527.2839637384,3076.29514735395
1001,0.0,0.0,0.0,0.0,3319.58762886598,0.0,1.2867855692787e-13,0.0,10724.7780887488,3319.58762886598
1002,0.0,0.0,0.0,0.0,3106.52920962199,0.0,-8.58859131198706e-14,0.0,7166.32538585987,3106.52920962199
1003,0.0,0.0,0.0,0.0,3113.40206185567,0.0,-1.4933117743510702e-14,0.0,3600.0,3113.40206185567
1004,0.0,0.0,0.0,0.0,0.0,0.0,2664.0,0.0,3600.0,2664.0
1005,0.0,0.0,0.0,0.0,0.0,0.0,2640.0,0.0,3600.0,2640.0
1006,0.0,0.0,0.0,0.0,0.0,0.0,2478.0,0.0,3600.0,2478.0
1007,0.0,0.0,0.0,0.0,0.0,0.0,2544.0,0.0,3600.0,2544.0
1008,0.0,0.0,0.0,0.0,0.0,0.0,2538.0,0.0,7200.0,2538.0
1009,0.0,0.0,0.0,0.0,0.0,0.0,2418.0,0.0,7200.0,2418.0
1010,0.0,0.0,0.0,0.0,0.0,0.0,2508.0,0.0,7200.0,2508.0
1011,0.0,0.0,0.0,0.0,0.0,0.0,2514.0,0.0,7200.0,2514.0
1012,0.0,0.0,0.0,0.0,0.0,0.0,2424.0,0.0,7200.0,2424.0
1013,0.0,0.0,0.0,0.0,0.0,0.0,2310.0,0.0,7200.0,2310.0
1014,0.0,0.0,0.0,0.0,0.0,0.0,2454.0,0.0,7200.0,2454.0
1015,0.0,0.0,0.0,0.0,0.0,0.0,2514.0,0.0,7200.0,2514.0
1016,7.59624,0.0,0.0,0.0,0.0,0.0,2488.6316472,0.0,7200.0,2496.2278872
1017,41.8065,0.0,0.0,0.0,0.0,0.0,2395.447695,0.0,7200.0,2437.254195
1018,90.5376,0.0,0.0,0.0,0.0,0.0,2342.178528,0.0,7200.0,2432.716128
1019,138.9279,0.0,0.0,0.0,0.0,0.0,2283.239937,0.0,7200.0,2422.167837
1020,138.9153,0.0,0.0,0.0,0.0,0.0,2241.252159,0.0,7200.0,2380.167459
1021,122.8398,0.0,0.0,0.0,0.0,0.0,2388.845394,0.0,7200.0,2511.685194
1022,90.1692,0.0,0.0,0.0,0.0,0.0,2342.535876,0.0,7200.0,2432.705076
1023,40.1931,0.0,0.0,0.0,0.0,0.0,2355.012693,0.0,7200.0,2395.205793
1024,14.67495,0.0,0.0,0.0,0.0,0.0,2493.7652985,0.0,7200.0,2508.4402485
1025,0.0,0.0,0.0,0.0,0.0,0.0,2454.0,0.0,7200.0,2454.0
1026,0.0,0.0,0.0,0.0,2501.71821305842,0.0,2.21790909425906e-14,0.0,4334.34339855851,2501.71821305842
1027,0.0,0.0,0.0,0.0,641.081786941581,0.0,1726.3356,0.0,3600.0,2367.417386941581
1028,0.0,0.0,0.0,0.0,0.0,0.0,2298.0,0.0,3600.0,2298.0
1029,0.0,0.0,0.0,0.0,0.0,0.0,2202.0,0.0,3600.0,2202.0
1030,0.0,0.0,0.0,0.0,0.0,0.0,2226.0,0.0,3600.0,2226.0
1031,0.0,0.0,0.0,0.0,0.0,0.0,2268.0,0.0,3600.0,2268.0
1032,0.0,0.0,0.0,0.0,0.0,0.0,2370.0,0.0,3600.0,2370.0
1033,0.0,0.0,0.0,0.0,0.0,0.0,2232.0,0.0,3600.0,2232.0
1034,0.0,0.0,0.0,0.0,0.0,0.0,2286.0,0.0,3600.0,2286.0
1035,0.0,0.0,0.0,0.0,0.0,0.0,2160.0,0.0,3600.0,2160.0
1036,0.0,0.0,0.0,0.0,0.0,0.0,2154.0,0.0,3600.0,2154.0
1037,0.0,0.0,0.0,0.0,0.0,0.0,2100.0,0.0,3600.0,2100.0
1038,0.0,0.0,0.0,0.0,0.0,0.0,2280.0,0.0,3600.0,2280.0
1039,0.0,0.0,0.0,0.0,0.0,0.0,2274.0,0.0,3600.0,2274.0
1040,146.2104,0.0,0.0,0.0,0.0,0.0,2192.175912,0.0,3600.0,2338.386312
1041,1394.523,0.0,0.0,0.0,0.0,0.0,1005.31269,0.0,3600.0,2399.83569
1042,2350.51546391753,1115.77453608247,0.0,0.0,0.0,0.0,1.1265252190419999e-13,0.0,4519.956105,2350.51546391753
1043,2400.0,3844.68,0.0,0.0,0.0,0.0,6.3948846218409e-14,0.0,7689.894765,2400.0
1044,2443.29896907217,3173.39103092783,0.0,0.0,0.0,0.0,-1.4408121889161e-13,0.0,10306.35567,2443.29896907217
1045,2424.74226804124,1830.99773195876,0.0,0.0,0.0,0.0,-1.80955456804422e-13,0.0,11816.0133,2424.74226804124
1046,2418.55670103093,411.907298969072,0.0,0.0,0.0,0.0,1.00823084131221e-13,0.0,12155.630868,2418.55670103093
1047,537.585,0.0,0.0,0.0,0.0,0.0,1860.54255,0.0,12155.630868,2398.12755
1048,34.482,0.0,0.0,0.0,0.0,0.0,2330.55246,0.0,12155.630868,2365.03446
1049,0.0,0.0,0.0,0.0,2266.31660687053,0.0,349.505602202028,0.0,9559.62100904178,2615.822209072558
1050,0.0,0.0,0.0,0.0,2611.68384879725,0.0,-3.35594950073008e-14,0.0,6568.0014800644,2611.68384879725
1051,0.0,0.0,0.0,0.0,2591.06529209622,0.0,1.50576556187503e-13,0.0,3600.0,2591.06529209622
1052,0.0,0.0,0.0,0.0,0.0,0.0,2238.0,0.0,3600.0,2238.0
1053,0.0,0.0,0.0,0.0,0.0,0.0,2118.0,0.0,3600.0,2118.0
1054,0.0,0.0,0.0,0.0,0.0,0.0,2202.0,0.0,3600.0,2202.0
1055,0.0,0.0,0.0,0.0,0.0,0.0,2178.0,0.0,3600.0,2178.0
1056,0.0,0.0,0.0,0.0,0.0,0.0,2238.0,0.0,7200.0,2238.0
1057,0.0,0.0,0.0,0.0,0.0,0.0,2118.0,0.0,7200.0,2118.0
1058,0.0,0.0,0.0,0.0,0.0,0.0,2094.0,0.0,7200.0,2094.0
1059,0.0,0.0,0.0,0.0,0.0,0.0,2124.0,0.0,7200.0,2124.0
1060,0.0,0.0,0.0,0.0,0.0,0.0,2136.0,0.0,7200.0,2136.0
1061,0.0,0.0,0.0,0.0,0.0,0.0,2160.0,0.0,7200.0,2160.0
1062,0.0,0.0,0.0,0.0,0.0,0.0,2190.0,0.0,7200.0,2190.0
1063,0.0,0.0,0.0,0.0,0.0,0.0,2208.0,0.0,7200.0,2208.0
1064,2474.22680412371,446.570195876289,0.0,0.0,0.0,0.0,2.11445797869657e-13,0.0,7568.1971265,2474.22680412371
1065,579.417,0.0,0.0,0.0,0.0,0.0,1735.96551,0.0,7568.1971265,2315.38251
1066,2381.44329896907,994.366701030928,0.0,0.0,0.0,0.0,2.7074608305596998e-14,0.0,8388.0524715,2381.44329896907
1067,2412.37113402062,8055.01886597938,0.0,0.0,0.0,0.0,-5.85033052930063e-14,0.0,15029.4155265,2412.37113402062
1068,2412.37113402062,2687.11886597938,0.0,0.0,0.0,0.0,-5.85033052930063e-14,0.0,17244.9450315,2412.37113402062
1069,2412.37113402062,7299.01886597938,0.0,0.0,0.0,0.0,-5.85033052930063e-14,0.0,23262.9860865,2412.37113402062
1070,2468.0412371134,5242.7687628866,0.0,0.0,0.0,0.0,5.21194084454298e-14,0.0,27585.6489315,2468.0412371134
1071,2412.37113402062,2132.02886597938,0.0,0.0,0.0,0.0,-5.85033052930063e-14,0.0,29343.5067315,2412.37113402062
1072,719.808,0.0,0.0,0.0,0.0,0.0,1737.78624,0.0,29343.5067315,2457.59424
1073,0.0,0.0,0.0,0.0,2666.66666666667,0.0,1.37068430679695e-13,0.0,26288.9057387547,2666.66666666667
1074,0.0,0.0,0.0,0.0,2762.88659793814,0.0,-6.057574602291611e-14,0.0,23124.0871844154,2762.88659793814
1075,0.0,0.0,0.0,0.0,2666.66666666667,0.0,1.37068430679695e-13,0.0,20069.4861916701,2666.66666666667
1076,0.0,0.0,0.0,0.0,0.0,0.0,2484.0,0.0,20069.4861916701,2484.0
1077,0.0,0.0,0.0,0.0,0.0,0.0,2532.0,0.0,20069.4861916701,2532.0
1078,0.0,0.0,0.0,0.0,0.0,0.0,2424.0,0.0,20069.4861916701,2424.0
1079,0.0,0.0,0.0,0.0,0.0,0.0,2550.0,0.0,20069.4861916701,2550.0
1080,0.0,0.0,0.0,0.0,0.0,0.0,2568.0,0.0,20069.4861916701,2568.0
1081,0.0,0.0,0.0,0.0,0.0,0.0,2460.0,0.0,20069.4861916701,2460.0
1082,0.0,0.0,0.0,0.0,0.0,0.0,2496.0,0.0,20069.4861916701,2496.0
1083,0.0,0.0,0.0,0.0,0.0,0.0,2544.0,0.0,20069.4861916701,2544.0
1084,0.0,0.0,0.0,0.0,0.0,0.0,2550.0,0.0,20069.4861916701,2550.0
1085,0.0,0.0,0.0,0.0,0.0,0.0,2442.0,0.0,20069.4861916701,2442.0
1086,0.0,0.0,0.0,0.0,0.0,0.0,2586.0,0.0,20069.4861916701,2586.0
1087,0.0,0.0,0.0,0.0,3058.41924398625,0.0,-1.85561043430507e-13,0.0,16566.1422695782,3058.41924398625
1088,115.4622,0.0,0.0,0.0,2998.85643298969,0.0,4.89827848202212e-14,0.0,13131.0260805866,3114.31863298969
1089,837.684,0.0,0.0,0.0,2182.64206185567,0.0,-3.1593142214604204e-14,0.0,10630.8633522296,3020.3260618556696
1090,2709.27835051546,925.101649484536,0.0,0.0,1.03527572682836e-13,0.0,5.2073681562490696e-30,0.0,11393.6096622296,2709.27835051546
1091,2857.73195876289,2979.15804123711,0.0,0.0,-6.38390104298484e-14,0.0,5.3265839396064894e-30,0.0,13849.9254672296,2857.73195876289
1092,2758.76288659794,2544.51711340206,0.0,0.0,4.77387116452748e-14,0.0,1.5741703759925098e-30,0.0,15947.8798272295,2758.76288659794
1093,2721.64948453608,1989.31051546392,0.0,0.0,-3.67383511561274e-14,0.0,9.82346860789029e-31,0.0,17588.0663472295,2721.64948453608
1094,2684.53608247423,433.333917525773,0.0,0.0,0.0,0.0,-1.05821056384923e-13,0.0,17945.3501622295,2684.53608247423
1095,1135.692,0.0,0.0,0.0,0.0,0.0,1550.37876,0.0,17945.3501622295,2686.07076
1096,63.9705,0.0,0.0,0.0,715.930554169352,0.0,1910.94124121016,0.0,17125.2693441661,2690.842295379512
1097,0.0,0.0,0.0,0.0,2969.07216494845,0.0,8.303592864846451e-14,0.0,13724.2703006971,2969.07216494845
1098,0.0,0.0,0.0,0.0,2975.94501718213,0.0,1.5398872402482399e-13,0.0,10315.3985742571,2975.94501718213
1099,0.0,0.0,0.0,0.0,2927.83505154639,0.0,5.4313593714188305e-14,0.0,6961.63562861405,2927.83505154639
1100,0.0,0.0,0.0,0.0,2934.70790378007,0.0,1.25266389090548e-13,0.0,3600.0,2934.70790378007
1101,0.0,0.0,0.0,0.0,0.0,0.0,2502.0,0.0,3600.0,2502.0
1102,0.0,0.0,0.0,0.0,0.0,0.0,2460.0,0.0,3600.0,2460.0
1103,0.0,0.0,0.0,0.0,0.0,0.0,2532.0,0.0,3600.0,2532.0
1104,0.0,0.0,0.0,0.0,0.0,0.0,2568.0,0.0,7200.0,2568.0
1105,0.0,0.0,0.0,0.0,0.0,0.0,2514.0,0.0,7200.0,2514.0
1106,0.0,0.0,0.0,0.0,0.0,0.0,2520.0,6025.59184463757,12168.1004759037,2520.0
1107,0.0,0.0,0.0,0.0,0.0,0.0,2520.0,12000.0,22062.1004759037,2520.0
1108,0.0,0.0,0.0,0.0,0.0,0.0,2598.0,12000.0,31956.1004759037,2598.0
1109,0.0,0.0,0.0,0.0,0.0,0.0,2484.0,0.0,31956.1004759037,2484.0
1110,0.0,0.0,0.0,0.0,0.0,0.0,2370.0,0.0,31956.1004759037,2370.0
1111,0.0,0.0,0.0,0.0,2659.79381443299,0.0,6.61156353033352e-14,0.0,28909.3721661294,2659.79381443299
1112,117.1395,0.0,0.0,0.0,2522.76596219931,0.0,-5.20888288592202e-16,0.0,26019.6058864051,2639.90546219931
1113,631.461,0.0,0.0,0.0,2026.89900343643,0.0,3.1567457987045403e-14,0.0,23697.8429958708,2658.36000343643
1114,105.1314,0.0,0.0,0.0,2611.70967010309,0.0,1.68803122005029e-13,0.0,20706.1938892235,2716.8410701030903
1115,1251.624,0.0,0.0,0.0,1385.93896907217,0.0,-9.53087582738871e-14,0.0,19118.6349326689,2637.56296907217
1116,151.9023,0.0,0.0,0.0,2470.39492439863,0.0,-9.52013669241605e-14,0.0,16288.858386966,2622.29722439863
1117,135.4833,0.0,0.0,0.0,0.0,0.0,2274.581199,0.0,16288.858386966,2410.064499
1118,2083.512,0.0,0.0,0.0,331.034776632303,0.0,-1.96991795918624e-15,0.0,15909.6662029656,2414.546776632303
1119,901.014,0.0,0.0,0.0,1871.72556701031,0.0,-9.46732016035939e-14,0.0,13765.6506622895,2772.73956701031
1120,29.34312,0.0,0.0,0.0,2895.23158487973,0.0,6.42601200426891e-14,0.0,10449.234184764,2924.57470487973
1121,0.0,0.0,0.0,0.0,3003.43642611684,0.0,4.08054682063807e-14,0.0,7008.87172644001,3003.43642611684
1122,0.0,0.0,0.0,0.0,2975.94501718213,0.0,1.5398872402482399e-13,0.0,3600.0,2975.94501718213
1123,0.0,0.0,0.0,0.0,0.0,0.0,2514.0,0.0,3600.0,2514.0
1124,0.0,0.0,0.0,0.0,0.0,0.0,2502.0,0.0,3600.0,2502.0
1125,0.0,0.0,0.0,0.0,0.0,0.0,2640.0,0.0,3600.0,2640.0
1126,0.0,0.0,0.0,0.0,0.0,0.0,2538.0,0.0,3600.0,2538.0
1127,0.0,0.0,0.0,0.0,0.0,0.0,2592.0,0.0,3600.0,2592.0
1128,0.0,0.0,0.0,0.0,0.0,0.0,2586.0,0.0,3600.0,2586.0
1129,0.0,0.0,0.0,0.0,0.0,0.0,2574.0,0.0,3600.0,2574.0
1130,0.0,0.0,0.0,0.0,0.0,0.0,2652.0,0.0,3600.0,2652.0
1131,0.0,0.0,0.0,0.0,0.0,0.0,2628.0,12000.0,13494.0,2628.0
1132,0.0,0.0,0.0,0.0,0.0,0.0,2616.0,4704.23299343716,17372.6401030889,2616.0
1133,0.0,0.0,0.0,0.0,0.0,0.0,2556.0,0.0,17372.6401030889,2556.0
1134,0.0,0.0,0.0,0.0,0.0,0.0,2718.0,0.0,17372.6401030889,2718.0
1135,0.0,0.0,0.0,0.0,0.0,0.0,2784.0,0.0,17372.6401030889,2784.0
1136,115.1241,0.0,0.0,0.0,0.0,0.0,2714.329623,0.0,17372.6401030889,2829.453723
1137,55.6776,0.0,0.0,0.0,3188.99510652921,0.0,1.47597402860264e-14,0.0,13719.7247462399,3244.67270652921
1138,104.2788,0.0,0.0,0.0,0.0,0.0,2730.849564,0.0,13719.7247462399,2835.128364
1139,560.667,0.0,0.0,0.0,0.0,0.0,2180.15301,0.0,13719.7247462399,2740.82001
1140,151.8735,0.0,0.0,0.0,0.0,0.0,2354.682705,0.0,13719.7247462399,2506.5562050000003
1141,135.5769,0.0,0.0,0.0,0.0,0.0,2424.490407,0.0,13719.7247462399,2560.067307
1142,2548.45360824742,320.611391752577,0.0,0.0,0.0,0.0,-8.21621808389648e-14,0.0,13984.0688387399,2548.45360824742
1143,775.221,0.0,0.0,0.0,0.0,0.0,1996.03563,0.0,13984.0688387399,2771.25663
1144,39.7776,0.0,0.0,0.0,0.0,0.0,2595.415728,0.0,13984.0688387399,2635.193328
1145,0.0,0.0,0.0,0.0,3085.91065292096,0.0,9.82501380749329e-14,0.0,10449.234184764,3085.91065292096
1146,0.0,0.0,0.0,0.0,3010.30927835052,0.0,1.11758263582741e-13,0.0,7000.99904346902,3010.30927835052
1147,0.0,0.0,0.0,0.0,2969.07216494845,0.0,8.303592864846451e-14,0.0,3600.0,2969.07216494845
1148,0.0,0.0,0.0,0.0,0.0,0.0,2634.0,0.0,3600.0,2634.0
1149,0.0,0.0,0.0,0.0,0.0,0.0,2682.0,0.0,3600.0,2682.0
1150,0.0,0.0,0.0,0.0,0.0,0.0,2628.0,0.0,3600.0,2628.0
1151,0.0,0.0,0.0,0.0,0.0,0.0,2664.0,0.0,3600.0,2664.0
1152,0.0,0.0,0.0,0.0,0.0,0.0,2640.0,0.0,7200.0,2640.0
1153,0.0,0.0,0.0,0.0,0.0,0.0,2682.0,0.0,7200.0,2682.0
1154,0.0,0.0,0.0,0.0,0.0,0.0,2640.0,0.0,7200.0,2640.0
1155,0.0,0.0,0.0,0.0,0.0,0.0,2580.0,0.0,7200.0,2580.0
1156,0.0,0.0,0.0,0.0,0.0,0.0,2604.0,3543.33796797559,10121.4821545959,2604.0
1157,0.0,0.0,0.0,0.0,0.0,0.0,2460.0,0.0,10121.4821545959,2460.0
1158,0.0,0.0,0.0,0.0,0.0,0.0,2544.0,0.0,10121.4821545959,2544.0
1159,0.0,0.0,0.0,0.0,2982.81786941581,0.0,-1.72052917922699e-13,0.0,6704.73774518487,2982.81786941581
1160,195.6591,0.0,0.0,0.0,2710.43605154639,0.0,-2.00650864537552e-15,0.0,3600.0,2906.09515154639
1161,57.3141,0.0,0.0,0.0,0.0,0.0,2488.405323,0.0,3600.0,2545.719423
1162,364.569,0.0,0.0,0.0,0.0,0.0,2082.36807,0.0,3600.0,2446.93707
1163,2727.83505154639,1315.62494845361,0.0,0.0,0.0,0.0,1.27253808864928e-13,0.0,4684.73277,2727.83505154639
1164,2888.65979381443,2616.04020618557,0.0,0.0,0.0,0.0,-1.41309369703861e-13,0.0,6841.65792,2888.65979381443
1165,2894.84536082474,802.534639175258,0.0,0.0,0.0,0.0,1.80170197203664e-14,0.0,7503.34773,2894.84536082474
1166,2802.0618556701,475.438144329897,0.0,0.0,0.0,0.0,-1.66354169843694e-13,0.0,7895.34648,2802.0618556701
1167,1791.57,0.0,0.0,0.0,0.0,0.0,1034.1771,0.0,7895.34648,2825.7471
1168,90.4155,0.0,0.0,0.0,0.0,0.0,2438.296965,0.0,7895.34648,2528.712465
1169,0.0,0.0,0.0,0.0,0.0,0.0,2652.0,0.0,7895.34648,2652.0
1170,0.0,0.0,0.0,0.0,0.0,0.0,2640.0,0.0,7895.34648,2640.0
1171,0.0,0.0,0.0,0.0,0.0,0.0,2688.0,0.0,7895.34648,2688.0
1172,0.0,0.0,0.0,0.0,0.0,0.0,2646.0,0.0,7895.34648,2646.0
1173,0.0,0.0,0.0,0.0,0.0,0.0,2640.0,0.0,7895.34648,2640.0
1174,0.0,0.0,0.0,0.0,0.0,0.0,2598.0,0.0,7895.34648,2598.0
1175,0.0,0.0,0.0,0.0,0.0,0.0,2526.0,12000.0,17789.34648,2526.0
1176,0.0,0.0,0.0,0.0,0.0,0.0,2646.0,0.0,17789.34648,2646.0
1177,0.0,0.0,0.0,0.0,0.0,0.0,2634.0,0.0,17789.34648,2634.0
1178,0.0,0.0,0.0,0.0,0.0,0.0,2616.0,0.0,17789.34648,2616.0
1179,0.0,0.0,0.0,0.0,0.0,0.0,2538.0,0.0,17789.34648,2538.0
1180,0.0,0.0,0.0,0.0,0.0,0.0,2568.0,0.0,17789.34648,2568.0
1181,0.0,0.0,0.0,0.0,0.0,0.0,2394.0,0.0,17789.34648,2394.0
1182,0.0,0.0,0.0,0.0,0.0,0.0,2544.0,0.0,17789.34648,2544.0
1183,0.0,0.0,0.0,0.0,0.0,0.0,2628.0,0.0,17789.34648,2628.0
1184,272.5458,0.0,0.0,0.0,2789.95483848797,0.0,6.179937421977391e-14,0.0,14593.52192274,3062.50063848797
1185,1266.099,0.0,0.0,0.0,1651.64257731959,0.0,7.95588352128355e-14,0.0,12701.6060266122,2917.74157731959
1186,135.7014,0.0,0.0,0.0,0.0,0.0,2490.369642,0.0,12701.6060266122,2626.071042
1187,328.968,0.0,0.0,0.0,0.0,0.0,2230.90104,0.0,12701.6060266122,2559.86904
1188,2407.806,0.0,0.0,0.0,0.0,0.0,232.42818,0.0,12701.6060266122,2640.23418
1189,150.9069,0.0,0.0,0.0,0.0,0.0,2439.620307,0.0,12701.6060266122,2590.527207
1190,102.2826,0.0,0.0,0.0,0.0,0.0,2402.785878,0.0,12701.6060266122,2505.068478
1191,52.7976,0.0,0.0,0.0,0.0,0.0,2498.786328,0.0,12701.6060266122,2551.583928
1192,69.0531,0.0,0.0,0.0,0.0,0.0,2495.018493,0.0,12701.6060266122,2564.071593
1193,0.0,0.0,0.0,0.0,2817.86941580756,0.0,1.1005217966408e-13,0.0,9473.80600850502,2817.86941580756
1194,0.0,0.0,0.0,0.0,2666.66666666667,0.0,1.37068430679695e-13,0.0,6419.20501575969,2666.66666666667
1195,0.0,0.0,0.0,0.0,2461.16597875821,0.0,131.40210054408,0.0,3600.0,2592.56807930229
1196,0.0,0.0,0.0,0.0,0.0,0.0,2292.0,0.0,3600.0,2292.0
1197,0.0,0.0,0.0,0.0,0.0,0.0,2346.0,0.0,3600.0,2346.0
1198,0.0,0.0,0.0,0.0,0.0,0.0,2316.0,0.0,3600.0,2316.0
1199,0.0,0.0,0.0,0.0,0.0,0.0,2220.0,0.0,3600.0,2220.0
1200,0.0,0.0,0.0,0.0,0.0,0.0,2298.0,0.0,7200.0,2298.0
1201,0.0,0.0,0.0,0.0,0.0,0.0,2268.0,0.0,7200.0,2268.0
1202,0.0,0.0,0.0,0.0,0.0,0.0,2244.0,0.0,7200.0,2244.0
1203,0.0,0.0,0.0,0.0,0.0,0.0,2202.0,0.0,7200.0,2202.0
1204,0.0,0.0,0.0,0.0,0.0,0.0,2148.0,0.0,7200.0,2148.0
1205,0.0,0.0,0.0,0.0,0.0,0.0,2142.0,0.0,7200.0,2142.0
1206,0.0,0.0,0.0,0.0,0.0,0.0,2286.0,0.0,7200.0,2286.0
1207,0.0,0.0,0.0,0.0,0.0,0.0,2364.0,0.0,7200.0,2364.0
1208,162.3351,0.0,0.0,0.0,0.0,0.0,2128.534953,0.0,7200.0,2290.870053
1209,5.63067,0.0,0.0,0.0,0.0,0.0,2394.5382501,0.0,7200.0,2400.1689201
1210,393.69,0.0,0.0,0.0,0.0,0.0,2102.1207,0.0,7200.0,2495.8107
1211,573.579,0.0,0.0,0.0,0.0,0.0,1903.62837,0.0,7200.0,2477.20737
1212,230.3271,0.0,0.0,0.0,0.0,0.0,2254.582713,0.0,7200.0,2484.909813
1213,52.4106,0.0,0.0,0.0,0.0,0.0,2397.161718,0.0,7200.0,2449.572318
1214,36.0387,0.0,0.0,0.0,0.0,0.0,2545.042461,0.0,7200.0,2581.081161
1215,18.82467,0.0,0.0,0.0,0.0,0.0,2519.7400701,0.0,7200.0,2538.5647401
1216,5.66244,0.0,0.0,0.0,0.0,0.0,2658.5074332,0.0,7200.0,2664.1698732
1217,0.0,0.0,0.0,0.0,0.0,0.0,2556.0,0.0,7200.0,2556.0
1218,0.0,0.0,0.0,0.0,0.0,0.0,2424.0,0.0,7200.0,2424.0
1219,0.0,0.0,0.0,0.0,0.0,0.0,2412.0,0.0,7200.0,2412.0
1220,0.0,0.0,0.0,0.0,0.0,0.0,2490.0,0.0,7200.0,2490.0
1221,0.0,0.0,0.0,0.0,0.0,0.0,2466.0,0.0,7200.0,2466.0
1222,0.0,0.0,0.0,0.0,0.0,0.0,2448.0,0.0,7200.0,2448.0
1223,0.0,0.0,0.0,0.0,0.0,0.0,2424.0,0.0,7200.0,2424.0
1224,0.0,0.0,0.0,0.0,0.0,0.0,2484.0,0.0,7200.0,2484.0
1225,0.0,0.0,0.0,0.0,0.0,0.0,2376.0,0.0,7200.0,2376.0
1226,0.0,0.0,0.0,0.0,0.0,0.0,2322.0,0.0,7200.0,2322.0
1227,0.0,0.0,0.0,0.0,0.0,0.0,2238.0,0.0,7200.0,2238.0
1228,0.0,0.0,0.0,0.0,0.0,0.0,2256.0,0.0,7200.0,2256.0
1229,0.0,0.0,0.0,0.0,0.0,0.0,2154.0,0.0,7200.0,2154.0
1230,0.0,0.0,0.0,0.0,0.0,0.0,2136.0,0.0,7200.0,2136.0
1231,0.0,0.0,0.0,0.0,0.0,0.0,2304.0,0.0,7200.0,2304.0
1232,162.3219,0.0,0.0,0.0,0.0,0.0,2290.547757,0.0,7200.0,2452.869657
1233,1386.705,0.0,0.0,0.0,0.0,0.0,892.89615,0.0,7200.0,2279.60115
1234,2486.59793814433,644.35206185567,0.0,0.0,0.0,0.0,8.89936463582418e-14,0.0,7731.268275,2486.59793814433
1235,922.098,0.0,0.0,0.0,0.0,0.0,1487.56494,0.0,7731.268275,2409.66294
1236,52.743,0.0,0.0,0.0,0.0,0.0,2282.83929,0.0,7731.268275,2335.58229
1237,1124.922,0.0,0.0,0.0,0.0,0.0,1230.82566,0.0,7731.268275,2355.74766
1238,345.303,0.0,0.0,0.0,0.0,0.0,2077.05609,0.0,7731.268275,2422.35909
1239,22.52415,0.0,0.0,0.0,0.0,0.0,2348.1515745,0.0,7731.268275,2370.6757245000003
1240,59.421,0.0,0.0,0.0,0.0,0.0,2390.36163,0.0,7731.268275,2449.78263
1241,0.0,0.0,0.0,0.0,0.0,0.0,2394.0,0.0,7731.268275,2394.0
1242,0.0,0.0,0.0,0.0,2865.9793814433,0.0,-1.87267127349167e-13,0.0,4448.35947609588,2865.9793814433
1243,0.0,0.0,0.0,0.0,740.617822631701,0.0,1759.44064084252,0.0,3600.0,2500.058463474221
1244,0.0,0.0,0.0,0.0,0.0,0.0,2340.0,0.0,3600.0,2340.0
1245,0.0,0.0,0.0,0.0,0.0,0.0,2322.0,0.0,3600.0,2322.0
1246,0.0,0.0,0.0,0.0,0.0,0.0,2292.0,0.0,3600.0,2292.0
1247,0.0,0.0,0.0,0.0,0.0,0.0,2214.0,0.0,3600.0,2214.0
1248,0.0,0.0,0.0,0.0,0.0,0.0,2220.0,0.0,7200.0,2220.0
1249,0.0,0.0,0.0,0.0,0.0,0.0,2082.0,0.0,7200.0,2082.0
1250,0.0,0.0,0.0,0.0,0.0,0.0,2136.0,0.0,7200.0,2136.0
1251,0.0,0.0,0.0,0.0,0.0,0.0,2118.0,0.0,7200.0,2118.0
1252,0.0,0.0,0.0,0.0,0.0,0.0,2004.0,0.0,7200.0,2004.0
1253,0.0,0.0,0.0,0.0,0.0,0.0,1830.0,0.0,7200.0,1830.0
1254,0.0,0.0,0.0,0.0,0.0,0.0,1824.0,0.0,7200.0,1824.0
1255,0.0,0.0,0.0,0.0,1086.41260652921,0.0,869.5617945,0.0,5955.54111508682,1955.9744010292104
1256,23.47815,0.0,0.0,0.0,2056.38739347079,0.0,4.13969079344248e-14,0.0,3600.0,2079.86554347079
1257,72.4833,0.0,0.0,0.0,0.0,0.0,1651.691199,0.0,3600.0,1724.1744990000002
1258,135.8517,0.0,0.0,0.0,0.0,0.0,1632.223851,0.0,3600.0,1768.075551
1259,1861.85567010309,309.622329896907,0.0,0.0,1.11521503604279e-13,0.0,3.9846343307285194e-30,0.0,3855.283611,1861.85567010309
1260,1830.92783505155,4158.54216494845,0.0,0.0,-4.3088521116605504e-14,0.0,1.28030016779502e-30,0.0,7284.001626,1830.92783505155
1261,1787.62886597938,2229.64113402062,0.0,0.0,0.0,0.0,-5.0138679004713e-14,0.0,9122.340741,1787.62886597938
1262,1843.29896907216,1704.77103092783,0.0,0.0,6.92829722035775e-14,0.0,-1.8206819889367697e-30,0.0,10527.924456,1843.29896907216
1263,1824.74226804124,202.111731958763,0.0,0.0,2.70444408028764e-14,0.0,6.38108534493262e-31,0.0,10694.565579,1824.74226804124
1264,42.8625,0.0,0.0,0.0,1966.12070446735,0.0,2.50930311275741e-14,0.0,8442.42273310383,2008.9832044673497
1265,0.0,0.0,0.0,0.0,1883.16151202749,0.0,-1.1661495747668e-14,0.0,6285.30759905172,1883.16151202749
1266,0.0,0.0,0.0,0.0,1938.14432989691,0.0,-3.9530788722613704e-14,0.0,4065.21100123167,1938.14432989691
1267,0.0,0.0,0.0,0.0,406.129204075248,0.0,1277.44920484231,0.0,3600.0,1683.578408917558
1268,0.0,0.0,0.0,0.0,0.0,0.0,1632.0,0.0,3600.0,1632.0
1269,0.0,0.0,0.0,0.0,0.0,0.0,1620.0,0.0,3600.0,1620.0
1270,0.0,0.0,0.0,0.0,0.0,0.0,1638.0,0.0,3600.0,1638.0
1271,0.0,0.0,0.0,0.0,0.0,0.0,1650.0,0.0,3600.0,1650.0
1272,0.0,0.0,0.0,0.0,0.0,0.0,1632.0,0.0,3600.0,1632.0
1273,0.0,0.0,0.0,0.0,0.0,0.0,1596.0,0.0,3600.0,1596.0
1274,0.0,0.0,0.0,0.0,0.0,0.0,1638.0,0.0,3600.0,1638.0
1275,0.0,0.0,0.0,0.0,0.0,0.0,1644.0,0.0,3600.0,1644.0
1276,0.0,0.0,0.0,0.0,0.0,0.0,1620.0,0.0,3600.0,1620.0
1277,0.0,0.0,0.0,0.0,0.0,0.0,1596.0,0.0,3600.0,1596.0
1278,0.0,0.0,0.0,0.0,0.0,0.0,1674.0,0.0,3600.0,1674.0
1279,0.0,0.0,0.0,0.0,0.0,0.0,1716.0,0.0,3600.0,1716.0
1280,212.3811,0.0,0.0,0.0,0.0,0.0,1521.990333,0.0,3600.0,1734.371433
1281,1744.32989690722,271.337103092783,0.0,0.0,-7.1776722880446e-14,0.0,-1.1877301292154599e-30,0.0,3823.7174415,1744.32989690722
1282,1688.65979381443,2837.11020618557,0.0,0.0,5.4145100076597504e-14,0.0,-9.51426263292429e-31,0.0,6162.9148065,1688.65979381443
1283,1694.84536082474,5268.63463917526,0.0,0.0,-1.59878618428844e-14,0.0,-3.0923462999067404e-31,0.0,10506.9040665,1694.84536082474
1284,1713.40206185567,4563.58793814433,0.0,0.0,0.0,0.0,2.2916834523974e-14,0.0,14269.5823215,1713.40206185567
1285,1824.74226804124,3383.76773195876,0.0,0.0,0.0,0.0,2.36097968209111e-14,0.0,17059.4988165,1824.74226804124
1286,1793.81443298969,311.150567010309,0.0,0.0,0.0,0.0,1.09187710419514e-13,0.0,17316.042459,1793.81443298969
1287,182.7168,0.0,0.0,0.0,797.487805538616,0.0,854.557849764788,0.0,16402.5398180623,1834.762455303404
1288,171.9723,0.0,0.0,0.0,1760.80970103093,0.0,1.4496510127470202e-14,0.0,14385.5756702605,1932.78200103093
1289,0.0,0.0,0.0,0.0,1883.16151202749,0.0,-1.1661495747668e-14,0.0,12228.4605362084,1883.16151202749
1290,0.0,0.0,0.0,0.0,1896.90721649485,0.0,-6.82531236568898e-14,0.0,10055.6000362143,1896.90721649485
1291,0.0,0.0,0.0,0.0,1890.03436426117,0.0,5.92912996286919e-14,0.0,7890.61221919124,1890.03436426117
1292,0.0,0.0,0.0,0.0,1862.54295532646,0.0,-2.6022663214806e-14,0.0,5757.11513405211,1862.54295532646
1293,0.0,0.0,0.0,0.0,1883.16151202749,0.0,-1.1661495747668e-14,0.0,3600.0,1883.16151202749
1294,0.0,0.0,0.0,0.0,0.0,0.0,1662.0,0.0,3600.0,1662.0
1295,0.0,0.0,0.0,0.0,0.0,0.0,1638.0,0.0,3600.0,1638.0
1296,0.0,0.0,0.0,0.0,0.0,0.0,1650.0,0.0,7200.0,1650.0
1297,0.0,0.0,0.0,0.0,0.0,0.0,1608.0,0.0,7200.0,1608.0
1298,0.0,0.0,0.0,0.0,0.0,0.0,1680.0,0.0,7200.0,1680.0
1299,0.0,0.0,0.0,0.0,0.0,0.0,1644.0,945.839552854332,7979.8447113284,1644.0
1300,0.0,0.0,0.0,0.0,0.0,0.0,1632.0,0.0,7979.8447113284,1632.0
1301,0.0,0.0,0.0,0.0,0.0,0.0,1614.0,0.0,7979.8447113284,1614.0
1302,0.0,0.0,0.0,0.0,0.0,0.0,1872.0,0.0,7979.8447113284,1872.0
1303,0.0,0.0,0.0,0.0,2261.16838487973,0.0,-7.92021232867062e-14,0.0,5389.73201387167,2261.16838487973
1304,573.189,0.0,0.0,0.0,1562.43604810997,0.0,-3.9970807023142e-14,0.0,3600.0,2135.62504810997
1305,1911.34020618557,3401.41979381443,0.0,0.0,5.5732642566716996e-14,0.0,3.5143655047196103e-31,0.0,6404.47062,1911.34020618557
1306,1954.63917525773,3564.10082474227,0.0,0.0,7.00767434486373e-14,0.0,4.34015398000897e-30,0.0,9343.07175,1954.63917525773
1307,2022.68041237113,5745.75958762887,0.0,0.0,5.6526413811776704e-14,0.0,1.00286795735416e-30,0.0,14080.45053,2022.68041237113
1308,1973.19587628866,5166.80412371134,0.0,0.0,1.12315274849338e-13,0.0,-8.733388244528351e-31,0.0,18340.48053,1973.19587628866
1309,2078.35051546392,4142.32948453608,0.0,0.0,1.8324200801388e-13,0.0,1.8906032301593797e-30,0.0,21755.83119,2078.35051546392
1310,2109.27835051546,2707.37164948454,0.0,0.0,-1.75236329949276e-13,0.0,-4.12256449085085e-31,0.0,23988.059115,2109.27835051546
1311,2276.28865979381,761.241340206186,0.0,0.0,-3.99134361363664e-14,0.0,-1.6233787667397498e-30,0.0,24615.7026,2276.28865979381
1312,497.691,0.0,0.0,0.0,1941.85536082474,0.0,-3.31577336950333e-14,0.0,22391.3551076463,2439.54636082474
1313,0.0,0.0,0.0,0.0,2563.57388316151,0.0,-1.33234625317937e-13,0.0,19454.8443594659,2563.57388316151
1314,0.0,0.0,0.0,0.0,2632.30240549828,0.0,1.79298891121779e-13,0.0,16439.6067815756,2632.30240549828
1315,0.0,0.0,0.0,0.0,2694.15807560137,0.0,2.3885174861251402e-14,0.0,13353.5150569463,2694.15807560137
1316,0.0,0.0,0.0,0.0,2646.04810996564,0.0,-7.57899554493846e-14,0.0,10322.5321131139,2646.04810996564
1317,0.0,0.0,0.0,0.0,1314.18500210241,0.0,1186.7164931646,0.0,8817.16555858654,2500.90149526701
1318,0.0,0.0,0.0,0.0,0.0,0.0,2274.0,0.0,8817.16555858654,2274.0
1319,0.0,0.0,0.0,0.0,0.0,0.0,2358.0,0.0,8817.16555858654,2358.0
1320,0.0,0.0,0.0,0.0,0.0,0.0,2304.0,0.0,8817.16555858654,2304.0
1321,0.0,0.0,0.0,0.0,0.0,0.0,2202.0,0.0,8817.16555858654,2202.0
1322,0.0,0.0,0.0,0.0,0.0,0.0,2250.0,0.0,8817.16555858654,2250.0
1323,0.0,0.0,0.0,0.0,0.0,0.0,2190.0,0.0,8817.16555858654,2190.0
1324,0.0,0.0,0.0,0.0,0.0,0.0,2178.0,0.0,8817.16555858654,2178.0
1325,0.0,0.0,0.0,0.0,0.0,0.0,2100.0,0.0,8817.16555858654,2100.0
1326,0.0,0.0,0.0,0.0,0.0,0.0,2136.0,0.0,8817.16555858654,2136.0
1327,0.0,0.0,0.0,0.0,2474.22680412371,0.0,1.35362346761034e-13,0.0,5982.99968902902,2474.22680412371
1328,329.739,0.0,0.0,0.0,2080.35872852234,0.0,1.92870357424586e-13,0.0,3600.0,2410.09772852234
1329,2202.0618556701,137.206144329897,0.0,0.0,-2.08867561739171e-13,0.0,8.21178332698038e-30,0.0,3713.126466,2202.0618556701
1330,2263.9175257732,3242.3724742268,0.0,0.0,1.0035248770259699e-13,0.0,2.6016425287202897e-30,0.0,6386.462571,2263.9175257732
1331,2375.25773195876,5290.76226804124,0.0,0.0,-1.5149115821149e-13,0.0,2.12903479687423e-30,0.0,10748.696061,2375.25773195876
1332,2468.0412371134,4606.7687628866,0.0,0.0,5.97014987920158e-14,0.0,-1.90081097718061e-30,0.0,14546.976906,2468.0412371134
1333,2443.29896907217,5328.14103092783,0.0,0.0,-1.6504148784835e-13,0.0,4.30115333628296e-30,0.0,18940.029186,2443.29896907217
1334,2294.84536082474,2511.72463917526,0.0,0.0,2.3250952643346703e-15,0.0,4.98841313778767e-32,0.0,21010.946151,2294.84536082474
1335,966.768,0.0,0.0,0.0,1571.86144329897,0.0,-1.07316565714127e-15,0.0,19210.4175790653,2538.62944329897
1336,174.9012,0.0,0.0,0.0,2348.62065979381,0.0,-1.40179056632771e-14,0.0,16520.1304544447,2523.5218597938097
1337,0.0,0.0,0.0,0.0,2426.11683848797,0.0,3.56872164503982e-14,0.0,13741.0733656841,2426.11683848797
1338,0.0,0.0,0.0,0.0,2494.84536082474,0.0,-4.8773704433769304e-14,0.0,10883.2894472136,2494.84536082474
1339,0.0,0.0,0.0,0.0,2494.84536082474,0.0,-4.8773704433769304e-14,0.0,8025.50552874314,2494.84536082474
1340,0.0,0.0,0.0,0.0,2529.20962199313,0.0,-9.10041648758531e-14,0.0,5128.35819541768,2529.20962199313
1341,0.0,0.0,0.0,0.0,1334.25670459963,0.0,941.19389688452,0.0,3600.0,2275.45060148415
1342,0.0,0.0,0.0,0.0,0.0,0.0,2028.0,0.0,3600.0,2028.0
1343,0.0,0.0,0.0,0.0,0.0,0.0,2118.0,0.0,3600.0,2118.0
1344,0.0,0.0,0.0,0.0,0.0,0.0,2076.0,0.0,7200.0,2076.0
1345,0.0,0.0,0.0,0.0,0.0,0.0,1956.0,3768.70202394793,10307.2948187451,1956.0
1346,0.0,0.0,0.0,0.0,0.0,0.0,1950.0,12000.0,20201.2948187451,1950.0
1347,0.0,0.0,0.0,0.0,0.0,0.0,2016.0,12000.0,30095.2948187451,2016.0
1348,0.0,0.0,0.0,0.0,0.0,0.0,1992.0,0.0,30095.2948187451,1992.0
1349,0.0,0.0,0.0,0.0,0.0,0.0,1950.0,0.0,30095.2948187451,1950.0
1350,0.0,0.0,0.0,0.0,0.0,0.0,2292.0,0.0,30095.2948187451,2292.0
1351,0.0,0.0,0.0,0.0,2611.68384879725,0.0,-3.35594950073008e-14,0.0,27103.6752897677,2611.68384879725
1352,261.1755,0.0,0.0,0.0,2328.36170103093,0.0,-1.10460331191165e-13,0.0,24436.594303478,2589.5372010309297
1353,1893.9,0.0,0.0,0.0,596.697594501718,0.0,-2.98628720072328e-14,0.0,23753.0919042778,2490.597594501718
1354,2307.21649484536,2489.84350515464,0.0,0.0,0.0,0.0,-1.20422343345651e-13,0.0,25805.9678742778,2307.21649484536
1355,2270.10309278351,3133.07690721649,0.0,0.0,0.0,0.0,-1.9417081917127499e-13,0.0,28389.1897842778,2270.10309278351
1356,2270.10309278351,4162.9469072165,0.0,0.0,0.0,0.0,-1.9417081917127499e-13,0.0,31821.5395092778,2270.10309278351
1357,2500.11,0.0,0.0,0.0,0.0,0.0,34.8932999999999,0.0,31821.5395092778,2535.0033
1358,2579.38144329897,740.77855670103,0.0,0.0,0.0,0.0,-1.67740094437568e-13,0.0,32432.3114292778,2579.38144329897
1359,2465.286,0.0,0.0,0.0,0.0,0.0,176.67258,0.0,32432.3114292778,2641.95858
1360,163.5156,0.0,0.0,0.0,0.0,0.0,2511.389868,0.0,32432.3114292778,2674.9054680000004
1361,0.0,0.0,0.0,0.0,0.0,0.0,2598.0,0.0,32432.3114292778,2598.0
1362,0.0,0.0,0.0,0.0,0.0,0.0,2484.0,0.0,32432.3114292778,2484.0
1363,0.0,0.0,0.0,0.0,0.0,0.0,2490.0,0.0,32432.3114292778,2490.0
1364,0.0,0.0,0.0,0.0,0.0,0.0,2358.0,0.0,32432.3114292778,2358.0
1365,0.0,0.0,0.0,0.0,0.0,0.0,2490.0,0.0,32432.3114292778,2490.0
1366,0.0,0.0,0.0,0.0,0.0,0.0,2382.0,0.0,32432.3114292778,2382.0
1367,0.0,0.0,0.0,0.0,0.0,0.0,2382.0,0.0,32432.3114292778,2382.0
1368,0.0,0.0,0.0,0.0,0.0,0.0,2292.0,0.0,32432.3114292778,2292.0
1369,0.0,0.0,0.0,0.0,0.0,0.0,2286.0,0.0,32432.3114292778,2286.0
1370,0.0,0.0,0.0,0.0,0.0,0.0,2268.0,0.0,32432.3114292778,2268.0
1371,0.0,0.0,0.0,0.0,0.0,0.0,2268.0,0.0,32432.3114292778,2268.0
1372,0.0,0.0,0.0,0.0,0.0,0.0,2136.0,0.0,32432.3114292778,2136.0
1373,0.0,0.0,0.0,0.0,0.0,0.0,2130.0,0.0,32432.3114292778,2130.0
1374,0.0,0.0,0.0,0.0,0.0,0.0,2178.0,0.0,32432.3114292778,2178.0
1375,0.0,0.0,0.0,0.0,2556.70103092783,0.0,1.92807016629586e-13,0.0,29503.6733640684,2556.70103092783
1376,5.53629,0.0,0.0,0.0,2364.98258728522,0.0,1.68364846664e-13,0.0,26794.6440544633,2370.51887728522
1377,86.4045,0.0,0.0,0.0,2618.77163230241,0.0,1.6244920365747099e-13,0.0,23794.9056440368,2705.17613230241
1378,166.299,0.0,0.0,0.0,2509.38140893471,0.0,-9.46773656648242e-14,0.0,20920.471040446,2675.68040893471
1379,886.557,0.0,0.0,0.0,1702.22189003436,0.0,-8.542460625087791e-14,0.0,18970.6177872566,2588.7788900343603
1380,2362.88659793814,1486.53340206186,0.0,0.0,-1.12252343725259e-14,0.0,-5.32699610245165e-31,0.0,20196.2645772566,2362.88659793814
1381,1099.164,0.0,0.0,0.0,1404.13621993127,0.0,-2.9627212329130404e-15,0.0,18587.8611179997,2503.30021993127
1382,1463.346,0.0,0.0,0.0,0.0,0.0,866.55438,0.0,18587.8611179997,2329.90038
1383,1432.386,0.0,0.0,0.0,978.906735395189,0.0,-4.69190788702974e-14,0.0,17466.547560846,2411.292735395189
1384,239.0742,0.0,0.0,0.0,2270.4444742268,0.0,2.76799818163674e-14,0.0,14865.8093314911,2509.5186742268
1385,0.0,0.0,0.0,0.0,2570.44673539519,0.0,-6.22818299415769e-14,0.0,11921.4259003397,2570.44673539519
1386,0.0,0.0,0.0,0.0,2474.22680412371,0.0,1.35362346761034e-13,0.0,9087.26003078219,2474.22680412371
1387,0.0,0.0,0.0,0.0,2474.22680412371,0.0,1.35362346761034e-13,0.0,6253.09416122467,2474.22680412371
1388,0.0,0.0,0.0,0.0,2316.15120274914,0.0,-1.35947873042942e-13,0.0,3600.0,2316.15120274914
1389,0.0,0.0,0.0,0.0,0.0,0.0,2130.0,0.0,3600.0,2130.0
1390,0.0,0.0,0.0,0.0,0.0,0.0,2136.0,0.0,3600.0,2136.0
1391,0.0,0.0,0.0,0.0,0.0,0.0,2184.0,0.0,3600.0,2184.0
1392,0.0,0.0,0.0,0.0,0.0,0.0,2160.0,0.0,7200.0,2160.0
1393,0.0,0.0,0.0,0.0,0.0,0.0,2220.0,0.0,7200.0,2220.0
1394,0.0,0.0,0.0,0.0,0.0,0.0,2040.0,1534.53954007614,8465.22785079278,2040.0
1395,0.0,0.0,0.0,0.0,0.0,0.0,2154.0,12000.0,18359.2278507928,2154.0
1396,0.0,0.0,0.0,0.0,0.0,0.0,2100.0,0.0,18359.2278507928,2100.0
1397,0.0,0.0,0.0,0.0,0.0,0.0,2142.0,0.0,18359.2278507928,2142.0
1398,0.0,0.0,0.0,0.0,0.0,0.0,2004.0,0.0,18359.2278507928,2004.0
1399,7.94418,0.0,0.0,0.0,0.0,0.0,2116.2941454,0.0,18359.2278507928,2124.2383254
1400,5.74716,0.0,0.0,0.0,0.0,0.0,2262.4252548,0.0,18359.2278507928,2268.1724148
1401,312.537,0.0,0.0,0.0,2278.16621993127,0.0,-1.81035335664725e-13,0.0,15749.6445519024,2590.70321993127
1402,573.108,0.0,0.0,0.0,1961.15147766323,0.0,7.64706546577245e-14,0.0,13503.1938329297,2534.25947766323
1403,2350.51546391753,1309.99453608247,0.0,0.0,0.0,0.0,1.1265252190419999e-13,0.0,14583.2843279297,2350.51546391753
1404,2393.81443298969,1498.56556701031,0.0,0.0,0.0,0.0,-9.53775432058184e-14,0.0,15818.8516379297,2393.81443298969
1405,2400.0,3637.41,0.0,0.0,0.0,0.0,6.3948846218409e-14,0.0,18817.8961829297,2400.0
1406,1263.138,0.0,0.0,0.0,0.0,0.0,1084.75614,0.0,18817.8961829297,2347.89414
1407,116.3835,0.0,0.0,0.0,0.0,0.0,2167.108005,0.0,18817.8961829297,2283.491505
1408,31.8771,0.0,0.0,0.0,0.0,0.0,2387.079213,0.0,18817.8961829297,2418.956313
1409,0.0,0.0,0.0,0.0,2666.66666666667,0.0,1.37068430679695e-13,0.0,15763.2951901843,2666.66666666667
1410,0.0,0.0,0.0,0.0,2646.04810996564,0.0,-7.57899554493846e-14,0.0,12732.312246352,2646.04810996564
1411,0.0,0.0,0.0,0.0,2515.46391752577,0.0,1.6408468169530998e-13,0.0,9850.91027896852,2515.46391752577
1412,0.0,0.0,0.0,0.0,2701.03092783505,0.0,9.48379702376113e-14,0.0,6756.94587136823,2701.03092783505
1413,0.0,0.0,0.0,0.0,2756.01374570447,0.0,-1.31528541399276e-13,0.0,3600.0,2756.01374570447
1414,0.0,0.0,0.0,0.0,0.0,0.0,2370.0,0.0,3600.0,2370.0
1415,0.0,0.0,0.0,0.0,0.0,0.0,2460.0,0.0,3600.0,2460.0
1416,0.0,0.0,0.0,0.0,0.0,0.0,2496.0,12000.0,13494.0,2496.0
1417,0.0,0.0,0.0,0.0,0.0,0.0,2418.0,12000.0,23388.0,2418.0
1418,0.0,0.0,0.0,0.0,0.0,0.0,2442.0,12000.0,33282.0,2442.0
1419,0.0,0.0,0.0,0.0,0.0,0.0,2454.0,91.5297265543442,33357.4662595441,2454.0
1420,0.0,0.0,0.0,0.0,0.0,0.0,2400.0,0.0,33357.4662595441,2400.0
1421,0.0,0.0,0.0,0.0,2563.57388316151,0.0,-1.33234625317937e-13,0.0,30420.9555113636,2563.57388316151
1422,0.0,0.0,0.0,0.0,2831.61512027491,0.0,-1.45036666907084e-13,0.0,27177.4101273145,2831.61512027491
1423,52.9164,0.0,0.0,0.0,2793.43767697595,0.0,-4.36958244219171e-14,0.0,23977.5960643409,2846.35407697595
1424,22.30863,0.0,0.0,0.0,2903.04768487973,0.0,-1.90384512271038e-13,0.0,20652.2264367582,2925.35631487973
1425,296.5092,0.0,0.0,0.0,2680.85461168385,0.0,1.60740495778959e-13,0.0,17581.3735024124,2977.36381168385
1426,1317.726,0.0,0.0,0.0,1353.72941580756,0.0,-6.14872962930811e-14,0.0,16030.7097958745,2671.45541580756
1427,2696.90721649485,1860.06278350516,0.0,0.0,2.437934965218e-13,0.0,-1.5864196724179897e-30,0.0,17564.3315608745,2696.9072164948507
1428,2622.68041237113,4159.41958762886,0.0,0.0,7.48393709189958e-14,0.0,-2.77006670282495e-30,0.0,20993.7730108745,2622.68041237113
1429,2591.75257731959,475.477422680412,0.0,0.0,1.72866763357259e-13,0.0,6.66844739709689e-30,0.0,21385.8041458745,2591.75257731959
1430,2523.71134020619,992.408659793814,0.0,0.0,1.86417092994119e-13,0.0,4.4963288576881596e-30,0.0,22204.0450858745,2523.71134020619
1431,2709.27835051546,243.072649484536,0.0,0.0,1.03527572682836e-13,0.0,5.2073681562490696e-30,0.0,22404.4584853745,2709.27835051546
1432,200.5947,0.0,0.0,0.0,2663.71493814433,0.0,7.43080529342143e-14,0.0,19353.2386249572,2864.30963814433
1433,0.0,0.0,0.0,0.0,2776.6323024055,0.0,8.13298447298036e-14,0.0,16172.674704676,2776.6323024055
1434,0.0,0.0,0.0,0.0,2714.77663230241,0.0,-1.60250876333552e-13,0.0,13062.9649311337,2714.77663230241
1435,0.0,0.0,0.0,0.0,2728.52233676976,0.0,-1.8345285580832402e-14,0.0,9937.50979164945,2728.52233676976
1436,0.0,0.0,0.0,0.0,2769.75945017182,0.0,1.0377049353443801e-14,0.0,6764.81855433923,2769.75945017182
1437,0.0,0.0,0.0,0.0,2762.88659793814,0.0,-6.057574602291611e-14,0.0,3600.0,2762.88659793814
1438,0.0,0.0,0.0,0.0,0.0,0.0,2370.0,0.0,3600.0,2370.0
1439,0.0,0.0,0.0,0.0,0.0,0.0,2466.0,0.0,3600.0,2466.0
1440,0.0,0.0,0.0,0.0,0.0,0.0,2472.0,12000.0,17094.0,2472.0
1441,0.0,0.0,0.0,0.0,0.0,0.0,2424.0,12000.0,26988.0,2424.0
1442,0.0,0.0,0.0,0.0,0.0,0.0,2526.0,12000.0,36882.0,2526.0
1443,0.0,0.0,0.0,0.0,0.0,0.0,2526.0,12000.0,46776.0,2526.0
1444,0.0,0.0,0.0,0.0,0.0,0.0,2562.0,0.0,46776.0,2562.0
1445,0.0,0.0,0.0,0.0,0.0,0.0,2322.0,0.0,46776.0,2322.0
1446,0.0,0.0,0.0,0.0,2625.4295532646,0.0,1.08346095745419e-13,0.0,43768.6351050806,2625.4295532646
1447,185.5452,0.0,0.0,0.0,2405.52251546392,0.0,-7.43982253306827e-14,0.0,41013.1683061529,2591.06771546392
1448,1233.618,0.0,0.0,0.0,1295.98,0.0,5.84634207712043e-14,0.0,39528.6551331861,2529.598
1449,2400.0,835.29,0.0,0.0,7.32518284288763e-14,0.0,-4.07292951658934e-30,0.0,40217.3517381861,2400.0
1450,2437.11340206186,3487.13659793814,0.0,0.0,1.57728891230278e-13,0.0,-3.4811060013858595e-30,0.0,43092.4958631861,2437.11340206186
1451,1382.49,0.0,0.0,0.0,1309.26082474227,0.0,8.85003374135747e-14,0.0,41592.7698325535,2691.75082474227
1452,2266.428,0.0,0.0,0.0,347.726048109966,0.0,-2.00733189215364e-14,0.0,41194.4582081435,2614.154048109966
1453,1693.839,0.0,0.0,0.0,956.444639175258,0.0,2.6482717599619e-14,0.0,40098.8744290195,2650.283639175258
1454,791.958,0.0,0.0,0.0,1992.89890034364,0.0,5.17433187858239e-14,0.0,37816.0578192329,2784.85690034364
1455,376.677,0.0,0.0,0.0,2619.27068728522,0.0,1.1924909182298899e-13,0.0,34815.7477536141,2995.94768728522
1456,50.8125,0.0,0.0,0.0,2967.59664948454,0.0,-4.74791820979367e-14,0.0,31416.4388767704,3018.40914948454
1457,0.0,0.0,0.0,0.0,2969.07216494845,0.0,8.303592864846451e-14,0.0,28015.4398333014,2969.07216494845
1458,0.0,0.0,0.0,0.0,2893.47079037801,0.0,9.654405415627211e-14,0.0,24701.0403025133,2893.47079037801
1459,0.0,0.0,0.0,0.0,2886.59793814433,0.0,2.5591258779912202e-14,0.0,21394.5134546962,2886.59793814433
1460,0.0,0.0,0.0,0.0,2831.61512027491,0.0,-1.45036666907084e-13,0.0,18150.9680706471,2831.61512027491
1461,0.0,0.0,0.0,0.0,2852.23367697594,0.0,6.782171922199599e-14,0.0,14883.8046376849,2852.23367697594
1462,0.0,0.0,0.0,0.0,987.821100456621,0.0,1477.63217930137,0.0,13752.2798948938,2465.453279757991
1463,0.0,0.0,0.0,0.0,0.0,0.0,2538.0,0.0,13752.2798948938,2538.0
1464,0.0,0.0,0.0,0.0,0.0,0.0,2526.0,0.0,13752.2798948938,2526.0
1465,0.0,0.0,0.0,0.0,0.0,0.0,2454.0,0.0,13752.2798948938,2454.0
1466,0.0,0.0,0.0,0.0,0.0,0.0,2526.0,12000.0,23646.2798948938,2526.0
1467,0.0,0.0,0.0,0.0,0.0,0.0,2508.0,0.0,23646.2798948938,2508.0
1468,0.0,0.0,0.0,0.0,0.0,0.0,2544.0,0.0,23646.2798948938,2544.0
1469,0.0,0.0,0.0,0.0,2769.75945017182,0.0,1.0377049353443801e-14,0.0,20473.5886575836,2769.75945017182
1470,0.0,0.0,0.0,0.0,2893.47079037801,0.0,9.654405415627211e-14,0.0,17159.1891267955,2893.47079037801
1471,32.1183,0.0,0.0,0.0,2905.89375601375,0.0,7.4283501582808e-14,0.0,13830.559394821,2938.01205601375
1472,38.9841,0.0,0.0,0.0,2946.37505498282,0.0,-3.43292060467654e-14,0.0,10455.5593318395,2985.35915498282
1473,2672.16494845361,3099.14505154639,0.0,0.0,1.90505098814342e-14,0.0,-8.938599210179621e-31,0.0,13010.8044268395,2672.16494845361
1474,2771.13402061856,1393.82597938144,0.0,0.0,-9.2527212193689e-14,0.0,-2.6508509194675297e-30,0.0,14160.0139468395,2771.13402061856
1475,2826.80412371134,2115.09587628866,0.0,0.0,3.4188382008414304e-14,0.0,-1.7631156466623e-30,0.0,15903.9104968395,2826.80412371134
1476,2727.83505154639,1638.54494845361,0.0,0.0,1.45766104083537e-13,0.0,1.10126844759144e-29,0.0,17254.8908068395,2727.83505154639
1477,2826.80412371134,2210.40587628866,0.0,0.0,3.4188382008414304e-14,0.0,-1.7631156466623e-30,0.0,19077.3704518395,2826.80412371134
1478,2672.16494845361,563.785051546392,0.0,0.0,1.90505098814342e-14,0.0,-8.938599210179621e-31,0.0,19542.2112268396,2672.16494845361
1479,986.463,0.0,0.0,0.0,1982.96780068729,0.0,-9.28839799728691e-14,0.0,17270.770447129,2969.43080068729
1480,234.5391,0.0,0.0,0.0,2852.80306185567,0.0,1.24666149513529e-13,0.0,14002.9547978098,3087.34216185567
1481,9.90357,0.0,0.0,0.0,3095.52524295533,0.0,7.78035862278076e-14,0.0,10457.106867735,3105.42881295533
1482,0.0,0.0,0.0,0.0,3044.6735395189,0.0,6.952780314065681e-14,0.0,6969.50831158505,3044.6735395189
1483,0.0,0.0,0.0,0.0,2941.58075601375,0.0,1.96219184466908e-13,0.0,3600.0,2941.58075601375
1484,0.0,0.0,0.0,0.0,0.0,0.0,2508.0,0.0,3600.0,2508.0
1485,0.0,0.0,0.0,0.0,0.0,0.0,2544.0,0.0,3600.0,2544.0
1486,0.0,0.0,0.0,0.0,0.0,0.0,2478.0,0.0,3600.0,2478.0
1487,0.0,0.0,0.0,0.0,0.0,0.0,2616.0,0.0,3600.0,2616.0
1488,0.0,0.0,0.0,0.0,0.0,0.0,2610.0,12000.0,17094.0,2610.0
1489,0.0,0.0,0.0,0.0,0.0,0.0,2514.0,12000.0,26988.0,2514.0
1490,0.0,0.0,0.0,0.0,0.0,0.0,2634.0,12000.0,36882.0,2634.0
1491,0.0,0.0,0.0,0.0,0.0,0.0,2586.0,12000.0,46776.0,2586.0
1492,0.0,0.0,0.0,0.0,0.0,0.0,2640.0,11281.8440667828,56077.8804330624,2640.0
1493,0.0,0.0,0.0,0.0,0.0,0.0,2436.0,0.0,56077.8804330624,2436.0
1494,0.0,0.0,0.0,0.0,0.0,0.0,2604.0,0.0,56077.8804330624,2604.0
1495,79.1715,0.0,0.0,0.0,2908.59524054983,0.0,-5.30409578648697e-14,0.0,52746.1562170833,2987.76674054983
1496,24.62508,0.0,0.0,0.0,2969.20237388316,0.0,2.89212251905069e-14,0.0,49345.0080224863,2993.82745388316
1497,997.248,0.0,0.0,0.0,1847.27312714777,0.0,1.9197573534675502e-14,0.0,47229.0021494648,2844.52112714777
1498,2709.27835051546,2475.20164948454,0.0,0.0,1.03527572682836e-13,0.0,5.2073681562490696e-30,0.0,49269.8059094648,2709.27835051546
1499,2009.577,0.0,0.0,0.0,804.93735395189,0.0,-4.58638685182111e-14,0.0,48347.7699942851,2814.51435395189
1500,2249.265,0.0,0.0,0.0,325.558934707904,0.0,-1.17567130524991e-14,0.0,47974.8502523516,2574.823934707904
1501,2074.917,0.0,0.0,0.0,601.753161512028,0.0,-1.59840973141598e-14,0.0,47285.5568256483,2676.670161512028
1502,977.193,0.0,0.0,0.0,1745.84512027491,0.0,-4.00997544142802e-14,0.0,45285.734236559,2723.03812027491
1503,86.5596,0.0,0.0,0.0,0.0,0.0,2442.037188,0.0,45285.734236559,2528.596788
1504,0.0,0.0,0.0,0.0,0.0,0.0,2436.0,0.0,45285.734236559,2436.0
1505,0.0,0.0,0.0,0.0,2852.23367697594,0.0,6.782171922199599e-14,0.0,42018.5708035969,2852.23367697594
1506,0.0,0.0,0.0,0.0,2776.6323024055,0.0,8.13298447298036e-14,0.0,38838.0068833157,2776.6323024055
1507,0.0,0.0,0.0,0.0,2810.99656357388,0.0,3.90993842877199e-14,0.0,35618.0795481795,2810.99656357388
1508,0.0,0.0,0.0,0.0,0.0,0.0,2496.0,0.0,35618.0795481795,2496.0
1509,0.0,0.0,0.0,0.0,0.0,0.0,2448.0,0.0,35618.0795481795,2448.0
1510,0.0,0.0,0.0,0.0,0.0,0.0,2364.0,0.0,35618.0795481795,2364.0
1511,0.0,0.0,0.0,0.0,0.0,0.0,2460.0,0.0,35618.0795481795,2460.0
1512,0.0,0.0,0.0,0.0,0.0,0.0,2406.0,0.0,35618.0795481795,2406.0
1513,0.0,0.0,0.0,0.0,0.0,0.0,2394.0,0.0,35618.0795481795,2394.0
1514,0.0,0.0,0.0,0.0,0.0,0.0,2490.0,0.0,35618.0795481795,2490.0
1515,0.0,0.0,0.0,0.0,0.0,0.0,2400.0,0.0,35618.0795481795,2400.0
1516,0.0,0.0,0.0,0.0,0.0,0.0,2370.0,0.0,35618.0795481795,2370.0
1517,0.0,0.0,0.0,0.0,0.0,0.0,2196.0,0.0,35618.0795481795,2196.0
1518,0.0,0.0,0.0,0.0,2790.37800687285,0.0,-1.7375900184136e-13,0.0,32421.7702619563,2790.37800687285
1519,51.036,0.0,0.0,0.0,2850.50982817869,0.0,-1.7910915447995499e-13,0.0,29156.5814553369,2901.54582817869
1520,8.78472,0.0,0.0,0.0,2780.61720687285,0.0,1.53985574635713e-14,0.0,25971.4529251275,2789.4019268728503
1521,950.541,0.0,0.0,0.0,1761.71274914089,0.0,-5.73814285129101e-15,0.0,23953.4543579558,2712.2537491408902
1522,514.167,0.0,0.0,0.0,2342.79268041237,0.0,-1.1270843337667399e-13,0.0,21269.8430401867,2856.95968041237
1523,2002.677,0.0,0.0,0.0,757.621202749141,0.0,1.31692367282261e-14,0.0,20402.0066109208,2760.2982027491407
1524,2585.56701030928,1332.67298969072,0.0,0.0,-9.637691882406331e-15,0.0,-6.07187936996662e-31,0.0,21500.7954909208,2585.56701030928
1525,2271.639,0.0,0.0,0.0,438.155979381443,0.0,-1.75821029213426e-14,0.0,20998.8986073224,2709.794979381443
1526,753.072,0.0,0.0,0.0,2001.74130584192,0.0,-4.03273125012015e-14,0.0,18705.9532398059,2754.81330584192
1527,432.519,0.0,0.0,0.0,2406.02127147766,0.0,-8.91372083437563e-15,0.0,15949.9151281476,2838.54027147766
1528,8.01189,0.0,0.0,0.0,2740.23879347079,0.0,-8.88103123602399e-14,0.0,12811.0390760619,2748.25068347079
1529,0.0,0.0,0.0,0.0,2735.39518900344,0.0,5.26075097955275e-14,0.0,9677.71125360667,2735.39518900344
1530,0.0,0.0,0.0,0.0,2666.66666666667,0.0,1.37068430679695e-13,0.0,6623.11026086135,2666.66666666667
1531,0.0,0.0,0.0,0.0,2639.17525773196,0.0,-1.46742750825744e-13,0.0,3600.0,2639.17525773196
1532,0.0,0.0,0.0,0.0,0.0,0.0,2178.0,0.0,3600.0,2178.0
1533,0.0,0.0,0.0,0.0,0.0,0.0,2250.0,0.0,3600.0,2250.0
1534,0.0,0.0,0.0,0.0,0.0,0.0,2268.0,0.0,3600.0,2268.0
1535,0.0,0.0,0.0,0.0,0.0,0.0,2214.0,0.0,3600.0,2214.0
1536,0.0,0.0,0.0,0.0,0.0,0.0,2268.0,0.0,7200.0,2268.0
1537,0.0,0.0,0.0,0.0,0.0,0.0,2280.0,0.0,7200.0,2280.0
1538,0.0,0.0,0.0,0.0,0.0,0.0,2310.0,0.0,7200.0,2310.0
1539,0.0,0.0,0.0,0.0,0.0,0.0,2232.0,0.0,7200.0,2232.0
1540,0.0,0.0,0.0,0.0,0.0,0.0,2184.0,0.0,7200.0,2184.0
1541,0.0,0.0,0.0,0.0,0.0,0.0,2142.0,0.0,7200.0,2142.0
1542,0.0,0.0,0.0,0.0,0.0,0.0,2238.0,0.0,7200.0,2238.0
1543,7.47738,0.0,0.0,0.0,0.0,0.0,2356.7469414,0.0,7200.0,2364.2243214
1544,25.90962,0.0,0.0,0.0,0.0,0.0,2308.8676686,0.0,7200.0,2334.7772886
1545,58.2663,0.0,0.0,0.0,0.0,0.0,2307.481689,0.0,7200.0,2365.7479890000004
1546,202.4397,0.0,0.0,0.0,0.0,0.0,2179.633491,0.0,7200.0,2382.073191
1547,234.0879,0.0,0.0,0.0,0.0,0.0,2190.934737,0.0,7200.0,2425.022637
1548,250.1244,0.0,0.0,0.0,0.0,0.0,2169.379332,0.0,7200.0,2419.503732
1549,234.5568,0.0,0.0,0.0,0.0,0.0,2250.479904,0.0,7200.0,2485.036704
1550,203.1087,0.0,0.0,0.0,0.0,0.0,2286.984561,0.0,7200.0,2490.093261
1551,106.5636,0.0,0.0,0.0,0.0,0.0,2368.633308,0.0,7200.0,2475.196908
1552,39.9777,0.0,0.0,0.0,0.0,0.0,2331.221631,0.0,7200.0,2371.199331
1553,14.25393,0.0,0.0,0.0,0.0,0.0,2338.1736879,0.0,7200.0,2352.4276179
1554,0.0,0.0,0.0,0.0,0.0,0.0,2166.0,0.0,7200.0,2166.0
1555,0.0,0.0,0.0,0.0,0.0,0.0,2178.0,0.0,7200.0,2178.0
1556,0.0,0.0,0.0,0.0,0.0,0.0,2226.0,0.0,7200.0,2226.0
1557,0.0,0.0,0.0,0.0,0.0,0.0,2400.0,0.0,7200.0,2400.0
1558,0.0,0.0,0.0,0.0,0.0,0.0,2328.0,0.0,7200.0,2328.0
1559,0.0,0.0,0.0,0.0,0.0,0.0,2352.0,0.0,7200.0,2352.0
1560,0.0,0.0,0.0,0.0,0.0,0.0,2364.0,0.0,7200.0,2364.0
1561,0.0,0.0,0.0,0.0,0.0,0.0,2322.0,12000.0,17094.0,2322.0
1562,0.0,0.0,0.0,0.0,0.0,0.0,2280.0,12000.0,26988.0,2280.0
1563,0.0,0.0,0.0,0.0,0.0,0.0,2322.0,832.825379377678,27674.6645252969,2322.0
1564,0.0,0.0,0.0,0.0,0.0,0.0,2238.0,0.0,27674.6645252969,2238.0
1565,0.0,0.0,0.0,0.0,0.0,0.0,2214.0,0.0,27674.6645252969,2214.0
1566,0.0,0.0,0.0,0.0,0.0,0.0,2076.0,0.0,27674.6645252969,2076.0
1567,40.2141,0.0,0.0,0.0,0.0,0.0,2132.992323,0.0,27674.6645252969,2173.206423
1568,60.1029,0.0,0.0,0.0,0.0,0.0,2257.700187,0.0,27674.6645252969,2317.803087
1569,544.293,0.0,0.0,0.0,0.0,0.0,1794.03579,0.0,27674.6645252969,2338.32879
1570,189.9891,0.0,0.0,0.0,0.0,0.0,2149.710573,0.0,27674.6645252969,2339.699673
1571,1746.381,0.0,0.0,0.0,0.0,0.0,676.01043,0.0,27674.6645252969,2422.39143
1572,1481.877,0.0,0.0,0.0,0.0,0.0,866.57931,0.0,27674.6645252969,2348.45631
1573,1376.82,0.0,0.0,0.0,0.0,0.0,1028.4846,0.0,27674.6645252969,2405.3046
1574,1889.922,0.0,0.0,0.0,0.0,0.0,530.77566,0.0,27674.6645252969,2420.69766
1575,748.857,0.0,0.0,0.0,0.0,0.0,1703.60871,0.0,27674.6645252969,2452.46571
1576,88.9389,0.0,0.0,0.0,0.0,0.0,2385.729267,0.0,27674.6645252969,2474.6681670000003
1577,0.0,0.0,0.0,0.0,2886.59793814433,0.0,2.5591258779912202e-14,0.0,24368.1376774798,2886.59793814433
1578,0.0,0.0,0.0,0.0,2927.83505154639,0.0,5.4313593714188305e-14,0.0,21014.3747318367,2927.83505154639
1579,0.0,0.0,0.0,0.0,2804.12371134021,0.0,-3.185341108864e-14,0.0,17802.3200796716,2804.12371134021
1580,0.0,0.0,0.0,0.0,2962.19931271478,0.0,1.20831332721046e-14,0.0,14409.1937191735,2962.19931271478
1581,0.0,0.0,0.0,0.0,3147.76632302406,0.0,-5.71635781855945e-14,0.0,10803.5049184587,3147.76632302406
1582,0.0,0.0,0.0,0.0,3085.91065292096,0.0,9.82501380749329e-14,0.0,7268.67026448278,3085.91065292096
1583,0.0,0.0,0.0,0.0,3202.74914089347,0.0,1.13464347501401e-13,0.0,3600.0,3202.74914089347
1584,0.0,0.0,0.0,0.0,0.0,0.0,2676.0,12000.0,17094.0,2676.0
1585,0.0,0.0,0.0,0.0,0.0,0.0,2610.0,12000.0,26988.0,2610.0
1586,0.0,0.0,0.0,0.0,0.0,0.0,2700.0,12000.0,36882.0,2700.0
1587,0.0,0.0,0.0,0.0,0.0,0.0,2664.0,0.0,36882.0,2664.0
1588,0.0,0.0,0.0,0.0,0.0,0.0,2736.0,0.0,36882.0,2736.0
1589,0.0,0.0,0.0,0.0,0.0,0.0,2532.0,0.0,36882.0,2532.0
1590,0.0,0.0,0.0,0.0,3058.41924398625,0.0,-1.85561043430507e-13,0.0,33378.6560779081,3058.41924398625
1591,150.8862,0.0,0.0,0.0,2980.11498969072,0.0,-1.02936121866842e-13,0.0,29965.0077506564,3131.00118969072
1592,967.527,0.0,0.0,0.0,2086.48202749141,0.0,1.36492563078668e-13,0.0,27574.9939734612,3054.00902749141
1593,2206.899,0.0,0.0,0.0,736.893436426117,0.0,-3.72308522919231e-14,0.0,26730.9006900407,2943.792436426117
1594,2839.17525773196,4418.63474226804,0.0,0.0,-1.0607754183054899e-13,0.0,-4.78732380058795e-31,0.0,30374.0650350407,2839.17525773196
1595,2814.43298969072,4678.30701030928,0.0,0.0,1.74454305847378e-13,0.0,-3.0474989132658097e-30,0.0,34231.3291650407,2814.43298969072
1596,2820.61855670103,4793.68144329897,0.0,0.0,-1.48316073231251e-13,0.0,4.73476042440301e-30,0.0,38183.7195150407,2820.61855670103
1597,2764.94845360825,1531.98154639175,0.0,0.0,2.3024316688494e-13,0.0,-2.1451919381263398e-29,0.0,39446.8383000407,2764.9484536082505
1598,2777.31958762887,487.040412371134,0.0,0.0,8.997724304597591e-14,0.0,-3.6393224284692894e-30,0.0,39848.4031200407,2777.31958762887
1599,2863.9175257732,747.452474226804,0.0,0.0,1.18665444809816e-13,0.0,-6.680696693522369e-30,0.0,40464.6776850407,2863.9175257732
1600,693.405,0.0,0.0,0.0,2287.96924398625,0.0,6.181716337747331e-14,0.0,37843.8652635215,2981.37424398625
1601,0.0,0.0,0.0,0.0,2982.81786941581,0.0,-1.72052917922699e-13,0.0,34427.1208541105,2982.81786941581
1602,0.0,0.0,0.0,0.0,3072.16494845361,0.0,-4.36554526777868e-14,0.0,30908.0315660765,3072.16494845361
1603,0.0,0.0,0.0,0.0,3085.91065292096,0.0,9.82501380749329e-14,0.0,27373.1969121006,3085.91065292096
1604,0.0,0.0,0.0,0.0,3058.41924398625,0.0,-1.85561043430507e-13,0.0,23869.8529900087,3058.41924398625
1605,0.0,0.0,0.0,0.0,3085.91065292096,0.0,9.82501380749329e-14,0.0,20335.0183360328,3085.91065292096
1606,0.0,0.0,0.0,0.0,0.0,0.0,2622.0,0.0,20335.0183360328,2622.0
1607,0.0,0.0,0.0,0.0,0.0,0.0,2664.0,0.0,20335.0183360328,2664.0
1608,0.0,0.0,0.0,0.0,0.0,0.0,2712.0,0.0,20335.0183360328,2712.0
1609,0.0,0.0,0.0,0.0,0.0,0.0,2658.0,9077.1508635223,27819.129223007,2658.0
1610,0.0,0.0,0.0,0.0,0.0,0.0,2700.0,12000.0,37713.129223007,2700.0
1611,0.0,0.0,0.0,0.0,0.0,0.0,2694.0,12000.0,47607.129223007,2694.0
1612,0.0,0.0,0.0,0.0,0.0,0.0,2670.0,0.0,47607.129223007,2670.0
1613,0.0,0.0,0.0,0.0,0.0,0.0,2466.0,0.0,47607.129223007,2466.0
1614,0.0,0.0,0.0,0.0,2804.12371134021,0.0,-3.185341108864e-14,0.0,44395.0745708418,2804.12371134021
1615,54.1296,0.0,0.0,0.0,2812.70823367698,0.0,-4.3661593036722205e-14,0.0,41173.186559757,2866.83783367698
1616,138.9339,0.0,0.0,0.0,2629.13415463918,0.0,-1.93144817198318e-13,0.0,38161.578135199,2768.06805463918
1617,253.2354,0.0,0.0,0.0,2447.14967010309,0.0,-1.82554150160813e-13,0.0,35358.428455814,2700.38507010309
1618,367.104,0.0,0.0,0.0,2293.13759450172,0.0,-1.88284698775295e-13,0.0,32731.695816064,2660.24159450172
1619,2053.605,0.0,0.0,0.0,460.48470790378,0.0,6.10442311437925e-15,0.0,32204.2219238489,2514.08970790378
1620,448.077,0.0,0.0,0.0,2313.13323024055,0.0,8.41444837899995e-14,0.0,29554.5847758071,2761.21023024055
1621,2703.09278350515,976.377216494845,0.0,0.0,-7.89768825568285e-14,0.0,-4.822969458876259e-30,0.0,30359.6077908071,2703.09278350515
1622,317.721,0.0,0.0,0.0,2671.03164948454,0.0,-1.75379148546204e-14,0.0,27300.0068177435,2988.75264948454
1623,203.5242,0.0,0.0,0.0,2935.37402749141,0.0,-4.57174315693518e-14,0.0,23937.6081608232,3138.8982274914097
1624,795.999,0.0,0.0,0.0,2173.97591065292,0.0,-1.79401425429665e-13,0.0,21447.3722952414,2969.97491065292
1625,0.0,0.0,0.0,0.0,3065.29209621993,0.0,-1.14608248054147e-13,0.0,17936.1556901784,3065.29209621993
1626,0.0,0.0,0.0,0.0,3051.54639175258,0.0,1.40480598517017e-13,0.0,14440.6844510575,3051.54639175258
1627,0.0,0.0,0.0,0.0,3134.0206185567,0.0,1.97925268385569e-13,0.0,10850.7410162846,3134.0206185567
1628,0.0,0.0,0.0,0.0,3202.74914089347,0.0,1.13464347501401e-13,0.0,7182.07075180186,3202.74914089347
1629,0.0,0.0,0.0,0.0,3127.14776632302,0.0,1.26972473009209e-13,0.0,3600.0,3127.14776632302
1630,0.0,0.0,0.0,0.0,0.0,0.0,2586.0,0.0,3600.0,2586.0
1631,0.0,0.0,0.0,0.0,0.0,0.0,2694.0,0.0,3600.0,2694.0
1632,0.0,0.0,0.0,0.0,0.0,0.0,2682.0,0.0,7200.0,2682.0
1633,0.0,0.0,0.0,0.0,0.0,0.0,2610.0,0.0,7200.0,2610.0
1634,0.0,0.0,0.0,0.0,0.0,0.0,2664.0,11835.1191451028,16958.0557351373,2664.0
1635,0.0,0.0,0.0,0.0,0.0,0.0,2622.0,0.0,16958.0557351373,2622.0
1636,0.0,0.0,0.0,0.0,0.0,0.0,2628.0,0.0,16958.0557351373,2628.0
1637,0.0,0.0,0.0,0.0,0.0,0.0,2592.0,0.0,16958.0557351373,2592.0
1638,0.0,0.0,0.0,0.0,0.0,0.0,2760.0,0.0,16958.0557351373,2760.0
1639,84.6435,0.0,0.0,0.0,3108.70080756014,0.0,8.51029483462898e-14,0.0,13397.1155202917,3193.3443075601404
1640,347.025,0.0,0.0,0.0,2824.03865979381,0.0,-1.64604261492596e-13,0.0,10162.2487851327,3171.06365979381
1641,168.6948,0.0,0.0,0.0,3022.18332646048,0.0,-1.3105572924405999e-13,0.0,6700.41221415853,3190.8781264604804
1642,2544.147,0.0,0.0,0.0,327.809175257732,0.0,1.82606093361985e-14,0.0,6324.91487709354,2871.956175257732
1643,2938.14432989691,821.575670103092,0.0,0.0,-2.17655263905673e-13,0.0,3.2736811835551894e-30,0.0,7002.30401709354,2938.14432989691
1644,2743.677,0.0,0.0,0.0,133.60058419244,0.0,7.51327992566154e-15,0.0,6849.26783817895,2877.2775841924404
1645,2863.9175257732,279.512474226804,0.0,0.0,0.0,0.0,1.0359493331896999e-13,0.0,7079.72587317895,2863.9175257732
1646,558.444,0.0,0.0,0.0,0.0,0.0,2224.30932,0.0,7079.72587317895,2782.75332
1647,443.655,0.0,0.0,0.0,0.0,0.0,2377.65465,0.0,7079.72587317895,2821.30965
1648,53.0745,0.0,0.0,0.0,0.0,0.0,2702.517735,0.0,7079.72587317895,2755.592235
1649,10.87428,0.0,0.0,0.0,0.0,0.0,2719.4519484,0.0,7079.72587317895,2730.3262284
1650,0.0,0.0,0.0,0.0,3037.80068728522,0.0,-1.4249922357030702e-15,0.0,3600.0,3037.80068728522
1651,0.0,0.0,0.0,0.0,0.0,0.0,2616.0,0.0,3600.0,2616.0
1652,0.0,0.0,0.0,0.0,0.0,0.0,2616.0,0.0,3600.0,2616.0
1653,0.0,0.0,0.0,0.0,0.0,0.0,2580.0,0.0,3600.0,2580.0
1654,0.0,0.0,0.0,0.0,0.0,0.0,2508.0,0.0,3600.0,2508.0
1655,0.0,0.0,0.0,0.0,0.0,0.0,2658.0,0.0,3600.0,2658.0
1656,0.0,0.0,0.0,0.0,0.0,0.0,2700.0,0.0,3600.0,2700.0
1657,0.0,0.0,0.0,0.0,0.0,0.0,2610.0,0.0,3600.0,2610.0
1658,0.0,0.0,0.0,0.0,0.0,0.0,2682.0,8590.74160021906,10683.0664493806,2682.0
1659,0.0,0.0,0.0,0.0,0.0,0.0,2532.0,0.0,10683.0664493806,2532.0
1660,0.0,0.0,0.0,0.0,0.0,0.0,2562.0,0.0,10683.0664493806,2562.0
1661,0.0,0.0,0.0,0.0,0.0,0.0,2442.0,0.0,10683.0664493806,2442.0
1662,0.0,0.0,0.0,0.0,2955.3264604811,0.0,-5.88696621042553e-14,0.0,7297.81277185358,2955.3264604811
1663,393.318,0.0,0.0,0.0,2511.43360824742,0.0,7.63112837067713e-14,0.0,4421.02742449113,2904.7516082474203
1664,2008.527,0.0,0.0,0.0,716.756941580756,0.0,-2.46473829051639e-14,0.0,3600.0,2725.283941580756
1665,2789.69072164948,714.03753904886,2.27373675443232e-13,1632.45173930166,-5.02886807929879e-14,0.0,-2.3549391618657898e-30,0.0,4188.72395094578,2789.69072164948
1666,2808.24742268041,5257.31257731959,0.0,0.0,-8.05014939228682e-15,0.0,-6.81676263748158e-31,0.0,8523.37817094578,2808.24742268041
1667,2795.87628865979,6767.8237113402,0.0,0.0,1.32215774446677e-13,0.0,-8.8528152329311e-30,0.0,14103.4488209458,2795.87628865979
1668,2783.50515463918,6596.59484536083,0.0,0.0,-2.32793136032653e-13,0.0,-6.87587221492756e-30,0.0,19542.3412709458,2783.50515463918
1669,2758.76288659794,6101.49711340206,0.0,0.0,4.77387116452748e-14,0.0,1.5741703759925098e-30,0.0,24573.0256409458,2758.76288659794
1670,2752.57731958763,4242.58268041237,0.0,0.0,-1.3476574359438999e-13,0.0,2.5626418849942797e-30,0.0,28071.0350609458,2752.57731958763
1671,2962.88659793814,1982.01340206186,0.0,0.0,7.087722734693221e-15,0.0,-1.73580848876614e-31,0.0,29705.2051109458,2962.88659793814
1672,1428.471,0.0,0.0,0.0,1663.66910652921,0.0,2.56926375402053e-14,0.0,27799.5131217943,3092.1401065292102
1673,62.7312,0.0,0.0,0.0,3174.2849209622,0.0,-1.24873826974859e-13,0.0,24163.447920234,3237.0161209622
1674,0.0,0.0,0.0,0.0,3134.0206185567,0.0,1.97925268385569e-13,0.0,20573.5044854611,3134.0206185567
1675,0.0,0.0,0.0,0.0,2941.58075601375,0.0,1.96219184466908e-13,0.0,17203.9961738761,2941.58075601375
1676,0.0,0.0,0.0,0.0,2975.94501718213,0.0,1.5398872402482399e-13,0.0,13795.1244474361,2975.94501718213
1677,0.0,0.0,0.0,0.0,2996.56357388316,0.0,-3.01473271699792e-14,0.0,10362.6346720831,2996.56357388316
1678,0.0,0.0,0.0,0.0,2900.34364261168,0.0,1.67496849532632e-13,0.0,7040.36245832398,2900.34364261168
1679,0.0,0.0,0.0,0.0,3003.43642611684,0.0,4.08054682063807e-14,0.0,3600.0,3003.43642611684
1680,0.0,0.0,0.0,0.0,0.0,0.0,2562.0,0.0,7200.0,2562.0
1681,0.0,0.0,0.0,0.0,0.0,0.0,2562.0,12000.0,17094.0,2562.0
1682,0.0,0.0,0.0,0.0,0.0,0.0,2562.0,12000.0,26988.0,2562.0
1683,0.0,0.0,0.0,0.0,0.0,0.0,2430.0,12000.0,36882.0,2430.0
1684,0.0,0.0,0.0,0.0,0.0,0.0,2442.0,0.0,36882.0,2442.0
1685,0.0,0.0,0.0,0.0,0.0,0.0,2316.0,0.0,36882.0,2316.0
1686,0.0,0.0,0.0,0.0,2872.85223367698,0.0,-1.16314331972808e-13,0.0,33591.2185181249,2872.85223367698
1687,243.6063,0.0,0.0,0.0,2732.76275945017,0.0,-1.00647023587452e-13,0.0,30460.9060788922,2976.36905945017
1688,1314.312,0.0,0.0,0.0,1556.83546391753,0.0,9.46244602032165e-14,0.0,28677.5893962833,2871.14746391753
1689,2009.445,0.0,0.0,0.0,667.626975945017,0.0,-3.1669552356659e-14,0.0,27912.8391374689,2677.0719759450167
1690,2795.87628865979,2823.45371134021,0.0,0.0,1.32215774446677e-13,0.0,-8.8528152329311e-30,0.0,30240.7767224689,2795.87628865979
1691,2795.87628865979,5448.5437113402,0.0,0.0,1.32215774446677e-13,0.0,-8.8528152329311e-30,0.0,34733.1010124689,2795.87628865979
1692,2672.16494845361,4708.01505154639,0.0,0.0,1.90505098814342e-14,0.0,-8.938599210179621e-31,0.0,38614.8594224689,2672.16494845361
1693,2653.60824742268,2645.62175257732,0.0,0.0,-2.3188021519266902e-14,0.0,-1.1897716786196999e-30,0.0,40796.1745574689,2653.60824742268
1694,2616.49484536082,4575.88515463918,0.0,0.0,-1.07665084320669e-13,0.0,-1.78159519382318e-30,0.0,44568.9918674689,2616.49484536082
1695,2709.27835051546,1990.31164948454,0.0,0.0,1.03527572682836e-13,0.0,5.2073681562490696e-30,0.0,46210.0038224689,2709.27835051546
1696,1547.097,0.0,0.0,0.0,1236.32979381443,0.0,-2.84992832998398e-14,0.0,44793.818491639,2783.4267938144303
1697,65.5911,0.0,0.0,0.0,2909.93886941581,0.0,-1.6521204503735602e-15,0.0,41460.5551818844,2975.5299694158102
1698,0.0,0.0,0.0,0.0,2859.10652920962,0.0,1.38774514598356e-13,0.0,38185.5190659513,2859.10652920962
1699,0.0,0.0,0.0,0.0,2762.88659793814,0.0,-6.057574602291611e-14,0.0,35020.700511612,2762.88659793814
1700,0.0,0.0,0.0,0.0,2707.90378006873,0.0,1.65790765613971e-13,0.0,31918.8634210407,2707.90378006873
1701,0.0,0.0,0.0,0.0,2687.2852233677,0.0,-4.70676205151085e-14,0.0,28840.6443793824,2687.2852233677
1702,0.0,0.0,0.0,0.0,2659.79381443299,0.0,6.61156353033352e-14,0.0,25793.9160696081,2659.79381443299
1703,0.0,0.0,0.0,0.0,2618.55670103093,0.0,3.73933003690591e-14,0.0,22794.4238576597,2618.55670103093
1704,0.0,0.0,0.0,0.0,2694.15807560137,0.0,2.3885174861251402e-14,0.0,19708.3321330304,2694.15807560137
1705,0.0,0.0,0.0,0.0,0.0,0.0,2388.0,0.0,19708.3321330304,2388.0
1706,0.0,0.0,0.0,0.0,0.0,0.0,2358.0,0.0,19708.3321330304,2358.0
1707,0.0,0.0,0.0,0.0,0.0,0.0,2340.0,0.0,19708.3321330304,2340.0
1708,0.0,0.0,0.0,0.0,0.0,0.0,2340.0,0.0,19708.3321330304,2340.0
1709,0.0,0.0,0.0,0.0,2707.90378006873,0.0,1.65790765613971e-13,0.0,16606.4950424592,2707.90378006873
1710,0.0,0.0,0.0,0.0,0.0,0.0,2388.0,0.0,16606.4950424592,2388.0
1711,581.25,0.0,0.0,0.0,2192.65463917526,0.0,5.7100377118458e-14,0.0,14094.8631533695,2773.90463917526
1712,1442.652,0.0,0.0,0.0,1091.21140893471,0.0,8.01549252019646e-14,0.0,12844.9073584844,2533.86340893471
1713,876.15,0.0,0.0,0.0,1727.53092783505,0.0,1.10267900194484e-14,0.0,10866.0632257982,2603.68092783505
1714,2486.59793814433,160.74306185567,0.0,0.0,1.01940030192717e-13,0.0,3.90450534248468e-30,0.0,10998.5958802982,2486.59793814433
1715,2567.01030927835,6573.86969072165,0.0,0.0,-5.18762232831074e-14,0.0,1.85160258643337e-30,0.0,16418.7514402982,2567.01030927835
1716,2628.86597938144,6968.46402061856,0.0,0.0,-2.47931008159633e-13,0.0,5.01219263484387e-30,0.0,22164.2500252982,2628.8659793814395
1717,2505.15463917526,6044.06536082474,0.0,0.0,1.44178561593418e-13,0.0,-1.3089874619771299e-30,0.0,27147.5819152982,2505.15463917526
1718,2560.82474226804,1254.96525773196,0.0,0.0,-2.34380678522772e-13,0.0,-1.9197544152819e-29,0.0,28182.3007702982,2560.82474226804
1719,2500.443,0.0,0.0,0.0,163.310756013746,0.0,-8.23641465072856e-15,0.0,27995.2323212561,2663.753756013746
1720,696.723,0.0,0.0,0.0,2208.68120274914,0.0,-1.22951104936765e-13,0.0,25465.2423982903,2905.40420274914
1721,10.43982,0.0,0.0,0.0,2991.83662611684,0.0,-1.88407802024463e-13,0.0,22038.1672251897,3002.27644611684
1722,0.0,0.0,0.0,0.0,2824.74226804124,0.0,1.8100497504044e-13,0.0,18802.4945241115,2824.74226804124
1723,0.0,0.0,0.0,0.0,2769.75945017182,0.0,1.0377049353443801e-14,0.0,15629.8032868013,2769.75945017182
1724,0.0,0.0,0.0,0.0,2742.26804123711,0.0,1.23560305171887e-13,0.0,12488.6027813751,2742.26804123711
1725,0.0,0.0,0.0,0.0,2707.90378006873,0.0,1.65790765613971e-13,0.0,9386.76569080379,2707.90378006873
1726,0.0,0.0,0.0,0.0,2756.01374570447,0.0,-1.31528541399276e-13,0.0,6229.81981943556,2756.01374570447
1727,0.0,0.0,0.0,0.0,2295.83270236725,0.0,347.738050833395,0.0,3600.0,2643.570753200645
1728,0.0,0.0,0.0,0.0,0.0,0.0,2328.0,0.0,7200.0,2328.0
1729,0.0,0.0,0.0,0.0,0.0,0.0,2322.0,0.0,7200.0,2322.0
1730,0.0,0.0,0.0,0.0,0.0,0.0,2340.0,0.0,7200.0,2340.0
1731,0.0,0.0,0.0,0.0,0.0,0.0,2334.0,0.0,7200.0,2334.0
1732,0.0,0.0,0.0,0.0,0.0,0.0,2286.0,0.0,7200.0,2286.0
1733,0.0,0.0,0.0,0.0,0.0,0.0,2304.0,0.0,7200.0,2304.0
1734,0.0,0.0,0.0,0.0,0.0,0.0,2232.0,1560.21116364013,8486.39410442128,2232.0
1735,0.0,2246.421,0.0,0.0,0.0,0.0,2262.0,0.0,10338.5682189213,2262.0
1736,477.654,0.0,0.0,0.0,0.0,0.0,1864.67562,0.0,10338.5682189213,2342.32962
1737,2474.22680412371,3818.27319587629,0.0,0.0,0.0,0.0,2.11445797869657e-13,0.0,13486.7344689213,2474.22680412371
1738,2461.85567010309,2656.77432989691,0.0,0.0,0.0,0.0,-1.0720698097879799e-13,0.0,15677.2449039213,2461.85567010309
1739,2529.8969072165,5038.11309278351,0.0,0.0,0.0,0.0,-1.19036418751777e-13,0.0,19831.1691489213,2529.8969072165
1740,2517.52577319588,6748.84422680412,0.0,0.0,0.0,0.0,3.4157327596385e-15,0.0,25395.5912139213,2517.52577319588
1741,2529.8969072165,2550.90309278351,0.0,0.0,0.0,0.0,-1.19036418751777e-13,0.0,27498.8108139213,2529.8969072165
1742,2498.96907216495,624.600927835052,0.0,0.0,0.0,0.0,-3.34585051531735e-14,0.0,28013.7942789213,2498.96907216495
1743,2029.902,0.0,0.0,0.0,0.0,0.0,532.99506,0.0,28013.7942789213,2562.89706
1744,1419.129,0.0,0.0,0.0,0.0,0.0,1149.44487,0.0,28013.7942789213,2568.57387
1745,0.0,0.0,0.0,0.0,0.0,0.0,2568.0,0.0,28013.7942789213,2568.0
1746,0.0,0.0,0.0,0.0,2900.34364261168,0.0,1.67496849532632e-13,0.0,24691.5220651622,2900.34364261168
1747,0.0,0.0,0.0,0.0,2783.50515463918,0.0,1.52282640106164e-13,0.0,21503.08546191,2783.50515463918
1748,0.0,0.0,0.0,0.0,2914.08934707904,0.0,-8.759199703853141e-14,0.0,18165.0678822089,2914.08934707904
1749,0.0,0.0,0.0,0.0,2975.94501718213,0.0,1.5398872402482399e-13,0.0,14756.1961557689,2975.94501718213
1750,0.0,0.0,0.0,0.0,2920.96219931271,0.0,-1.66392016621715e-14,0.0,11410.3058930968,2920.96219931271
1751,0.0,0.0,0.0,0.0,0.0,0.0,2568.0,0.0,11410.3058930968,2568.0
1752,0.0,0.0,0.0,0.0,0.0,0.0,2580.0,0.0,11410.3058930968,2580.0
1753,0.0,0.0,0.0,0.0,0.0,0.0,2538.0,0.0,11410.3058930968,2538.0
1754,0.0,0.0,0.0,0.0,0.0,0.0,2634.0,0.0,11410.3058930968,2634.0
1755,0.0,0.0,0.0,0.0,0.0,0.0,2676.0,0.0,11410.3058930968,2676.0
1756,0.0,0.0,0.0,0.0,0.0,0.0,2646.0,0.0,11410.3058930968,2646.0
1757,0.0,0.0,0.0,0.0,2900.34364261168,0.0,1.67496849532632e-13,0.0,8088.03367933775,2900.34364261168
1758,0.0,0.0,0.0,0.0,3065.29209621993,0.0,-1.14608248054147e-13,0.0,4576.81707427483,3065.29209621993
1759,2314.299,0.0,0.0,0.0,493.848762886598,0.0,-2.98810085495198e-15,0.0,4011.12547875753,2808.147762886598
1760,2472.855,0.0,0.0,0.0,358.912542955327,0.0,1.37683865072719e-14,0.0,3600.0,2831.767542955327
1761,2851.54639175258,582.445893603567,0.0,1631.26771464386,-2.46343465669513e-13,0.0,1.73338645727354e-29,0.0,4080.22663927614,2851.5463917525794
1762,2758.76288659794,5237.10711340206,0.0,0.0,4.77387116452748e-14,0.0,1.5741703759925098e-30,0.0,8398.22145427614,2758.76288659794
1763,2752.57731958763,6879.79268041237,0.0,0.0,-1.3476574359438999e-13,0.0,2.5626418849942797e-30,0.0,14070.6105192761,2752.57731958763
1764,2771.13402061856,6311.96597938144,0.0,0.0,-9.2527212193689e-14,0.0,-2.6508509194675297e-30,0.0,19274.8264692761,2771.13402061856
1765,2863.9175257732,5412.7824742268,0.0,0.0,1.18665444809816e-13,0.0,-6.680696693522369e-30,0.0,23737.6656192761,2863.9175257732
1766,2789.69072164948,4014.15927835051,0.0,0.0,-5.02886807929879e-14,0.0,-2.3549391618657898e-30,0.0,27047.3399442761,2789.69072164948
1767,2876.28865979381,2131.64134020619,0.0,0.0,-2.16004790291473e-14,0.0,1.1309113514468702e-31,0.0,28804.8782292761,2876.28865979381
1768,1792.698,0.0,0.0,0.0,1203.98962199313,0.0,-6.175328759995381e-14,0.0,27425.7377688029,2996.68762199313
1769,449.19,0.0,0.0,0.0,2573.06494845361,0.0,1.79193664259809e-13,0.0,24478.3552390737,3022.2549484536103
1770,0.0,0.0,0.0,0.0,3010.30927835052,0.0,1.11758263582741e-13,0.0,21030.1200977787,3010.30927835052
1771,0.0,0.0,0.0,0.0,2927.83505154639,0.0,5.4313593714188305e-14,0.0,17676.3571521357,2927.83505154639
1772,0.0,0.0,0.0,0.0,3024.05498281787,0.0,-1.43330582988423e-13,0.0,14212.3766448987,3024.05498281787
1773,0.0,0.0,0.0,0.0,3120.27491408935,0.0,5.60196776328492e-14,0.0,10638.1785760678,3120.27491408935
1774,0.0,0.0,0.0,0.0,3003.43642611684,0.0,4.08054682063807e-14,0.0,7197.81611774385,3003.43642611684
1775,0.0,0.0,0.0,0.0,3140.89347079038,0.0,-1.28116373561954e-13,0.0,3600.0,3140.89347079038
1776,0.0,0.0,0.0,0.0,0.0,0.0,2742.0,0.0,7200.0,2742.0
1777,0.0,0.0,0.0,0.0,0.0,0.0,2694.0,0.0,7200.0,2694.0
1778,0.0,0.0,0.0,0.0,0.0,0.0,2802.0,0.0,7200.0,2802.0
1779,0.0,0.0,0.0,0.0,0.0,0.0,2700.0,0.0,7200.0,2700.0
1780,0.0,0.0,0.0,0.0,0.0,0.0,2646.0,0.0,7200.0,2646.0
1781,0.0,0.0,0.0,0.0,0.0,0.0,2538.0,0.0,7200.0,2538.0
1782,0.0,0.0,0.0,0.0,2749.14089347079,0.0,1.94513100548247e-13,0.0,4050.92681160276,2749.14089347079
1783,2449.48453608247,598.815463917525,0.0,0.0,1.74629673913147e-14,0.0,5.5797954624942105e-31,0.0,4544.65016160276,2449.48453608247
1784,2443.29896907217,219.231030927835,0.0,0.0,-1.6504148784835e-13,0.0,4.30115333628296e-30,0.0,4725.40614660276,2443.29896907217
1785,2498.96907216495,2712.93092783505,0.0,0.0,-3.83258936462469e-14,0.0,-3.20515952975361e-31,0.0,6962.21769660276,2498.96907216495
1786,2573.19587628866,5485.13412371134,0.0,0.0,1.30628231956557e-13,0.0,8.631310774316031e-31,0.0,11484.7107816028,2573.19587628866
1787,2486.59793814433,7912.69206185567,0.0,0.0,1.01940030192717e-13,0.0,3.90450534248468e-30,0.0,18008.7253866028,2486.59793814433
1788,2567.01030927835,7723.73969072165,0.0,0.0,-5.18762232831074e-14,0.0,1.85160258643337e-30,0.0,24376.9487616028,2567.01030927835
1789,2690.72164948454,5748.18835051546,0.0,0.0,6.128904128213531e-14,0.0,-5.9794816341622105e-31,0.0,29116.3300566028,2690.72164948454
1790,2653.60824742268,3459.13175257732,0.0,0.0,-2.3188021519266902e-14,0.0,-1.1897716786196999e-30,0.0,31968.3841866028,2653.60824742268
1791,2727.83505154639,1081.80494845361,0.0,0.0,1.45766104083537e-13,0.0,1.10126844759144e-29,0.0,32860.3323666028,2727.83505154639
1792,111.8709,0.0,0.0,0.0,2831.0254604811,0.0,3.2099220356959902e-15,0.0,29617.4624233254,2942.8963604811
1793,95.37,0.0,0.0,0.0,2842.48694158076,0.0,8.417531017382761e-14,0.0,26361.4636357186,2937.85694158076
1794,0.0,0.0,0.0,0.0,2893.47079037801,0.0,9.654405415627211e-14,0.0,23047.0641049305,2893.47079037801
1795,0.0,0.0,0.0,0.0,2907.21649484536,0.0,-1.58544792414891e-13,0.0,19716.9192082004,2907.21649484536
1796,0.0,0.0,0.0,0.0,3044.6735395189,0.0,6.952780314065681e-14,0.0,16229.3206520505,3044.6735395189
1797,0.0,0.0,0.0,0.0,3010.30927835052,0.0,1.11758263582741e-13,0.0,12781.0855107555,3010.30927835052
1798,0.0,0.0,0.0,0.0,1094.5030357693,0.0,1498.4988497734,0.0,11527.3592383966,2593.0018855427
1799,0.0,0.0,0.0,0.0,0.0,0.0,2646.0,0.0,11527.3592383966,2646.0
1800,0.0,0.0,0.0,0.0,0.0,0.0,2736.0,0.0,11527.3592383966,2736.0
1801,0.0,0.0,0.0,0.0,0.0,0.0,2628.0,0.0,11527.3592383966,2628.0
1802,0.0,0.0,0.0,0.0,0.0,0.0,2700.0,0.0,11527.3592383966,2700.0
1803,0.0,0.0,0.0,0.0,0.0,0.0,2556.0,0.0,11527.3592383966,2556.0
1804,0.0,0.0,0.0,0.0,0.0,0.0,2580.0,0.0,11527.3592383966,2580.0
1805,0.0,0.0,0.0,0.0,0.0,0.0,2460.0,0.0,11527.3592383966,2460.0
1806,0.0,0.0,0.0,0.0,2982.81786941581,0.0,-1.72052917922699e-13,0.0,8110.61482898564,2982.81786941581
1807,193.5933,0.0,0.0,0.0,2829.56987285223,0.0,7.75480990152075e-15,0.0,4869.41222548939,3023.16317285223
1808,1742.829,0.0,0.0,0.0,1108.19687285223,0.0,4.2422898489253606e-15,0.0,3600.0,2851.02587285223
1809,2678.35051546392,2481.07560338867,-4.54747350886464e-13,1327.77388114741,2.01554965121099e-13,0.0,-7.39173599208328e-30,0.0,5645.64683499396,2678.35051546392
1810,2734.0206185567,5395.7993814433,0.0,0.0,-1.7700427499509099e-13,0.0,-3.2426744346710094e-30,0.0,10094.483424994,2734.0206185567
1811,2684.53608247423,6877.42391752577,0.0,0.0,-1.2121541395753e-13,0.0,3.90523345585547e-31,0.0,15764.919444994,2684.53608247423
1812,2610.30927835052,8303.87072164948,0.0,0.0,2.1510529475795998e-13,0.0,-9.563854531492008e-30,0.0,22611.460854994,2610.30927835052
1813,2647.42268041237,5235.04731958763,0.0,0.0,-2.05692476758932e-13,0.0,1.08175089545092e-29,0.0,26927.757369994,2647.42268041237
1814,2537.682,0.0,0.0,0.0,142.55264604811,0.0,-9.77963906115045e-15,0.0,26764.4668246926,2680.23464604811
1815,2758.76288659794,1888.98711340206,0.0,0.0,4.77387116452748e-14,0.0,1.5741703759925098e-30,0.0,28321.9366996926,2758.76288659794
1816,2037.051,0.0,0.0,0.0,760.664982817869,0.0,2.52254483662602e-14,0.0,27450.6136953193,2797.715982817869
1817,107.9955,0.0,0.0,0.0,2876.56857388316,0.0,-1.0948652016316799e-13,0.0,24155.575237263,2984.56407388316
1818,0.0,0.0,0.0,0.0,2927.83505154639,0.0,5.4313593714188305e-14,0.0,20801.8122916199,2927.83505154639
1819,0.0,0.0,0.0,0.0,2989.69072164948,0.0,-1.01100122546339e-13,0.0,17377.1951992379,2989.69072164948
1820,0.0,0.0,0.0,0.0,2975.94501718213,0.0,1.5398872402482399e-13,0.0,13968.3234727979,2975.94501718213
1821,0.0,0.0,0.0,0.0,3140.89347079038,0.0,-1.28116373561954e-13,0.0,10370.5073550541,3140.89347079038
1822,0.0,0.0,0.0,0.0,2886.59793814433,0.0,2.5591258779912202e-14,0.0,7063.98050723696,2886.59793814433
1823,0.0,0.0,0.0,0.0,3024.05498281787,0.0,-1.43330582988423e-13,0.0,3600.0,3024.05498281787
1824,0.0,0.0,0.0,0.0,0.0,0.0,2622.0,12000.0,17094.0,2622.0
1825,0.0,0.0,0.0,0.0,0.0,0.0,2682.0,0.0,17094.0,2682.0
1826,0.0,0.0,0.0,0.0,0.0,0.0,2658.0,2056.71544370521,18789.7618833349,2658.0
1827,0.0,0.0,0.0,0.0,0.0,0.0,2580.0,0.0,18789.7618833349,2580.0
1828,0.0,0.0,0.0,0.0,0.0,0.0,2586.0,0.0,18789.7618833349,2586.0
1829,0.0,0.0,0.0,0.0,0.0,0.0,2520.0,0.0,18789.7618833349,2520.0
1830,0.0,0.0,0.0,0.0,0.0,0.0,2652.0,0.0,18789.7618833349,2652.0
1831,86.1456,0.0,0.0,0.0,2997.06617182131,0.0,-1.01087021114983e-13,0.0,15356.6963944217,3083.21177182131
1832,860.841,0.0,0.0,0.0,1964.47219931271,0.0,1.4630913723779202e-14,0.0,13106.4418705812,2825.31319931271
1833,2628.86597938144,687.364020618556,0.0,0.0,-2.47931008159633e-13,0.0,5.01219263484387e-30,0.0,13673.1735055812,2628.8659793814395
1834,2734.0206185567,3179.4293814433,0.0,0.0,-1.7700427499509099e-13,0.0,-3.2426744346710094e-30,0.0,16294.6130305812,2734.0206185567
1835,2845.36082474227,462.259175257732,0.0,0.0,7.642691340911531e-14,0.0,-1.4672038890605599e-30,0.0,16675.7457205812,2845.36082474227
1836,2845.36082474227,524.179175257732,0.0,0.0,7.642691340911531e-14,0.0,-1.4672038890605599e-30,0.0,17107.9314505812,2845.36082474227
1837,1494.252,0.0,0.0,0.0,0.0,0.0,1256.57556,0.0,17107.9314505812,2750.82756
1838,1257.999,0.0,0.0,0.0,0.0,0.0,1359.74097,0.0,17107.9314505812,2617.73997
1839,661.134,0.0,0.0,0.0,0.0,0.0,2028.70002,0.0,17107.9314505812,2689.83402
1840,22.83333,0.0,0.0,0.0,0.0,0.0,2713.8516699,0.0,17107.9314505812,2736.6849999
1841,19.80795,0.0,0.0,0.0,3112.01178522337,0.0,1.36040533123391e-13,0.0,13543.1985923643,3131.81973522337
1842,0.0,0.0,0.0,0.0,2975.94501718213,0.0,1.5398872402482399e-13,0.0,10134.3268659243,2975.94501718213
1843,0.0,0.0,0.0,0.0,0.0,0.0,2622.0,0.0,10134.3268659243,2622.0
1844,0.0,0.0,0.0,0.0,0.0,0.0,2682.0,0.0,10134.3268659243,2682.0
1845,0.0,0.0,0.0,0.0,0.0,0.0,2646.0,0.0,10134.3268659243,2646.0
1846,0.0,0.0,0.0,0.0,0.0,0.0,2544.0,0.0,10134.3268659243,2544.0
1847,0.0,0.0,0.0,0.0,0.0,0.0,2550.0,0.0,10134.3268659243,2550.0
1848,0.0,0.0,0.0,0.0,0.0,0.0,2538.0,0.0,10134.3268659243,2538.0
1849,0.0,0.0,0.0,0.0,0.0,0.0,2484.0,0.0,10134.3268659243,2484.0
1850,0.0,0.0,0.0,0.0,0.0,0.0,2580.0,0.0,10134.3268659243,2580.0
1851,0.0,0.0,0.0,0.0,0.0,0.0,2532.0,0.0,10134.3268659243,2532.0
1852,0.0,0.0,0.0,0.0,0.0,0.0,2502.0,0.0,10134.3268659243,2502.0
1853,0.0,0.0,0.0,0.0,2749.14089347079,0.0,1.94513100548247e-13,0.0,6985.25367752703,2749.14089347079
1854,0.0,0.0,0.0,0.0,2955.3264604811,0.0,-5.88696621042553e-14,0.0,3600.0,2955.3264604811
1855,2703.09278350515,-1.09722345601282e-13,1.09722345601282e-13,950.607216494845,-7.89768825568285e-14,0.0,-4.822969458876259e-30,0.0,3600.0,2703.09278350515
1856,2709.27835051546,1.43830545615603e-13,-1.43830545615603e-13,428.961649484536,1.03527572682836e-13,0.0,5.2073681562490696e-30,0.0,3600.0,2709.27835051546
1857,2783.50515463918,-3.2341880431912e-13,-1.31328546567344e-13,3084.28484536082,-2.32793136032653e-13,0.0,-6.87587221492756e-30,0.0,3600.0,2783.50515463918
1858,2808.24742268041,6066.26257731959,0.0,0.0,-8.05014939228682e-15,0.0,-6.81676263748158e-31,0.0,8601.633495,2808.24742268041
1859,2826.80412371134,8098.68587628866,0.0,0.0,3.4188382008414304e-14,0.0,-1.7631156466623e-30,0.0,15279.0,2826.80412371134
1860,2789.69072164948,6903.39927835052,0.0,0.0,-5.02886807929879e-14,0.0,-2.3549391618657898e-30,0.0,20970.852705,2789.69072164948
1861,2901.03092783505,5329.49907216495,0.0,0.0,2.0314250761121899e-13,0.0,4.9299359458082094e-30,0.0,25365.02469,2901.03092783505
1862,2839.17525773196,2549.72474226804,0.0,0.0,-1.0607754183054899e-13,0.0,-4.78732380058795e-31,0.0,27467.27274,2839.17525773196
1863,2832.98969072165,2460.09030927835,0.0,0.0,2.16692837248079e-13,0.0,2.7578174063994696e-30,0.0,29495.6172,2832.98969072165
1864,1040.511,0.0,0.0,0.0,1847.31309278351,0.0,-3.1961432446821404e-14,0.0,27379.565547327,2887.82409278351
1865,118.4511,0.0,0.0,0.0,2871.8240927835,0.0,1.88819314126902e-13,0.0,24089.9617755246,2990.2751927835
1866,0.0,0.0,0.0,0.0,2845.36082474227,0.0,-3.1310761543638905e-15,0.0,20830.6710255335,2845.36082474227
1867,0.0,0.0,0.0,0.0,2817.86941580756,767.461715943644,1.1005217966408e-13,0.0,16723.7625126455,2817.86941580756
1868,0.0,0.0,0.0,0.0,2893.47079037801,0.0,9.654405415627211e-14,0.0,13409.3629818574,2893.47079037801
1869,0.0,0.0,0.0,0.0,2838.48797250859,0.0,-7.408387153072381e-14,0.0,10157.9449148373,2838.48797250859
1870,0.0,0.0,0.0,0.0,2893.47079037801,0.0,9.654405415627211e-14,0.0,6843.54538404916,2893.47079037801
1871,0.0,0.0,0.0,0.0,2831.61512027491,0.0,-1.45036666907084e-13,0.0,3600.0,2831.61512027491
1872,0.0,0.0,0.0,0.0,0.0,0.0,2364.0,0.0,7200.0,2364.0
1873,0.0,0.0,0.0,0.0,0.0,0.0,2394.0,0.0,7200.0,2394.0
1874,0.0,0.0,0.0,0.0,0.0,0.0,2316.0,0.0,7200.0,2316.0
1875,0.0,0.0,0.0,0.0,0.0,0.0,2268.0,0.0,7200.0,2268.0
1876,0.0,0.0,0.0,0.0,0.0,0.0,2280.0,0.0,7200.0,2280.0
1877,0.0,0.0,0.0,0.0,0.0,0.0,2244.0,0.0,7200.0,2244.0
1878,0.0,0.0,0.0,0.0,0.0,0.0,2280.0,0.0,7200.0,2280.0
1879,39.7506,0.0,0.0,0.0,0.0,0.0,2283.441918,0.0,7200.0,2323.192518
1880,120.8178,0.0,0.0,0.0,0.0,0.0,2126.806734,0.0,7200.0,2247.624534
1881,232.1451,0.0,0.0,0.0,1011.56540319147,0.0,1195.72265601385,0.0,6041.27674319419,2439.43315920532
1882,440.43,0.0,0.0,0.0,0.0,0.0,1864.7829,0.0,6041.27674319419,2305.2129
1883,2241.369,0.0,0.0,0.0,0.0,0.0,207.87207,0.0,6041.27674319419,2449.24107
1884,2461.85567010309,120.592329896907,0.0,0.0,0.0,0.0,-1.0720698097879799e-13,0.0,6140.70511919419,2461.85567010309
1885,307.509,0.0,0.0,0.0,0.0,0.0,2137.71627,0.0,6140.70511919419,2445.22527
1886,1214.199,0.0,0.0,0.0,0.0,0.0,1258.22697,0.0,6140.70511919419,2472.42597
1887,2486.59793814433,804.70206185567,0.0,0.0,0.0,0.0,8.89936463582418e-14,0.0,6804.18196919419,2486.59793814433
1888,819.771,0.0,0.0,0.0,0.0,0.0,1754.82213,0.0,6804.18196919419,2574.59313
1889,273.8535,0.0,0.0,0.0,0.0,0.0,2242.362105,0.0,6804.18196919419,2516.2156050000003
1890,0.0,0.0,0.0,0.0,2797.25085910653,0.0,-1.02806206465e-13,0.0,3600.0,2797.25085910653
1891,0.0,0.0,0.0,0.0,0.0,0.0,2376.0,0.0,3600.0,2376.0
1892,0.0,0.0,0.0,0.0,0.0,0.0,2436.0,0.0,3600.0,2436.0
1893,0.0,0.0,0.0,0.0,0.0,0.0,2442.0,0.0,3600.0,2442.0
1894,0.0,0.0,0.0,0.0,0.0,0.0,2382.0,0.0,3600.0,2382.0
1895,0.0,0.0,0.0,0.0,0.0,0.0,2232.0,0.0,3600.0,2232.0
1896,0.0,0.0,0.0,0.0,0.0,0.0,2262.0,0.0,3600.0,2262.0
1897,0.0,0.0,0.0,0.0,0.0,0.0,2298.0,0.0,3600.0,2298.0
1898,0.0,0.0,0.0,0.0,0.0,0.0,2208.0,0.0,3600.0,2208.0
1899,0.0,0.0,0.0,0.0,0.0,0.0,2184.0,0.0,3600.0,2184.0
1900,0.0,0.0,0.0,0.0,0.0,0.0,2184.0,0.0,3600.0,2184.0
1901,0.0,0.0,0.0,0.0,0.0,0.0,2262.0,0.0,3600.0,2262.0
1902,0.0,0.0,0.0,0.0,0.0,0.0,2244.0,0.0,3600.0,2244.0
1903,36.9084,0.0,0.0,0.0,0.0,0.0,2226.198852,0.0,3600.0,2263.107252
1904,2430.92783505155,833.822164948454,0.0,0.0,-2.47755640093864e-14,0.0,2.6206778864767996e-31,0.0,4287.486375,2430.92783505155
1905,2313.40206185567,3222.49793814433,0.0,0.0,4.4563626665035705e-14,0.0,-1.0315552515362699e-30,0.0,6944.435925,2313.40206185567
1906,2301.03092783505,5704.25907216495,0.0,0.0,1.84829550504e-13,0.0,-7.825343080203319e-30,0.0,11647.59753,2301.03092783505
1907,2307.21649484536,7109.54350515464,0.0,0.0,-1.37940828574629e-13,0.0,-4.30837425345009e-32,0.0,17509.41615,2307.21649484536
1908,2319.58762886598,6958.24237113402,0.0,0.0,2.27068081904701e-13,0.0,-2.02002676053804e-30,0.0,23246.486985,2319.58762886598
1909,2449.48453608247,6085.15546391752,0.0,0.0,1.74629673913147e-14,0.0,5.5797954624942105e-31,0.0,28263.697665,2449.48453608247
1910,2449.48453608247,4068.31546391753,0.0,0.0,1.74629673913147e-14,0.0,5.5797954624942105e-31,0.0,31618.023765,2449.48453608247
1911,2486.59793814433,2284.03206185567,0.0,0.0,1.01940030192717e-13,0.0,3.90450534248468e-30,0.0,33501.2082,2486.59793814433
1912,65.2434,0.0,0.0,0.0,2786.61386254296,0.0,-1.2785126091076401e-14,0.0,30309.2106484044,2851.85726254296
1913,47.7567,0.0,0.0,0.0,2764.80641580756,0.0,1.35514824531803e-14,0.0,27142.1929899765,2812.56311580756
1914,0.0,0.0,0.0,0.0,2680.41237113402,0.0,-1.18020415891468e-13,0.0,24071.8466312892,2680.41237113402
1915,0.0,0.0,0.0,0.0,2714.77663230241,3700.10080327354,-1.60250876333552e-13,0.0,16723.7625126455,2714.77663230241
1916,0.0,0.0,0.0,0.0,2859.10652920962,0.0,1.38774514598356e-13,0.0,13448.7263967124,2859.10652920962
1917,0.0,0.0,0.0,0.0,2900.34364261168,0.0,1.67496849532632e-13,0.0,10126.4541829533,2900.34364261168
1918,0.0,0.0,0.0,0.0,2845.36082474227,0.0,-3.1310761543638905e-15,0.0,6867.16343296214,2845.36082474227
1919,0.0,0.0,0.0,0.0,2852.23367697594,0.0,6.782171922199599e-14,0.0,3600.0,2852.23367697594
1920,0.0,0.0,0.0,0.0,0.0,0.0,2466.0,0.0,7200.0,2466.0
1921,0.0,0.0,0.0,0.0,0.0,0.0,2418.0,2548.77179354329,9301.46234377645,2418.0
1922,0.0,0.0,0.0,0.0,0.0,0.0,2424.0,0.0,9301.46234377645,2424.0
1923,0.0,0.0,0.0,0.0,0.0,0.0,2256.0,0.0,9301.46234377645,2256.0
1924,0.0,0.0,0.0,0.0,0.0,0.0,2208.0,0.0,9301.46234377645,2208.0
1925,0.0,0.0,0.0,0.0,2536.0824742268,0.0,-2.00513694994932e-14,0.0,6396.44232747999,2536.0824742268
1926,23.45382,0.0,0.0,0.0,2441.29415189003,0.0,-8.02463977011846e-14,0.0,3600.0,2464.7479718900304
1927,2245.36082474227,879.649175257732,0.0,0.0,5.81139563018963e-14,0.0,-3.203673790945e-30,0.0,4325.270745,2245.36082474227
1928,2307.21649484536,1356.98350515464,0.0,0.0,-1.37940828574629e-13,0.0,-4.30837425345009e-32,0.0,5444.103645,2307.21649484536
1929,1948.45360824742,1200.46639175258,0.0,0.0,-1.12427711791028e-13,0.0,5.3286254890107394e-30,0.0,6433.888185,1948.45360824742
1930,1886.59793814433,2986.69206185567,0.0,0.0,8.36270730854978e-14,0.0,2.16803544060024e-30,0.0,8896.41579,1886.59793814433
1931,2035.05154639175,4150.55845360825,0.0,0.0,-8.3739510027187e-14,0.0,2.2872512239576597e-30,0.0,12318.551235,2035.05154639175
1932,1967.01030927835,6832.46969072165,0.0,0.0,-7.01891803903265e-14,0.0,1.15132684548933e-31,0.0,17951.922495,1967.01030927835
1933,1843.29896907216,6275.12103092783,0.0,0.0,6.92829722035775e-14,0.0,-1.8206819889367697e-30,0.0,23125.759785,1843.29896907216
1934,1818.55670103093,5444.38329896907,0.0,0.0,9.71774027223583e-14,0.0,-4.0830988084929396e-33,0.0,27614.653815,1818.55670103093
1935,1849.48453608247,3701.08546391753,0.0,0.0,-8.49989715904371e-16,0.0,2.66918923163846e-32,0.0,30666.19878,1849.48453608247
1936,1775.25773195876,427.348268041237,0.0,0.0,8.2833301840438e-14,0.0,-3.9928005283455e-30,0.0,31018.547427,1775.25773195876
1937,393.585,0.0,0.0,0.0,1624.53900343643,0.0,-5.14565474613057e-14,0.0,29157.6780072561,2018.12400343643
1938,0.0,0.0,0.0,0.0,1986.25429553265,0.0,6.01443415880223e-14,0.0,26882.4726286391,1986.25429553265
1939,0.0,0.0,0.0,0.0,1979.38144329897,0.0,-1.0808453788337601e-14,0.0,24615.1399329931,1979.38144329897
1940,0.0,0.0,0.0,0.0,1883.16151202749,0.0,-1.1661495747668e-14,0.0,22458.024798941,1883.16151202749
1941,0.0,0.0,0.0,0.0,1979.38144329897,0.0,-1.0808453788337601e-14,0.0,20190.692103295,1979.38144329897
1942,0.0,0.0,0.0,0.0,1972.50859106529,0.0,-8.17612491646974e-14,0.0,17931.2320906199,1972.50859106529
1943,0.0,0.0,0.0,0.0,1979.38144329897,0.0,-1.0808453788337601e-14,0.0,15663.8993949739,1979.38144329897
1944,0.0,0.0,0.0,0.0,1979.38144329897,0.0,-1.0808453788337601e-14,0.0,13396.5666993279,1979.38144329897
1945,0.0,0.0,0.0,0.0,2020.61855670103,0.0,1.79138811459386e-14,0.0,11081.9979058559,2020.61855670103
1946,0.0,0.0,0.0,0.0,0.0,0.0,1722.0,0.0,11081.9979058559,1722.0
1947,0.0,0.0,0.0,0.0,1090.76786597032,0.0,751.759653007915,0.0,9832.55017851309,1842.5275189782349
1948,0.0,0.0,0.0,0.0,1951.89003436426,0.0,-9.612241663183551e-14,0.0,7596.70821475105,1951.89003436426
1949,0.0,0.0,0.0,0.0,1931.27147766323,0.0,8.8013634562968e-14,0.0,5384.48429990198,1931.27147766323
1950,57.7245,0.0,0.0,0.0,1557.85479381443,0.0,9.735475500216931e-14,0.0,3600.0,1615.57929381443
1951,1490.72164948454,2668.71835051546,0.0,0.0,2.46631270676972e-14,0.0,-1.31618568615332e-30,0.0,5800.35828,1490.72164948454
1952,1478.35051546392,0.0,0.0,1859.62948453608,-8.77083662524858e-14,1920.91277844,4.53949875161024e-30,0.0,3600.0,1478.35051546392
1953,1354.63917525773,1176.26412371134,0.0,3810.55670103093,5.17637863414182e-14,-7.64294306540785e-14,2.60368407812453e-30,0.0,4569.82977,1354.63917525773
1954,1534.0206185567,3502.51268041237,0.0,3810.55670103093,3.90072279496174e-14,-7.64294306540785e-14,-8.21705376480867e-32,0.0,7457.651475,1534.0206185567
1955,1571.13402061856,5108.88927835052,0.0,3810.55670103093,1.2348429075101998e-13,-7.64294306540785e-14,-1.0509156146571699e-29,0.0,11669.930685,1571.1340206185605
1956,1490.72164948454,4079.27164948454,0.0,3810.55670103093,2.46631270676972e-14,-7.64294306540785e-14,-1.31618568615332e-30,0.0,15033.29016,1490.72164948454
1957,1472.16494845361,6707.67835051546,0.0,3810.55670103093,-1.7575404333003902e-14,0.0,1.14260483727671e-30,0.0,20563.77096,1472.16494845361
1958,1484.53608247423,3650.72721649485,0.0,3810.55670103093,9.4796088987179e-14,0.0,3.5510272426084696e-30,0.0,23573.79555,1484.53608247423
1959,1515.46391752577,595.589381443298,0.0,3810.55670103093,-3.2313034510836504e-15,0.0,-3.3744510120856e-32,0.0,24064.858995,1515.46391752577
1960,1552.57731958763,0.0,0.0,1529.41268041237,8.124575935031851e-14,0.0,-5.2956633421098895e-30,0.0,24064.858995,1552.57731958763
1961,142.7673,0.0,0.0,0.0,1683.2940652921,0.0,-9.45531758395431e-14,0.0,22136.6870989037,1826.0613652921
1962,0.0,0.0,0.0,0.0,1841.92439862543,4003.8336792673,-4.03838306819441e-14,0.0,15440.5151883736,1841.92439862543
1963,0.0,0.0,0.0,0.0,2054.98281786942,0.0,1.74180639365796e-13,0.0,13086.5829800467,2054.98281786942
1964,0.0,0.0,0.0,0.0,2041.23711340206,0.0,3.2275048613076604e-14,0.0,10748.3961376617,2041.23711340206
1965,0.0,0.0,0.0,0.0,2068.72852233677,0.0,-8.090820720536699e-14,0.0,8378.71856339281,2068.72852233677
1966,0.0,0.0,0.0,0.0,2082.47422680412,0.0,6.099738354735271e-14,0.0,5993.2956231819,2082.47422680412
1967,0.0,0.0,0.0,0.0,2089.3470790378,0.0,1.31950178923713e-13,0.0,3600.0,2089.3470790378
1968,0.0,0.0,0.0,0.0,0.0,0.0,1872.0,0.0,7200.0,1872.0
1969,0.0,0.0,0.0,0.0,0.0,0.0,1764.0,0.0,7200.0,1764.0
1970,0.0,0.0,0.0,0.0,0.0,0.0,1812.0,0.0,7200.0,1812.0
1971,0.0,0.0,0.0,0.0,0.0,0.0,1818.0,0.0,7200.0,1818.0
1972,0.0,0.0,0.0,0.0,0.0,0.0,1782.0,0.0,7200.0,1782.0
1973,0.0,0.0,0.0,0.0,1122.70795532646,0.0,879.875955,0.0,5913.96568691127,2002.58391032646
1974,105.6285,0.0,0.0,0.0,2020.09204467354,0.0,-6.71248087430713e-14,0.0,3600.0,2125.72054467354
1975,1997.9381443299,2254.4718556701,0.0,0.0,8.44208443305576e-14,0.0,-2.68993771458111e-30,0.0,5458.812045,1997.9381443299
1976,1973.19587628866,1890.11412371134,0.0,0.0,1.12315274849338e-13,0.0,-8.733388244528351e-31,0.0,7017.21114,1973.19587628866
1977,2140.20618556701,4278.71381443299,0.0,0.0,-1.28127768626454e-14,0.0,-4.58211283493668e-31,0.0,10545.01068,2140.20618556701
1978,2171.13402061856,7135.40597938144,0.0,0.0,-1.10840169300908e-13,0.0,-4.3873208213519595e-30,0.0,16428.15291,2171.13402061856
1979,2183.50515463918,8414.44484536082,0.0,0.0,-2.51106093139872e-13,0.0,-1.96311512409391e-29,0.0,23365.862685,2183.50515463918
1980,2183.50515463918,7585.18484536082,0.0,0.0,-2.51106093139872e-13,0.0,-1.96311512409391e-29,0.0,29619.84759,2183.50515463918
1981,2214.43298969072,6663.46701030928,0.0,0.0,1.56141348740159e-13,0.0,6.2348403089768394e-30,0.0,35113.87614,2214.43298969072
1982,2189.69072164948,5295.48927835052,0.0,0.0,-6.8601637900207e-14,0.0,1.4179954983133198e-30,0.0,39480.00705,2189.69072164948
1983,2183.50515463918,3662.89484536082,0.0,0.0,-2.51106093139872e-13,0.0,-1.96311512409391e-29,0.0,42500.06385,2183.50515463918
1984,1108.503,0.0,0.0,0.0,1118.84546391753,0.0,-2.14320197785911e-14,0.0,41218.4539256958,2227.34846391753
1985,187.5969,0.0,0.0,0.0,2203.93013402062,0.0,1.63986033879163e-13,0.0,38693.9062349506,2391.52703402062
1986,0.0,0.0,0.0,0.0,2288.65979381443,0.0,-1.9238537910515e-13,0.0,36072.3028056099,2288.65979381443
1987,0.0,0.0,0.0,0.0,2316.15120274914,0.0,-1.35947873042942e-13,0.0,33419.2086443852,2316.15120274914
1988,0.0,0.0,0.0,0.0,2309.27835051546,0.0,2.04730070239298e-14,0.0,30773.9871661315,2309.27835051546
1989,0.0,0.0,0.0,0.0,2391.75257731959,0.0,7.7917676892482e-14,0.0,28034.2934922259,2391.75257731959
1990,0.0,0.0,0.0,0.0,2398.62542955326,0.0,1.48870472268842e-13,0.0,25286.7271353493,2398.62542955326
1991,0.0,0.0,0.0,0.0,2584.19243986254,0.0,7.96237608111428e-14,0.0,22326.5983382559,2584.19243986254
1992,0.0,0.0,0.0,0.0,2714.77663230241,0.0,-1.60250876333552e-13,0.0,19216.8885647136,2714.77663230241
1993,0.0,0.0,0.0,0.0,0.0,0.0,2286.0,0.0,19216.8885647136,2286.0
1994,0.0,0.0,0.0,0.0,895.233985723541,0.0,1504.46073046335,0.0,18191.4200816397,2399.694716186891
1995,0.0,0.0,0.0,0.0,2460.48109965636,0.0,-6.543243991685521e-15,0.0,15372.9995780242,2460.48109965636
1996,0.0,0.0,0.0,0.0,2529.20962199313,0.0,-9.10041648758531e-14,0.0,12475.8522446987,2529.20962199313
1997,0.0,0.0,0.0,0.0,2439.86254295533,0.0,1.7759280720311799e-13,0.0,9681.04978999618,2439.86254295533
1998,0.0,0.0,0.0,0.0,2618.55670103093,0.0,3.73933003690591e-14,0.0,6681.55757804781,2618.55670103093
1999,22.11918,0.0,0.0,0.0,2690.19976563574,0.0,1.45750433527844e-13,0.0,3600.0,2712.31894563574
2000,2542.26804123711,3.17670571834393e-13,1.37076779052071e-13,1238.45195876289,2.2865562439482e-13,0.0,1.0301645177353399e-29,0.0,3600.0,2542.2680412371105
2001,2486.59793814433,4136.25233806488,0.0,1261.62972379079,1.01940030192717e-13,0.0,3.90450534248468e-30,0.0,7010.3400527345,2486.59793814433
2002,2622.68041237113,7073.73958762886,0.0,0.0,7.48393709189958e-14,0.0,-2.77006670282495e-30,0.0,12842.6383427345,2622.68041237113
2003,2653.60824742268,7388.05175257732,0.0,0.0,-2.3188021519266902e-14,0.0,-1.1897716786196999e-30,0.0,18934.0870127345,2653.60824742268
2004,2585.56701030928,6998.38298969072,0.0,0.0,-9.637691882406331e-15,0.0,-6.07187936996662e-31,0.0,24704.2537877345,2585.56701030928
2005,2573.19587628866,4737.50412371134,0.0,0.0,1.30628231956557e-13,0.0,8.631310774316031e-31,0.0,28610.3259377345,2573.19587628866
2006,2400.0,140.847,0.0,0.0,7.32518284288763e-14,0.0,-4.07292951658934e-30,0.0,28726.4542892345,2400.0
2007,1818.078,0.0,0.0,0.0,722.181374570447,0.0,-1.19048213517018e-14,0.0,27899.2133103451,2540.259374570447
2008,433.809,0.0,0.0,0.0,2157.16525773196,0.0,-2.93646613554231e-14,0.0,25428.2336336762,2590.9742577319603
2009,237.1857,0.0,0.0,0.0,2513.09263573883,0.0,-1.89258222186093e-13,0.0,22549.5479111804,2750.27833573883
2010,0.0,0.0,0.0,0.0,2728.52233676976,0.0,-1.8345285580832402e-14,0.0,19424.0927716961,2728.52233676976
2011,0.0,0.0,0.0,0.0,2701.03092783505,0.0,9.48379702376113e-14,0.0,16330.1283640958,2701.03092783505
2012,0.0,0.0,0.0,0.0,2707.90378006873,0.0,1.65790765613971e-13,0.0,13228.2912735246,2707.90378006873
2013,0.0,0.0,0.0,0.0,2756.01374570447,0.0,-1.31528541399276e-13,0.0,10071.3454021563,2756.01374570447
2014,0.0,0.0,0.0,0.0,2762.88659793814,0.0,-6.057574602291611e-14,0.0,6906.5268478171,2762.88659793814
2015,0.0,0.0,0.0,0.0,2886.59793814433,0.0,2.5591258779912202e-14,0.0,3600.0,2886.59793814433
2016,0.0,0.0,0.0,0.0,0.0,0.0,2526.0,0.0,7200.0,2526.0
2017,0.0,0.0,0.0,0.0,0.0,0.0,2472.0,0.0,7200.0,2472.0
2018,0.0,0.0,0.0,0.0,0.0,0.0,2346.0,0.0,7200.0,2346.0
2019,0.0,0.0,0.0,0.0,0.0,0.0,2352.0,0.0,7200.0,2352.0
2020,0.0,0.0,0.0,0.0,0.0,0.0,2436.0,0.0,7200.0,2436.0
2021,0.0,0.0,0.0,0.0,0.0,0.0,2412.0,0.0,7200.0,2412.0
2022,33.1911,0.0,0.0,0.0,465.634659793815,0.0,2027.305575,0.0,6666.62696472644,2526.131334793815
2023,101.8914,0.0,0.0,0.0,2677.16534020619,0.0,1.14349712525918e-13,0.0,3600.0,2779.05674020619
2024,2628.86597938144,1670.79811232429,2.27373675443232e-13,282.175908294269,-2.47931008159633e-13,0.0,5.01219263484387e-30,0.0,4977.57304361137,2628.8659793814395
2025,2573.19587628866,4926.59412371134,0.0,0.0,1.30628231956557e-13,0.0,8.631310774316031e-31,0.0,9039.54989861137,2573.19587628866
2026,2579.38144329897,3218.29855670103,0.0,0.0,-1.92142147122071e-13,0.0,8.645390415100429e-30,0.0,11693.0370586114,2579.38144329897
2027,2573.19587628866,6298.43412371134,0.0,0.0,1.30628231956557e-13,0.0,8.631310774316031e-31,0.0,16886.0959936114,2573.19587628866
2028,2536.0824742268,7599.1775257732,0.0,0.0,4.6151169155155304e-14,0.0,2.7130756222812103e-31,0.0,23151.6178636114,2536.0824742268
2029,2635.05154639175,10238.3384536082,0.0,0.0,-6.54265529199679e-14,0.0,4.0237211258421e-30,0.0,31593.1279186114,2635.05154639175
2030,2591.75257731959,5068.65742268041,0.0,0.0,1.72866763357259e-13,0.0,6.66844739709689e-30,0.0,35772.2359636114,2591.75257731959
2031,2579.38144329897,5750.26855670103,0.0,0.0,-1.92142147122071e-13,0.0,8.645390415100429e-30,0.0,40513.3323886114,2579.38144329897
2032,2474.22680412371,0.0,0.0,2173.04319587629,2.42205954031681e-13,0.0,-1.39080916103095e-29,0.0,40513.3323886114,2474.2268041237103
2033,1193.964,0.0,0.0,0.0,1236.94721649485,0.0,-4.48690911687513e-14,0.0,39096.4398153069,2430.91121649485
2034,0.0,0.0,0.0,0.0,2467.35395189003,0.0,6.44095513846744e-14,0.0,36270.1466287203,2467.35395189003
2035,0.0,0.0,0.0,0.0,2542.95532646048,0.0,5.09014258768667e-14,0.0,33357.2539294529,2542.95532646048
2036,0.0,0.0,0.0,0.0,2446.735395189,0.0,-1.48448834744405e-13,0.0,30554.5787917793,2446.735395189
2037,0.0,0.0,0.0,0.0,2542.95532646048,0.0,5.09014258768667e-14,0.0,27641.6860925119,2542.95532646048
2038,0.0,0.0,0.0,0.0,2529.20962199313,0.0,-9.10041648758531e-14,0.0,24744.5387591864,2529.20962199313
2039,0.0,0.0,0.0,0.0,2563.57388316151,0.0,-1.33234625317937e-13,0.0,21808.028011006,2563.57388316151
2040,0.0,0.0,0.0,0.0,2563.57388316151,0.0,-1.33234625317937e-13,0.0,18871.5172628256,2563.57388316151
2041,0.0,0.0,0.0,0.0,2460.48109965636,0.0,-6.543243991685521e-15,0.0,16053.0967592101,2460.48109965636
2042,0.0,0.0,0.0,0.0,2419.2439862543,0.0,-3.5265578925961603e-14,0.0,13281.9123534205,2419.2439862543
2043,0.0,0.0,0.0,0.0,2364.26116838488,0.0,1.91100932710926e-13,0.0,10573.7094113989,2364.26116838488
2044,0.0,0.0,0.0,0.0,2343.64261168385,0.0,1.47863308462497e-13,0.0,7889.12451829021,2343.64261168385
2045,0.0,0.0,0.0,0.0,2295.53264604811,0.0,-1.2143258372878998e-13,0.0,5259.64840597852,2295.53264604811
2046,842.406,0.0,0.0,0.0,1448.87305841924,0.0,-1.42519364160534e-14,0.0,3600.0,2291.27905841924
2047,2202.0618556701,0.0,0.0,2070.4181443299,-2.08867561739171e-13,0.0,8.21178332698038e-30,0.0,3600.0,2202.0618556701
2048,2121.64948453608,0.0,0.0,1987.63051546392,-5.5051308263346503e-14,0.0,-7.541230410954091e-31,0.0,3600.0,2121.64948453608
2049,2152.57731958763,517.795979381442,0.0,3810.55670103093,-1.53078700701609e-13,0.0,-1.01926371410173e-29,0.0,4026.922785,2152.57731958763
2050,2121.64948453608,3879.08381443299,0.0,3810.55670103093,-5.5051308263346503e-14,0.0,-7.541230410954091e-31,0.0,7225.22739,2121.64948453608
2051,2152.57731958763,7687.91597938144,0.0,3810.55670103093,-1.53078700701609e-13,0.0,-1.01926371410173e-29,0.0,13563.914115,2152.57731958763
2052,2177.31958762887,7680.96371134021,0.0,3810.55670103093,7.166428593875681e-14,0.0,-5.37579233035373e-30,0.0,19896.868695,2177.31958762887
2053,2195.87628865979,4113.46701030928,0.0,3810.55670103093,1.13902817339458e-13,0.0,4.29523989311555e-31,0.0,23288.422245,2195.87628865979
2054,2282.47422680412,1778.57907216495,0.0,3810.55670103093,1.42591019103298e-13,0.0,8.40695884838557e-30,0.0,24754.86069,2282.47422680412
2055,2282.47422680412,0.0,0.0,3297.28577319588,1.42591019103298e-13,0.0,8.40695884838557e-30,0.0,24754.86069,2282.47422680412
2056,2338.14432989691,2456.66567010309,0.0,0.0,-2.35968221012892e-13,0.0,1.25560204057978e-29,0.0,26780.381535,2338.1443298969098
2057,1273.443,0.0,0.0,0.0,1251.73,0.0,-7.28097937496841e-14,0.0,25346.5556472566,2525.173
2058,0.0,0.0,0.0,0.0,2549.82817869416,0.0,1.21854221253227e-13,0.0,22425.7902650181,2549.82817869416
2059,0.0,0.0,0.0,0.0,2577.31958762887,3589.55407661857,8.670965434782951e-15,0.0,15361.7883586637,2577.31958762887
2060,0.0,0.0,0.0,0.0,2542.95532646048,0.0,5.09014258768667e-14,0.0,12448.8956593962,2542.95532646048
2061,0.0,0.0,0.0,0.0,2542.95532646048,0.0,5.09014258768667e-14,0.0,9536.0029601288,2542.95532646048
2062,0.0,0.0,0.0,0.0,2618.55670103093,0.0,3.73933003690591e-14,0.0,6536.51074818043,2618.55670103093
2063,0.0,0.0,0.0,0.0,2563.57388316151,0.0,-1.33234625317937e-13,0.0,3600.0,2563.57388316151
2064,0.0,0.0,0.0,0.0,0.0,0.0,2118.0,0.0,7200.0,2118.0
2065,0.0,0.0,0.0,0.0,0.0,0.0,2148.0,0.0,7200.0,2148.0
2066,0.0,0.0,0.0,0.0,0.0,0.0,2112.0,0.0,7200.0,2112.0
2067,0.0,0.0,0.0,0.0,0.0,0.0,2154.0,0.0,7200.0,2154.0
2068,0.0,0.0,0.0,0.0,0.0,0.0,2148.0,0.0,7200.0,2148.0
2069,0.0,0.0,0.0,0.0,780.109048109965,0.0,1466.964801,0.0,6306.40429769763,2247.073849109965
2070,94.1967,0.0,0.0,0.0,2362.69095189003,0.0,-1.29498738928841e-13,0.0,3600.0,2456.88765189003
2071,2245.36082474227,2098.84917525773,0.0,0.0,5.81139563018963e-14,0.0,-3.203673790945e-30,0.0,5330.501145,2245.36082474227
2072,2232.98969072165,2008.14030927835,0.0,0.0,1.9837988014086e-13,0.0,-9.997461619612059e-30,0.0,6986.21283,2232.98969072165
2073,2164.94845360825,4452.39154639175,0.0,0.0,2.11930209777721e-13,0.0,9.868038089233399e-30,0.0,10657.20966,2164.94845360825
2074,2177.31958762887,6553.43041237113,0.0,0.0,7.166428593875681e-14,0.0,-5.37579233035373e-30,0.0,16060.513035,2177.31958762887
2075,2183.50515463918,8532.91484536082,0.0,0.0,-2.51106093139872e-13,0.0,-1.96311512409391e-29,0.0,23095.901325,2183.50515463918
2076,2245.36082474227,7892.95917525773,0.0,0.0,5.81139563018963e-14,0.0,-3.203673790945e-30,0.0,29603.646165,2245.36082474227
2077,2294.84536082474,7011.81463917526,0.0,0.0,2.3250952643346703e-15,0.0,4.98841313778767e-32,0.0,35384.887335,2294.84536082474
2078,2307.21649484536,5474.36350515464,0.0,0.0,0.0,0.0,-1.20422343345651e-13,0.0,39898.500045,2307.21649484536
2079,2338.14432989691,3888.02567010309,0.0,0.0,-2.35968221012892e-13,0.0,1.25560204057978e-29,0.0,43104.17721,2338.1443298969098
2080,922.332,0.0,0.0,0.0,1573.12481099656,0.0,3.73552296846152e-14,0.0,41302.2014814816,2495.45681099656
2081,14.36505,0.0,0.0,0.0,2623.21409106529,0.0,-1.95429070098169e-13,0.0,38297.3743439498,2637.57914106529
2082,0.0,0.0,0.0,0.0,2460.48109965636,0.0,-6.543243991685521e-15,0.0,35478.9538403342,2460.48109965636
2083,0.0,0.0,0.0,0.0,2618.55670103093,0.0,3.73933003690591e-14,0.0,32479.4616283859,2618.55670103093
2084,0.0,0.0,0.0,0.0,2646.04810996564,0.0,-7.57899554493846e-14,0.0,29448.4786845535,2646.04810996564
2085,0.0,0.0,0.0,0.0,2639.17525773196,0.0,-1.46742750825744e-13,0.0,26425.3684236922,2639.17525773196
2086,0.0,0.0,0.0,0.0,0.0,0.0,2352.0,0.0,26425.3684236922,2352.0
2087,0.0,0.0,0.0,0.0,0.0,0.0,2454.0,0.0,26425.3684236922,2454.0
2088,0.0,0.0,0.0,0.0,0.0,0.0,2370.0,0.0,26425.3684236922,2370.0
2089,0.0,0.0,0.0,0.0,0.0,0.0,2400.0,0.0,26425.3684236922,2400.0
2090,0.0,0.0,0.0,0.0,0.0,0.0,2340.0,11539.2937177448,35939.5160939728,2340.0
2091,0.0,0.0,0.0,0.0,0.0,0.0,2340.0,0.0,35939.5160939728,2340.0
2092,0.0,0.0,0.0,0.0,0.0,0.0,2208.0,0.0,35939.5160939728,2208.0
2093,0.0,0.0,0.0,0.0,0.0,0.0,2352.0,0.0,35939.5160939728,2352.0
2094,0.0,0.0,0.0,0.0,2673.53951890034,0.0,-1.88973211267828e-13,0.0,32877.0424182565,2673.53951890034
2095,22.28046,0.0,0.0,0.0,2751.87623573883,0.0,-8.46969139520957e-14,0.0,29724.8359626564,2774.15669573883
2096,1849.329,0.0,0.0,0.0,790.550824742268,0.0,2.8916515093055504e-14,0.0,28819.2794623789,2639.879824742268
2097,1456.164,0.0,0.0,0.0,1186.16371134021,0.0,-4.13213219883698e-14,0.0,27460.5581435471,2642.32771134021
2098,1346.967,0.0,0.0,0.0,1410.58649484536,0.0,-8.3896291700744e-14,0.0,25844.7660532317,2757.55349484536
2099,2523.71134020619,503.378659793815,0.0,0.0,1.86417092994119e-13,0.0,4.4963288576881596e-30,0.0,26259.8017582317,2523.71134020619
2100,2223.954,0.0,0.0,0.0,23.7853608247421,0.0,2.58966822785464e-16,0.0,26232.5562131861,2247.739360824742
2101,2164.94845360825,365.272546391753,0.0,0.0,2.11930209777721e-13,0.0,9.868038089233399e-30,0.0,26533.7234276861,2164.94845360825
2102,2208.24742268041,520.132577319588,0.0,0.0,-2.6363106499505902e-14,0.0,-1.0407950251167099e-30,0.0,26962.5727376861,2208.24742268041
2103,1117.572,0.0,0.0,0.0,1191.24302405498,0.0,8.510746422994761e-14,0.0,25598.0331912314,2308.81502405498
2104,214.824,0.0,0.0,0.0,2194.29635738832,0.0,-1.55263719468145e-13,0.0,23084.5207543605,2409.12035738832
2105,111.6306,0.0,0.0,0.0,2226.48146391753,0.0,9.49044957535206e-14,0.0,20534.1410706062,2338.11206391753
2106,0.0,0.0,0.0,0.0,2398.62542955326,0.0,1.48870472268842e-13,0.0,17786.5747137296,2398.62542955326
2107,0.0,0.0,0.0,0.0,2446.735395189,0.0,-1.48448834744405e-13,0.0,14983.899576056,2446.735395189
2108,0.0,0.0,0.0,0.0,2467.35395189003,0.0,6.44095513846744e-14,0.0,12157.6063894695,2467.35395189003
2109,0.0,0.0,0.0,0.0,2343.64261168385,0.0,1.47863308462497e-13,0.0,9473.02149636085,2343.64261168385
2110,0.0,0.0,0.0,0.0,2549.82817869416,0.0,1.21854221253227e-13,0.0,6552.25611412241,2549.82817869416
2111,0.0,0.0,0.0,0.0,2577.31958762887,0.0,8.670965434782951e-15,0.0,3600.0,2577.31958762887
2112,0.0,0.0,0.0,0.0,0.0,0.0,2142.0,721.259709153619,7794.67863019716,2142.0
2113,0.0,0.0,0.0,0.0,0.0,0.0,2226.0,12000.0,17688.6786301972,2226.0
2114,0.0,0.0,0.0,0.0,0.0,0.0,2178.0,12000.0,27582.6786301972,2178.0
2115,0.0,0.0,0.0,0.0,0.0,0.0,2184.0,12000.0,37476.6786301972,2184.0
2116,0.0,0.0,0.0,0.0,0.0,0.0,2100.0,0.0,37476.6786301972,2100.0
2117,0.0,0.0,0.0,0.0,0.0,0.0,2196.0,0.0,37476.6786301972,2196.0
2118,84.3462,0.0,0.0,0.0,2359.89024742268,0.0,1.40161465096296e-13,0.0,34773.4824704919,2444.23644742268
2119,71.9643,0.0,0.0,0.0,2373.64791408935,0.0,9.061844237494891e-14,0.0,32054.52724244,2445.61221408935
2120,151.3287,0.0,0.0,0.0,2416.04943986254,0.0,-1.17580524090743e-13,0.0,29287.0021108678,2567.37813986254
2121,1886.049,0.0,0.0,0.0,708.513711340206,0.0,-1.9887178639272602e-14,0.0,28475.4171036052,2594.562711340206
2122,1669.344,0.0,0.0,0.0,887.441374570447,0.0,3.72740795998724e-14,0.0,27458.8748646929,2556.785374570447
2123,2449.48453608247,620.565463917525,0.0,0.0,1.74629673913147e-14,0.0,5.5797954624942105e-31,0.0,27970.5310896929,2449.48453608247
2124,2014.317,0.0,0.0,0.0,586.612268041237,0.0,1.75266241840455e-14,0.0,27298.5811835746,2600.9292680412373
2125,2505.15463917526,522.565360824742,0.0,0.0,1.44178561593418e-13,0.0,-1.3089874619771299e-30,0.0,27729.4363235746,2505.15463917526
2126,2114.769,0.0,0.0,0.0,399.397560137457,0.0,5.200102677593781e-15,0.0,27271.9362546887,2514.1665601374566
2127,525.603,0.0,0.0,0.0,2192.62896907217,0.0,-1.5708567074833e-13,0.0,24760.3337700699,2718.23196907217
2128,103.5159,0.0,0.0,0.0,2620.37752233677,0.0,-1.88158151242247e-13,0.0,21758.7558521584,2723.89342233677
2129,5.47287,0.0,0.0,0.0,2736.18707457045,0.0,1.3628242902997998e-13,0.0,18624.5209442885,2741.65994457045
2130,0.0,0.0,0.0,0.0,2694.15807560137,0.0,2.3885174861251402e-14,0.0,15538.4292196592,2694.15807560137
2131,0.0,0.0,0.0,0.0,2783.50515463918,0.0,1.52282640106164e-13,0.0,12349.992616407,2783.50515463918
2132,0.0,0.0,0.0,0.0,2810.99656357388,0.0,3.90993842877199e-14,0.0,9130.06528127078,2810.99656357388
2133,0.0,0.0,0.0,0.0,2749.14089347079,0.0,1.94513100548247e-13,0.0,5980.99209287354,2749.14089347079
2134,0.0,0.0,0.0,0.0,0.0,0.0,2490.0,0.0,5980.99209287354,2490.0
2135,0.0,0.0,0.0,0.0,0.0,0.0,2538.0,0.0,5980.99209287354,2538.0
2136,0.0,0.0,0.0,0.0,0.0,0.0,2430.0,0.0,5980.99209287354,2430.0
2137,0.0,0.0,0.0,0.0,0.0,0.0,2526.0,0.0,5980.99209287354,2526.0
2138,0.0,0.0,0.0,0.0,0.0,0.0,2418.0,12000.0,15874.9920928735,2418.0
2139,0.0,0.0,0.0,0.0,0.0,0.0,2460.0,12000.0,25768.9920928735,2460.0
2140,0.0,0.0,0.0,0.0,0.0,0.0,2352.0,0.0,25768.9920928735,2352.0
2141,0.0,0.0,0.0,0.0,0.0,0.0,2454.0,0.0,25768.9920928735,2454.0
2142,15.1344,0.0,0.0,0.0,2862.90908591065,0.0,-3.3567976690010904e-14,0.0,22489.6002418877,2878.04348591065
2143,484.872,0.0,0.0,0.0,2368.46982817869,0.0,7.060036080762211e-14,0.0,19776.5763837219,2853.34182817869
2144,2544.948,0.0,0.0,0.0,38.2593814432992,0.0,1.80168658915267e-15,0.0,19732.75120452,2583.2073814432997
2145,2628.86597938144,1337.46402061856,0.0,0.0,-2.47931008159633e-13,0.0,5.01219263484387e-30,0.0,20835.49028952,2628.8659793814395
2146,1088.052,0.0,0.0,0.0,1773.87120274914,0.0,-1.2310381686921201e-14,0.0,18803.564513175,2861.92320274914
2147,2517.52577319588,380.726226804124,0.0,0.0,3.91263775445419e-15,0.0,-2.46041953736201e-32,0.0,19117.473287175,2517.52577319588
2148,2486.59793814433,665.74206185567,0.0,0.0,1.01940030192717e-13,0.0,3.90450534248468e-30,0.0,19666.377617175,2486.59793814433
2149,2099.133,0.0,0.0,0.0,485.49941580756,0.0,2.3315570657813802e-14,0.0,19110.2499931114,2584.63241580756
2150,2508.117,0.0,0.0,0.0,37.9456013745708,0.0,2.9522084357128804e-15,0.0,19066.7842412505,2546.062601374571
2151,2340.6,0.0,0.0,0.0,86.6185567010311,0.0,4.51659786318187e-15,0.0,18967.5648177671,2427.218556701031
2152,658.359,0.0,0.0,0.0,2113.85082474227,0.0,1.3745067453062299e-13,0.0,16546.2007573521,2772.20982474227
2153,59.0979,0.0,0.0,0.0,2752.20508247423,0.0,-6.55969410657167e-14,0.0,13393.6176159154,2811.3029824742302
2154,0.0,0.0,0.0,0.0,2817.86941580756,0.0,1.1005217966408e-13,0.0,10165.8175978082,2817.86941580756
2155,0.0,0.0,0.0,0.0,2859.10652920962,0.0,1.38774514598356e-13,0.0,6890.78148187512,2859.10652920962
2156,0.0,0.0,0.0,0.0,2872.85223367698,0.0,-1.16314331972808e-13,0.0,3600.0,2872.85223367698
2157,0.0,0.0,0.0,0.0,0.0,0.0,2370.0,0.0,3600.0,2370.0
2158,0.0,0.0,0.0,0.0,0.0,0.0,2490.0,0.0,3600.0,2490.0
2159,0.0,0.0,0.0,0.0,0.0,0.0,2490.0,0.0,3600.0,2490.0
2160,0.0,0.0,0.0,0.0,0.0,0.0,2340.0,0.0,7200.0,2340.0
2161,0.0,0.0,0.0,0.0,0.0,0.0,2394.0,0.0,7200.0,2394.0
2162,0.0,0.0,0.0,0.0,0.0,0.0,2436.0,0.0,7200.0,2436.0
2163,0.0,0.0,0.0,0.0,0.0,0.0,2352.0,0.0,7200.0,2352.0
2164,0.0,0.0,0.0,0.0,0.0,0.0,2292.0,0.0,7200.0,2292.0
2165,0.0,0.0,0.0,0.0,0.0,0.0,2472.0,0.0,7200.0,2472.0
2166,84.8868,0.0,0.0,0.0,0.0,0.0,2341.659804,0.0,7200.0,2426.546604
2167,72.1689,0.0,0.0,0.0,1965.19250859107,0.0,722.383107,0.0,4948.92037962077,2759.74451559107
2168,1500.978,0.0,0.0,0.0,1177.60749140893,0.0,-2.67846056597972e-14,0.0,3600.0,2678.58549140893
2169,2474.22680412371,3775.94319587629,0.0,0.0,2.42205954031681e-13,0.0,-1.39080916103095e-29,0.0,6713.265165,2474.2268041237103
2170,2703.09278350515,5759.45721649484,0.0,0.0,-7.89768825568285e-14,0.0,-4.822969458876259e-30,0.0,11461.93764,2703.09278350515
2171,2659.79381443299,4635.81618556701,0.0,0.0,1.59316433720398e-13,0.0,8.840565936505619e-30,0.0,15284.168085,2659.79381443299
2172,2573.19587628866,5511.02412371134,0.0,0.0,1.30628231956557e-13,0.0,8.631310774316031e-31,0.0,19828.007475,2573.19587628866
2173,2560.82474226804,4728.21525773196,0.0,0.0,-2.34380678522772e-13,0.0,-1.9197544152819e-29,0.0,23726.420955,2560.82474226804
2174,0.0,5790.57,0.0,0.0,0.0,0.0,2604.0,6209.43,33620.420955,2604.0
2175,0.0,4537.77,0.0,0.0,0.0,0.0,2436.0,7462.23,43514.420955,2436.0
2176,1316.55,0.0,0.0,0.0,298.88437000366,0.0,970.020444986805,0.0,43172.0562700015,2585.454814990465
2177,253.0761,0.0,0.0,0.0,2364.85244329897,0.0,-2.89957348028854e-14,0.0,40463.1760371276,2617.92854329897
2178,0.0,0.0,0.0,0.0,2666.66666666667,0.0,1.37068430679695e-13,0.0,37408.5750443822,2666.66666666667
2179,0.0,0.0,0.0,0.0,2783.50515463918,0.0,1.52282640106164e-13,0.0,34220.13844113,2783.50515463918
2180,0.0,0.0,0.0,0.0,2769.75945017182,0.0,1.0377049353443801e-14,0.0,31047.4472038198,2769.75945017182
2181,0.0,0.0,0.0,0.0,2632.30240549828,0.0,1.79298891121779e-13,0.0,28032.2096259295,2632.30240549828
2182,0.0,0.0,0.0,0.0,2666.66666666667,0.0,1.37068430679695e-13,0.0,24977.6086331841,2666.66666666667
2183,0.0,0.0,0.0,0.0,2604.81099656357,0.0,-1.04512290383661e-13,0.0,21993.8617871778,2604.81099656357
2184,0.0,0.0,0.0,0.0,2604.81099656357,0.0,-1.04512290383661e-13,0.0,19010.1149411714,2604.81099656357
2185,0.0,0.0,0.0,0.0,2577.31958762887,0.0,8.670965434782951e-15,0.0,16057.858827049,2577.31958762887
2186,0.0,0.0,0.0,0.0,2501.71821305842,0.0,2.21790909425906e-14,0.0,13192.2022256075,2501.71821305842
2187,0.0,0.0,0.0,0.0,2570.44673539519,0.0,-6.22818299415769e-14,0.0,10247.8187944561,2570.44673539519
2188,0.0,0.0,0.0,0.0,2398.62542955326,0.0,1.48870472268842e-13,0.0,7500.25243757946,2398.62542955326
2189,0.0,0.0,0.0,0.0,2233.67697594502,0.0,3.39811325317374e-14,0.0,4941.63047200671,2233.67697594502
2190,1312.26,0.0,0.0,0.0,837.465979381443,0.0,1.89954114293681e-14,0.0,3982.33381750334,2149.725979381443
2191,1747.023,0.0,0.0,0.0,333.777422680413,0.0,-1.4300067933916e-14,0.0,3600.0,2080.800422680413
2192,2035.05154639175,4840.19845360825,0.0,0.0,-8.3739510027187e-14,0.0,2.2872512239576597e-30,0.0,7590.743625,2035.05154639175
2193,2103.09278350515,5999.09721649485,0.0,0.0,-9.72898396640475e-14,0.0,4.4593697633664e-30,0.0,12536.99928,2103.09278350515
2194,2028.86597938144,3170.23731958763,0.0,3810.55670103093,-1.3606548107705101e-14,0.0,2.6770845014002404e-31,0.0,15150.85995,2028.86597938144
2195,2022.68041237113,190.072886597936,0.0,3810.55670103093,5.6526413811776704e-14,0.0,1.00286795735416e-30,0.0,15307.575045,2022.68041237113
2196,2053.60824742268,2855.89175257732,0.0,0.0,-4.1500978626485904e-14,0.0,2.5831629815594097e-30,0.0,17662.257795,2053.60824742268
2197,2053.60824742268,1264.42175257732,0.0,0.0,-4.1500978626485904e-14,0.0,2.5831629815594097e-30,0.0,18704.77353,2053.60824742268
2198,1985.56701030928,615.228989690721,0.0,0.0,-2.79506489896254e-14,0.0,4.11044442150674e-31,0.0,19212.029832,1985.56701030928
2199,1923.71134020619,1727.61865979381,0.0,0.0,-8.453328127224681e-14,0.0,-3.87358474498808e-30,0.0,20636.451417,1923.71134020619
2200,1991.75257731959,542.710422680412,0.0,0.0,-9.80836109091073e-14,0.0,-1.7014662055793397e-30,0.0,21083.9161605,1991.75257731959
2201,254.5578,0.0,0.0,0.0,1985.1992371134,0.0,-3.97690904720811e-15,0.0,18809.9193253185,2239.7570371134
2202,20.77311,0.0,0.0,0.0,2265.5785604811,0.0,-1.44223160417878e-13,0.0,16214.754880323,2286.3516704811
2203,0.0,0.0,0.0,0.0,2268.0412371134,50.4816978072159,-8.249327910346331e-15,0.0,13558.9439583063,2268.0412371134
2204,0.0,0.0,0.0,0.0,2295.53264604811,0.0,-1.2143258372878998e-13,0.0,10929.4678459946,2295.53264604811
2205,0.0,0.0,0.0,0.0,2109.96563573883,0.0,-5.21858722710909e-14,0.0,8512.55417389969,2109.96563573883
2206,0.0,0.0,0.0,0.0,2048.10996563574,0.0,1.0322784398943599e-13,0.0,6166.49464854375,2048.10996563574
2207,0.0,0.0,0.0,0.0,2240.54982817869,0.0,1.04933927908097e-13,0.0,3600.0,2240.54982817869
2208,0.0,0.0,0.0,0.0,2309.27835051546,0.0,2.04730070239298e-14,0.0,4554.77852174632,2309.27835051546
2209,0.0,0.0,0.0,0.0,833.521649484536,0.0,1264.3356,0.0,3600.0,2097.857249484536
2210,0.0,0.0,0.0,0.0,0.0,0.0,2058.0,0.0,3600.0,2058.0
2211,0.0,0.0,0.0,0.0,0.0,0.0,2052.0,0.0,3600.0,2052.0
2212,0.0,0.0,0.0,0.0,0.0,0.0,2034.0,0.0,3600.0,2034.0
2213,0.0,0.0,0.0,0.0,0.0,0.0,2160.0,0.0,3600.0,2160.0
2214,1468.713,0.0,0.0,0.0,0.0,0.0,831.34839,0.0,3600.0,2300.06139
2215,2301.03092783505,3020.81907216495,0.0,0.0,1.84829550504e-13,0.0,-7.825343080203319e-30,0.0,6090.665325,2301.03092783505
2216,2325.77319587629,2707.14680412371,0.0,0.0,-9.5702297173928e-14,0.0,-5.256576546996309e-30,0.0,8322.707865,2325.77319587629
2217,2393.81443298969,2820.61761678121,-4.54747350886464e-13,2412.6479502291,-1.09252626810789e-13,0.0,-3.0844580075875697e-30,0.0,10648.3070900361,2393.81443298969
2218,2369.07216494845,4246.96113402062,0.0,3810.55670103093,1.71279220867139e-13,0.0,-5.653224540794589e-30,0.0,14149.9265450361,2369.07216494845
2219,2443.29896907217,8283.20103092783,0.0,0.0,-1.6504148784835e-13,0.0,4.30115333628296e-30,0.0,20979.4257950361,2443.29896907217
2220,2443.29896907217,4984.37103092783,0.0,0.0,-1.6504148784835e-13,0.0,4.30115333628296e-30,0.0,25089.0397100361,2443.29896907217
2221,2437.11340206186,2389.97659793814,0.0,0.0,1.57728891230278e-13,0.0,-3.4811060013858595e-30,0.0,27059.5754150361,2437.11340206186
2222,2387.62886597938,166.289134020618,0.0,0.0,2.1351775226784e-13,0.0,1.52091778870695e-31,0.0,27196.6808060361,2387.62886597938
2223,1248.831,0.0,0.0,0.0,1347.80518900344,0.0,-5.74050936759046e-14,0.0,25652.8031554022,2596.63618900344
2224,2486.59793814433,1700.02206185567,0.0,0.0,1.01940030192717e-13,0.0,3.90450534248468e-30,0.0,27054.4713454022,2486.59793814433
2225,159.8256,0.0,0.0,0.0,2392.86273539519,0.0,-1.27171406320423e-13,0.0,24313.5060127616,2552.6883353951903
2226,61.4808,0.0,0.0,0.0,2550.24470103093,0.0,2.09010492487332e-14,0.0,21392.2635144444,2611.72550103093
2227,0.0,0.0,0.0,0.0,2577.31958762887,0.0,8.670965434782951e-15,0.0,18440.007400322,2577.31958762887
2228,0.0,0.0,0.0,0.0,2611.68384879725,0.0,-3.35594950073008e-14,0.0,15448.3878713446,2611.68384879725
2229,0.0,0.0,0.0,0.0,2652.92096219931,0.0,-4.8371600730247e-15,0.0,12409.5322445413,2652.92096219931
2230,0.0,0.0,0.0,0.0,2597.9381443299,0.0,-1.7546508576002099e-13,0.0,9433.65808150589,2597.9381443299
2231,0.0,0.0,0.0,0.0,2501.71821305842,0.0,2.21790909425906e-14,0.0,6568.0014800644,2501.71821305842
2232,0.0,0.0,0.0,0.0,2591.06529209622,0.0,1.50576556187503e-13,0.0,3600.0,2591.06529209622
2233,0.0,0.0,0.0,0.0,0.0,0.0,2184.0,12000.0,13494.0,2184.0
2234,0.0,0.0,0.0,0.0,0.0,0.0,2100.0,12000.0,23388.0,2100.0
2235,0.0,0.0,0.0,0.0,0.0,0.0,2058.0,12000.0,33282.0,2058.0
2236,0.0,0.0,0.0,0.0,0.0,0.0,2058.0,12000.0,43176.0,2058.0
2237,0.0,0.0,0.0,0.0,0.0,0.0,1926.0,12000.0,53070.0,1926.0
2238,1525.959,0.0,0.0,0.0,778.716804123711,0.0,-2.62426226453916e-14,0.0,52177.9990788961,2304.675804123711
2239,2338.14432989691,2895.68567010309,0.0,0.0,-2.35968221012892e-13,0.0,1.25560204057978e-29,0.0,54565.4919138961,2338.1443298969098
2240,2369.07216494845,2919.65783505155,0.0,0.0,1.71279220867139e-13,0.0,-5.653224540794589e-30,0.0,56972.7497988961,2369.07216494845
2241,2331.9587628866,0.0,0.0,2188.0812371134,8.68021580657368e-14,960.040787689255,4.77376106812902e-30,0.0,55873.0467202142,2331.9587628866
2242,2400.0,0.0,0.0,2509.59,7.32518284288763e-14,1445.51855670103,-4.07292951658934e-30,0.0,54217.2408133402,2400.0
2243,2338.14432989691,3091.08896907216,9.09494701772928e-13,3810.55670103093,-2.35968221012892e-13,0.0,1.25560204057978e-29,0.0,56765.8436683402,2338.1443298969098
2244,1592.175,0.0,0.0,0.0,856.346219931272,4233.95189003436,2.2553241443168402e-14,0.0,50935.0325458137,2448.521219931272
2245,2338.14432989691,0.0,0.0,1595.30567010309,-2.35968221012892e-13,0.0,1.25560204057978e-29,0.0,50935.0325458137,2338.1443298969098
2246,2307.21649484536,6293.45350515464,0.0,0.0,-1.37940828574629e-13,0.0,-4.30837425345009e-32,0.0,56123.9849608137,2307.21649484536
2247,1936.551,0.0,0.0,0.0,508.070481099656,0.0,-1.61505111842437e-14,0.0,55542.0027373319,2444.621481099656
2248,327.978,0.0,0.0,0.0,2315.99237113402,0.0,-1.27762702868612e-13,0.0,52889.0905138106,2643.97037113402
2249,36.0207,0.0,0.0,0.0,2681.62648453608,0.0,6.25164391091035e-14,0.0,49817.3534181221,2717.64718453608
2250,10.15944,0.0,0.0,0.0,2621.01413883162,4233.95189003436,-1.59053189927449e-13,0.0,41965.1586542436,2631.17357883162
2251,0.0,0.0,0.0,0.0,2453.60824742268,4233.95189003436,-7.74960393680454e-14,0.0,34304.7232161484,2453.60824742268
2252,0.0,0.0,0.0,0.0,2522.33676975945,4233.95189003436,-1.61956960252213e-13,0.0,26565.5609483434,2522.33676975945
2253,0.0,0.0,0.0,0.0,2439.86254295533,4233.95189003436,1.7759280720311799e-13,0.0,18920.8708761903,2439.86254295533
2254,0.0,0.0,0.0,0.0,2432.98969072165,4233.95189003436,1.06640011826758e-13,0.0,11284.0534870081,2432.98969072165
2255,0.0,0.0,0.0,0.0,2474.22680412371,4233.95189003436,1.35362346761034e-13,0.0,3600.0,2474.22680412371
2256,0.0,0.0,0.0,0.0,0.0,0.0,2160.0,0.0,7200.0,2160.0
2257,0.0,0.0,0.0,0.0,0.0,0.0,2136.0,3191.38232545563,9831.29472733817,2136.0
2258,0.0,0.0,0.0,0.0,0.0,0.0,2058.0,12000.0,19725.2947273382,2058.0
2259,0.0,0.0,0.0,0.0,0.0,0.0,2034.0,0.0,19725.2947273382,2034.0
2260,0.0,0.0,0.0,0.0,0.0,0.0,2034.0,0.0,19725.2947273382,2034.0
2261,0.0,0.0,0.0,0.0,0.0,0.0,1962.0,0.0,19725.2947273382,1962.0
2262,7.80909,0.0,0.0,0.0,2204.38165257732,0.0,1.06233922374659e-13,0.0,17200.2298332061,2212.19074257732
2263,1985.56701030928,1310.68298969072,0.0,0.0,-2.79506489896254e-14,0.0,4.11044442150674e-31,0.0,18280.8879582061,1985.56701030928
2264,1954.63917525773,3137.62082474227,0.0,0.0,7.00767434486373e-14,0.0,4.34015398000897e-30,0.0,20867.8563282061,1954.63917525773
2265,1973.19587628866,5502.20412371134,0.0,0.0,1.12315274849338e-13,0.0,-8.733388244528351e-31,0.0,25404.4236282061,1973.19587628866
2266,1663.332,0.0,0.0,0.0,330.547491408935,0.0,5.0778003871146905e-15,0.0,25025.7896174284,1993.879491408935
2267,1979.38144329897,2866.96855670103,0.0,0.0,4.2182312929856505e-14,0.0,2.5235550898806896e-30,0.0,27389.6051924284,1979.38144329897
2268,1973.19587628866,903.44412371134,0.0,0.0,0.0,0.0,9.80512349434724e-14,0.0,28134.4948724284,1973.19587628866
2269,1973.19587628866,646.68312371134,0.0,0.0,0.0,0.0,9.80512349434724e-14,0.0,28667.6851079284,1973.19587628866
2270,1942.26804123711,2446.91195876289,0.0,0.0,0.0,0.0,-3.69233166378594e-14,0.0,30685.1640179284,1942.26804123711
2271,1905.15463917526,367.051360824742,0.0,0.0,0.0,0.0,1.09880672716452e-13,0.0,30987.7978649284,1905.15463917526
2272,540.111,0.0,0.0,0.0,0.0,0.0,1318.09233,0.0,30987.7978649284,1858.20333
2273,35.9277,0.0,0.0,0.0,1953.20748109966,0.0,3.80303921351904e-14,0.0,28750.4467983766,1989.13518109966
2274,0.0,0.0,0.0,0.0,2054.98281786942,0.0,1.74180639365796e-13,0.0,26396.5145900497,2054.98281786942
2275,0.0,0.0,0.0,0.0,2061.85567010309,0.0,-1.51861002581727e-13,0.0,24034.7096987518,2061.85567010309
2276,0.0,0.0,0.0,0.0,2116.83848797251,0.0,1.8766923105269e-14,0.0,21609.9233436859,2116.83848797251
2277,0.0,0.0,0.0,0.0,2178.6941580756,0.0,-1.36646793155258e-13,0.0,19114.2828418811,2178.6941580756
2278,0.0,0.0,0.0,0.0,2460.48109965636,0.0,-6.543243991685521e-15,0.0,16295.8623382656,2460.48109965636
2279,0.0,0.0,0.0,0.0,2508.5910652921,0.0,9.31318863189505e-14,0.0,13422.3330538531,2508.5910652921
2280,0.0,0.0,0.0,0.0,0.0,0.0,2142.0,0.0,13422.3330538531,2142.0
2281,0.0,0.0,0.0,0.0,0.0,0.0,2166.0,0.0,13422.3330538531,2166.0
2282,0.0,0.0,0.0,0.0,0.0,0.0,2172.0,0.0,13422.3330538531,2172.0
2283,0.0,0.0,0.0,0.0,0.0,0.0,2178.0,0.0,13422.3330538531,2178.0
2284,0.0,0.0,0.0,0.0,0.0,0.0,2058.0,0.0,13422.3330538531,2058.0
2285,0.0,0.0,0.0,0.0,2323.02405498282,0.0,1.6237859777665e-13,0.0,10761.3662096574,2323.02405498282
2286,134.3406,0.0,0.0,0.0,2263.10380068729,0.0,-9.01126217188745e-14,0.0,8169.03654105801,2397.44440068729
2287,88.419,0.0,0.0,0.0,2334.74635738832,0.0,-1.85482302659444e-13,0.0,5494.64208815043,2423.16535738832
2288,707.256,0.0,0.0,0.0,1654.02254295533,0.0,2.11280282921595e-14,0.0,3600.0,2361.27854295533
2289,2257.73195876289,-1.1413348162281999e-13,1.1413348162281999e-13,2524.50804123711,-8.21519675370675e-14,0.0,3.59011403772205e-30,0.0,3600.0,2257.73195876289
2290,2307.21649484536,2194.92680412371,0.0,3810.55670103093,-1.37940828574629e-13,0.0,-4.30837425345009e-32,0.0,5409.71715,2307.21649484536
2291,2239.17525773196,5326.32804123711,0.0,3810.55670103093,-1.24390498937769e-13,0.0,-2.21520228194323e-30,0.0,9801.27462,2239.17525773196
2292,2239.17525773196,4881.54804123711,0.0,3810.55670103093,-1.24390498937769e-13,0.0,-2.21520228194323e-30,0.0,13826.11098,2239.17525773196
2293,2220.61855670103,4820.54474226804,0.0,3810.55670103093,-1.6662903033847e-13,0.0,-8.02051860160852e-30,0.0,17800.65012,2220.61855670103
2294,2288.65979381443,3263.60350515464,0.0,3810.55670103093,-1.8017935997533e-13,0.0,-5.8484000621997896e-30,0.0,20491.49121,2288.65979381443
2295,2313.40206185567,4733.11793814433,0.0,0.0,4.4563626665035705e-14,0.0,-1.0315552515362699e-30,0.0,24393.94695,2313.40206185567
2296,2381.44329896907,2025.31670103093,0.0,0.0,3.10132970281752e-14,0.0,1.14056328787246e-30,0.0,26063.82057,2381.44329896907
2297,1615.428,0.0,0.0,0.0,981.712302405499,0.0,1.7546341806006e-14,0.0,24939.2933049307,2597.140302405499
2298,71.0442,0.0,0.0,0.0,2587.72866666667,0.0,1.24195282798685e-13,0.0,21975.1138471224,2658.77286666667
2299,0.0,0.0,0.0,0.0,2838.48797250859,1794.05170812546,-7.408387153072381e-14,0.0,16668.6537318485,2838.48797250859
2300,0.0,0.0,0.0,0.0,2824.74226804124,0.0,1.8100497504044e-13,0.0,13432.9810307704,2824.74226804124
2301,0.0,0.0,0.0,0.0,2742.26804123711,0.0,1.23560305171887e-13,0.0,10291.7805253441,2742.26804123711
2302,0.0,0.0,0.0,0.0,2927.83505154639,0.0,5.4313593714188305e-14,0.0,6938.01757970107,2927.83505154639
2303,0.0,0.0,0.0,0.0,2914.08934707904,0.0,-8.759199703853141e-14,0.0,3600.0,2914.08934707904
2304,0.0,0.0,0.0,0.0,0.0,0.0,2460.0,0.0,7200.0,2460.0
2305,0.0,0.0,0.0,0.0,0.0,0.0,2454.0,0.0,7200.0,2454.0
2306,0.0,0.0,0.0,0.0,0.0,0.0,2376.0,2830.85613252654,9534.04088126813,2376.0
2307,0.0,0.0,0.0,0.0,0.0,0.0,2394.0,0.0,9534.04088126813,2394.0
2308,0.0,0.0,0.0,0.0,0.0,0.0,2298.0,0.0,9534.04088126813,2298.0
2309,0.0,0.0,0.0,0.0,0.0,0.0,2400.0,0.0,9534.04088126813,2400.0
2310,6.58476,0.0,0.0,0.0,2817.42586804124,0.0,1.95998641082513e-13,0.0,6306.74893620371,2824.01062804124
2311,378.462,0.0,0.0,0.0,2362.99182130584,0.0,-7.72022591254536e-14,0.0,3600.0,2741.45382130584
2312,2430.92783505155,239.519164948453,0.0,0.0,-2.47755640093864e-14,0.0,2.6206778864767996e-31,0.0,3797.4835515,2430.92783505155
2313,2511.34020618557,6117.37979381443,0.0,0.0,-1.78591817485211e-13,0.0,6.473271875691689e-30,0.0,8841.2631915,2511.34020618557
2314,2616.49484536082,8047.66515463918,0.0,0.0,-1.07665084320669e-13,0.0,-1.78159519382318e-30,0.0,15476.5631115,2616.49484536082
2315,2709.27835051546,9329.45164948454,0.0,0.0,1.03527572682836e-13,0.0,5.2073681562490696e-30,0.0,23168.6959965,2709.27835051546
2316,2684.53608247423,7165.63391752577,0.0,0.0,-1.2121541395753e-13,0.0,3.90523345585547e-31,0.0,29076.7611615,2684.53608247423
2317,2696.90721649485,7470.06278350515,0.0,0.0,2.437934965218e-13,0.0,-1.5864196724179897e-30,0.0,35235.8279265,2696.9072164948507
2318,2740.20618556701,6094.28381443299,0.0,0.0,5.5001802445737005e-15,0.0,-9.9092522125117e-32,0.0,40260.5649315,2740.20618556701
2319,2591.75257731959,4103.31742268041,0.0,0.0,1.72866763357259e-13,0.0,6.66844739709689e-30,0.0,43643.7501465,2591.75257731959
2320,2498.96907216495,866.040927835051,0.0,0.0,-3.83258936462469e-14,0.0,-3.20515952975361e-31,0.0,44357.8008915,2498.96907216495
2321,1325.709,0.0,0.0,0.0,1337.98656357388,0.0,-4.40074882071892e-14,0.0,42825.1702344852,2663.69556357388
2322,45.6543,0.0,0.0,0.0,2774.01526804124,0.0,1.70910424067545e-13,0.0,39647.6040626167,2819.66956804124
2323,0.0,0.0,0.0,0.0,2886.59793814433,0.0,2.5591258779912202e-14,0.0,36341.0772147996,2886.59793814433
2324,0.0,0.0,0.0,0.0,2831.61512027491,0.0,-1.45036666907084e-13,0.0,33097.5318307504,2831.61512027491
2325,0.0,0.0,0.0,0.0,2810.99656357388,0.0,3.90993842877199e-14,0.0,29877.6044956143,2810.99656357388
2326,0.0,0.0,0.0,0.0,2893.47079037801,0.0,9.654405415627211e-14,0.0,26563.2049648262,2893.47079037801
2327,0.0,0.0,0.0,0.0,2914.08934707904,0.0,-8.759199703853141e-14,0.0,23225.1873851251,2914.08934707904
2328,0.0,0.0,0.0,0.0,2714.77663230241,0.0,-1.60250876333552e-13,0.0,20115.4776115828,2714.77663230241
2329,0.0,0.0,0.0,0.0,2797.25085910653,0.0,-1.02806206465e-13,0.0,16911.2956423886,2797.25085910653
2330,0.0,0.0,0.0,0.0,2081.88901676747,0.0,564.510888362001,0.0,14526.5430458623,2646.399905129471
2331,0.0,0.0,0.0,0.0,0.0,0.0,2376.0,0.0,14526.5430458623,2376.0
2332,0.0,0.0,0.0,0.0,2687.2852233677,0.0,-4.70676205151085e-14,0.0,11448.324004204,2687.2852233677
2333,0.0,0.0,0.0,0.0,2783.50515463918,0.0,1.52282640106164e-13,0.0,8259.88740095181,2783.50515463918
2334,177.8505,0.0,0.0,0.0,2792.07905498282,0.0,1.1228010353467e-13,0.0,5061.62960601158,2969.92955498282
2335,1517.577,0.0,0.0,0.0,1276.00264604811,0.0,2.52313772471668e-14,0.0,3600.0,2793.5796460481097
2336,2635.05154639175,-9.0896913357143e-14,9.0896913357143e-14,3003.95845360825,-6.54265529199679e-14,0.0,4.0237211258421e-30,0.0,3600.0,2635.05154639175
2337,2628.86597938144,2711.29731958763,0.0,3810.55670103093,-2.47931008159633e-13,-7.64294306540785e-14,5.01219263484387e-30,0.0,5835.46464,2628.8659793814395
2338,2641.23711340206,5410.11618556701,0.0,3810.55670103093,1.17077902319697e-13,-7.64294306540785e-14,3.0352496168403298e-30,0.0,10296.105435,2641.23711340206
2339,2635.05154639175,5930.65175257732,0.0,3810.55670103093,-6.54265529199679e-14,0.0,4.0237211258421e-30,0.0,15185.927805,2635.05154639175
2340,2597.9381443299,6540.07515463917,0.0,3810.55670103093,-1.4990361572137e-13,0.0,-7.58691151348847e-30,0.0,20578.21977,2597.9381443299
2341,2276.28865979381,4385.91463917526,0.0,3810.55670103093,-3.99134361363664e-14,0.0,-1.6233787667397498e-30,0.0,24194.40639,2276.28865979381
2342,2350.51546391753,3266.90783505155,0.0,3810.55670103093,1.29040689466438e-13,0.0,1.05790773877943e-29,0.0,26887.9719,2350.51546391753
2343,2517.52577319588,4419.90855054365,0.0,574.08567626047,3.91263775445419e-15,0.0,-2.46041953736201e-32,0.0,30532.1864999232,2517.52577319588
2344,2523.71134020619,0.0,0.0,223.166659793815,1.86417092994119e-13,0.0,4.4963288576881596e-30,0.0,30532.1864999232,2523.71134020619
2345,587.406,0.0,0.0,0.0,2220.17890034364,0.0,-1.32935122642508e-13,0.0,27989.026247525,2807.58490034364
2346,37.7895,0.0,0.0,0.0,2755.2625257732,0.0,1.29040356224005e-13,0.0,24832.9408800872,2793.0520257732
2347,0.0,0.0,0.0,0.0,2907.21649484536,4233.95189003436,-1.58544792414891e-13,0.0,16652.9083659066,2907.21649484536
2348,0.0,0.0,0.0,0.0,2920.96219931271,0.0,-1.66392016621715e-14,0.0,13307.0181032345,2920.96219931271
2349,0.0,0.0,0.0,0.0,2783.50515463918,0.0,1.52282640106164e-13,0.0,10118.5814999823,2783.50515463918
2350,0.0,0.0,0.0,0.0,2865.9793814433,0.0,-1.87267127349167e-13,0.0,6835.67270107816,2865.9793814433
2351,0.0,0.0,0.0,0.0,2824.74226804124,0.0,1.8100497504044e-13,0.0,3600.0,2824.74226804124
2352,0.0,0.0,0.0,0.0,60.4608934707905,0.0,2287.21764,0.0,7130.7435355432,2347.67853347079
2353,0.0,0.0,0.0,0.0,0.0,0.0,2340.0,0.0,7130.7435355432,2340.0
2354,0.0,0.0,0.0,0.0,0.0,0.0,2364.0,0.0,7130.7435355432,2364.0
2355,0.0,0.0,0.0,0.0,0.0,0.0,2256.0,0.0,7130.7435355432,2256.0
2356,0.0,0.0,0.0,0.0,2494.84536082474,0.0,-4.8773704433769304e-14,0.0,4272.9596170727,2494.84536082474
2357,0.0,0.0,0.0,0.0,0.0,0.0,2322.0,0.0,4272.9596170727,2322.0
2358,1951.668,0.0,0.0,0.0,587.493745704467,0.0,8.0921824720272e-15,0.0,3600.0,2539.1617457044667
2359,2387.62886597938,3286.00113402062,0.0,0.0,2.1351775226784e-13,0.0,1.52091778870695e-31,0.0,6309.307935,2387.62886597938
2360,2313.40206185567,4183.63793814433,0.0,0.0,4.4563626665035705e-14,0.0,-1.0315552515362699e-30,0.0,9758.717415,2313.40206185567
2361,2430.92783505155,6600.69216494845,0.0,0.0,-2.47755640093864e-14,0.0,2.6206778864767996e-31,0.0,15200.988105,2430.92783505155
2362,2424.74226804124,7146.00773195876,0.0,0.0,-2.07280019249051e-13,0.0,-1.5041629833823198e-30,0.0,21092.87148,2424.74226804124
2363,2455.67010309278,9325.29989690722,0.0,0.0,1.9996742263098e-13,0.0,2.32421031827943e-30,0.0,28781.581245,2455.67010309278
2364,2622.68041237113,8270.16958762887,0.0,0.0,7.48393709189958e-14,0.0,-2.77006670282495e-30,0.0,35600.33607,2622.68041237113
2365,2498.96907216495,7723.17092783505,0.0,0.0,-3.83258936462469e-14,0.0,-3.20515952975361e-31,0.0,41968.0905,2498.96907216495
2366,2727.83505154639,6107.55494845361,0.0,0.0,1.45766104083537e-13,0.0,1.10126844759144e-29,0.0,47003.769555,2727.83505154639
2367,2579.38144329897,3954.61855670103,0.0,0.0,-1.92142147122071e-13,0.0,8.645390415100429e-30,0.0,50264.352555,2579.38144329897
2368,2523.71134020619,1435.08865979381,0.0,0.0,1.86417092994119e-13,0.0,4.4963288576881596e-30,0.0,51447.583155,2523.71134020619
2369,961.182,0.0,0.0,0.0,1633.05092783505,0.0,-9.418767822951141e-14,0.0,49576.9635354868,2594.23292783505
2370,72.2721,0.0,0.0,0.0,2600.11003780069,0.0,-1.98198595246523e-13,0.0,46598.6015219694,2672.38213780069
2371,0.0,0.0,0.0,0.0,2694.15807560137,0.0,2.3885174861251402e-14,0.0,43512.5097973401,2694.15807560137
2372,0.0,0.0,0.0,0.0,2790.37800687285,0.0,-1.7375900184136e-13,0.0,40316.2005111169,2790.37800687285
2373,0.0,0.0,0.0,0.0,2735.39518900344,0.0,5.26075097955275e-14,0.0,37182.8726886616,2735.39518900344
2374,0.0,0.0,0.0,0.0,2652.92096219931,0.0,-4.8371600730247e-15,0.0,34144.0170618583,2652.92096219931
2375,0.0,0.0,0.0,0.0,2728.52233676976,0.0,-1.8345285580832402e-14,0.0,31018.561922374,2728.52233676976
2376,0.0,0.0,0.0,0.0,2694.15807560137,0.0,2.3885174861251402e-14,0.0,27932.4701977447,2694.15807560137
2377,0.0,0.0,0.0,0.0,2707.90378006873,0.0,1.65790765613971e-13,0.0,24830.6331071734,2707.90378006873
2378,0.0,0.0,0.0,0.0,2639.17525773196,0.0,-1.46742750825744e-13,0.0,21807.5228463121,2639.17525773196
2379,0.0,0.0,0.0,0.0,2549.82817869416,0.0,1.21854221253227e-13,0.0,18886.7574640737,2549.82817869416
2380,0.0,0.0,0.0,0.0,2501.71821305842,0.0,2.21790909425906e-14,0.0,16021.1008626322,2501.71821305842
2381,0.0,0.0,0.0,0.0,2749.14089347079,0.0,1.94513100548247e-13,0.0,12872.0276742349,2749.14089347079
2382,2028.606,0.0,0.0,0.0,508.879931271478,0.0,-2.3936621695825502e-14,0.0,12289.1182455162,2537.485931271478
2383,2455.67010309278,3276.87989690722,0.0,0.0,1.9996742263098e-13,0.0,2.32421031827943e-30,0.0,14990.9057205162,2455.67010309278
2384,2393.81443298969,0.0,0.0,3351.75556701031,-1.09252626810789e-13,0.0,-3.0844580075875697e-30,0.0,14990.9057205162,2393.81443298969
2385,2449.48453608247,1704.9287628866,0.0,3810.55670103093,1.74629673913147e-14,-7.64294306540785e-14,5.5797954624942105e-31,0.0,16396.6194855162,2449.48453608247
2386,2183.50515463918,4861.4681443299,0.0,3810.55670103093,-2.51106093139872e-13,0.0,-1.96311512409391e-29,0.0,20404.8999705162,2183.50515463918
2387,2331.9587628866,8606.56453608247,0.0,3810.55670103093,8.68021580657368e-14,0.0,4.77376106812902e-30,0.0,27501.0124305162,2331.9587628866
2388,2226.80412371134,8691.22917525773,0.0,3810.55670103093,1.58754249011952e-14,0.0,-7.44883267514968e-31,0.0,34666.9308855162,2226.80412371134
2389,2301.03092783505,6974.60685273843,-1.81898940354586e-12,1453.32221942652,1.84829550504e-13,0.0,-7.825343080203319e-30,0.0,40417.494235599,2301.03092783505
2390,2313.40206185567,6839.02793814433,0.0,0.0,4.4563626665035705e-14,0.0,-1.0315552515362699e-30,0.0,46056.272770599,2313.40206185567
2391,2294.84536082474,986.087938144329,0.0,3810.55670103093,2.3250952643346703e-15,0.0,4.98841313778767e-32,0.0,46869.302275599,2294.84536082474
2392,2313.40206185567,0.0,0.0,3383.74793814433,4.4563626665035705e-14,0.0,-1.0315552515362699e-30,0.0,46869.302275599,2313.40206185567
2393,2086.584,0.0,0.0,0.0,334.494295532646,0.0,-1.0542779173536502e-15,0.0,46486.1472978984,2421.078295532646
2394,239.6118,0.0,0.0,-7.475724160666341e-14,2407.30418556701,4233.95189003436,1.37971952415169e-13,0.0,38878.7520222954,2646.91598556701
2395,0.0,0.0,0.0,0.0,2707.90378006873,4233.95189003436,1.65790765613971e-13,0.0,30927.0273142736,2707.90378006873
2396,0.0,0.0,0.0,0.0,2742.26804123711,4233.95189003436,1.23560305171887e-13,0.0,22935.9391913967,2742.26804123711
2397,0.0,0.0,0.0,0.0,2831.61512027491,4233.95189003436,-1.45036666907084e-13,0.0,14842.506189897,2831.61512027491
2398,0.0,0.0,0.0,0.0,2817.86941580756,4233.95189003436,1.1005217966408e-13,0.0,6764.81855433923,2817.86941580756
2399,0.0,0.0,0.0,0.0,2762.88659793814,0.0,-6.057574602291611e-14,0.0,3600.0,2762.88659793814
2400,0.0,0.0,0.0,0.0,0.0,0.0,2322.0,0.0,7200.0,2322.0
2401,0.0,0.0,0.0,0.0,0.0,0.0,2292.0,0.0,7200.0,2292.0
2402,0.0,0.0,0.0,0.0,0.0,0.0,2280.0,0.0,7200.0,2280.0
2403,0.0,0.0,0.0,0.0,0.0,0.0,2232.0,0.0,7200.0,2232.0
2404,0.0,0.0,0.0,0.0,0.0,0.0,2160.0,0.0,7200.0,2160.0
2405,0.0,0.0,0.0,0.0,2357.3883161512,0.0,1.20148137334566e-13,0.0,4499.66974094937,2357.3883161512
2406,1914.93,0.0,0.0,0.0,408.382474226804,0.0,1.32309851505617e-14,0.0,4031.877674252,2323.312474226804
2407,2400.0,2699.97,0.0,0.0,7.32518284288763e-14,0.0,-4.07292951658934e-30,0.0,6258.002939252,2400.0
2408,2356.70103092784,2635.08896907216,0.0,0.0,-1.93729689612191e-13,0.0,-3.67628152279106e-30,0.0,8430.633794252,2356.70103092784
2409,2393.81443298969,4398.12556701031,0.0,0.0,-1.09252626810789e-13,0.0,-3.0844580075875697e-30,0.0,12056.888324252,2393.81443298969
2410,2400.0,6767.82,0.0,0.0,7.32518284288763e-14,0.0,-4.07292951658934e-30,0.0,17636.955914252,2400.0
2411,2375.25773195876,7834.40226804124,0.0,0.0,-1.5149115821149e-13,0.0,2.12903479687423e-30,0.0,24096.420584252,2375.25773195876
2412,2455.67010309278,7629.66989690722,0.0,0.0,1.9996742263098e-13,0.0,2.32421031827943e-30,0.0,30387.083414252,2455.67010309278
2413,2591.75257731959,6632.31742268041,0.0,0.0,1.72866763357259e-13,0.0,6.66844739709689e-30,0.0,35855.429129252,2591.75257731959
2414,2517.52577319588,5395.84422680412,0.0,0.0,3.91263775445419e-15,0.0,-2.46041953736201e-32,0.0,40304.302694252,2517.52577319588
2415,2542.26804123711,3723.50195876289,0.0,0.0,2.2865562439482e-13,0.0,1.0301645177353399e-29,0.0,43374.330059252,2542.2680412371105
2416,2536.0824742268,718.107525773195,0.0,0.0,4.6151169155155304e-14,0.0,2.7130756222812103e-31,0.0,43966.409714252,2536.0824742268
2417,726.624,0.0,0.0,0.0,2051.74652920962,0.0,5.821431608625291e-14,0.0,41616.1845948824,2778.37052920962
2418,124.7469,0.0,0.0,0.0,2686.13460137457,0.0,-3.43367386055345e-14,0.0,38539.2835623801,2810.8815013745702
2419,0.0,0.0,0.0,0.0,2982.81786941581,0.0,-1.72052917922699e-13,0.0,35122.5391529691,2982.81786941581
2420,0.0,0.0,0.0,0.0,2962.19931271478,0.0,1.20831332721046e-14,0.0,31729.412792471,2962.19931271478
2421,0.0,0.0,0.0,0.0,3085.91065292096,0.0,9.82501380749329e-14,0.0,28194.5781384951,3085.91065292096
2422,0.0,0.0,0.0,0.0,3092.78350515464,0.0,1.69202933451293e-13,0.0,24651.8708015483,3092.78350515464
2423,0.0,0.0,0.0,0.0,0.0,0.0,2658.0,0.0,24651.8708015483,2658.0
2424,0.0,0.0,0.0,0.0,2865.9793814433,0.0,-1.87267127349167e-13,0.0,21368.9620026441,2865.9793814433
2425,0.0,0.0,0.0,0.0,2907.21649484536,0.0,-1.58544792414891e-13,0.0,18038.8171059141,2907.21649484536
2426,0.0,0.0,0.0,0.0,908.360513875339,0.0,1769.00127138683,0.0,16998.3125081187,2677.361785262169
2427,0.0,0.0,0.0,0.0,2893.47079037801,0.0,9.654405415627211e-14,0.0,13683.9129773306,2893.47079037801
2428,0.0,0.0,0.0,0.0,2659.79381443299,0.0,6.61156353033352e-14,0.0,10637.1846675563,2659.79381443299
2429,15.96435,0.0,0.0,0.0,3068.1724862543,0.0,1.71432952253977e-13,0.0,7122.66864664643,3084.1368362543003
2430,34.3011,0.0,0.0,0.0,3075.28972852234,0.0,-1.61884213183821e-13,0.0,3600.0,3109.59082852234
2431,2944.32989690722,750.986638980413,1.13686837721616e-13,2422.31346411237,-3.51508086660079e-14,0.0,2.28520967455342e-30,0.0,4219.18848383935,2944.32989690722
2432,2832.98969072165,0.0,0.0,3324.06030927835,2.16692837248079e-13,540.551546391753,2.7578174063994696e-30,0.0,3600.0,2832.98969072165
2433,2696.90721649485,1736.20608247423,0.0,3810.55670103093,2.437934965218e-13,0.0,-1.5864196724179897e-30,0.0,5031.501915,2696.9072164948507
2434,2795.87628865979,4099.21701030928,0.0,3810.55670103093,1.32215774446677e-13,0.0,-8.8528152329311e-30,0.0,8411.30634,2795.87628865979
2435,2808.24742268041,4024.62587628866,0.0,3810.55670103093,-8.05014939228682e-15,0.0,-6.81676263748158e-31,0.0,11729.610375,2808.24742268041
2436,2783.50515463918,6388.71795753918,0.0,1063.44688782164,-2.32793136032653e-13,0.0,-6.87587221492756e-30,0.0,16997.1083309911,2783.50515463918
2437,2721.64948453608,7366.36051546392,0.0,0.0,-3.67383511561274e-14,0.0,9.82346860789029e-31,0.0,23070.6725759911,2721.64948453608
2438,944.142,0.0,0.0,0.0,2078.10109965636,0.0,1.30111212647777e-13,0.0,20690.2589452278,3022.24309965636
2439,2734.0206185567,3691.5893814433,0.0,0.0,-1.7700427499509099e-13,0.0,-3.2426744346710094e-30,0.0,23733.9743902278,2734.0206185567
2440,2696.90721649485,1532.91278350515,0.0,0.0,2.437934965218e-13,0.0,-1.5864196724179897e-30,0.0,24997.8609802278,2696.9072164948507
2441,1854.009,0.0,0.0,0.0,881.570756013746,0.0,5.4313367243952105e-15,0.0,23988.0433902922,2735.579756013746
2442,32.6607,0.0,0.0,0.0,2857.18112371134,0.0,9.82647072531755e-16,0.0,20715.212778939,2889.84182371134
2443,0.0,0.0,0.0,0.0,2914.08934707904,0.0,-8.759199703853141e-14,0.0,17377.1951992379,2914.08934707904
2444,0.0,0.0,0.0,0.0,2893.47079037801,0.0,9.654405415627211e-14,0.0,14062.7956684498,2893.47079037801
2445,0.0,0.0,0.0,0.0,2989.69072164948,0.0,-1.01100122546339e-13,0.0,10638.1785760678,2989.69072164948
2446,0.0,0.0,0.0,0.0,3072.16494845361,0.0,-4.36554526777868e-14,0.0,7119.08928803392,3072.16494845361
2447,0.0,0.0,0.0,0.0,3072.16494845361,0.0,-4.36554526777868e-14,0.0,3600.0,3072.16494845361
2448,0.0,0.0,0.0,0.0,0.0,0.0,2520.0,0.0,7200.0,2520.0
2449,0.0,0.0,0.0,0.0,0.0,0.0,2724.0,0.0,7200.0,2724.0
2450,0.0,0.0,0.0,0.0,0.0,0.0,2658.0,8005.05476951243,13800.167657463,2658.0
2451,0.0,0.0,0.0,0.0,0.0,0.0,2604.0,0.0,13800.167657463,2604.0
2452,0.0,0.0,0.0,0.0,2790.37800687285,0.0,-1.7375900184136e-13,0.0,10603.8583712398,2790.37800687285
2453,18.51396,0.0,0.0,0.0,2639.22274776632,0.0,1.12918070889674e-13,0.0,7580.69371171366,2657.7367077663203
2454,230.8452,0.0,0.0,0.0,2410.172,0.0,-2.9824725800153803e-14,0.0,4819.90104275604,2641.0172
2455,2393.81443298969,3779.22556701031,0.0,0.0,-1.09252626810789e-13,0.0,-3.0844580075875697e-30,0.0,7935.87252275604,2393.81443298969
2456,2350.51546391753,2677.48453608247,0.0,0.0,1.29040689466438e-13,0.0,1.05790773877943e-29,0.0,10143.458522756,2350.51546391753
2457,2356.70103092784,3227.22896907216,0.0,0.0,-1.93729689612191e-13,0.0,-3.67628152279106e-30,0.0,12804.308807756,2356.70103092784
2458,2505.15463917526,6004.79536082474,0.0,0.0,1.44178561593418e-13,0.0,-1.3089874619771299e-30,0.0,17755.262582756,2505.15463917526
2459,2542.26804123711,9373.73195876289,0.0,0.0,2.2865562439482e-13,0.0,1.0301645177353399e-29,0.0,25483.904582756,2542.2680412371105
2460,2498.96907216495,7329.75092783505,0.0,0.0,-3.83258936462469e-14,0.0,-3.20515952975361e-31,0.0,31527.284222756,2498.96907216495
2461,2369.07216494845,5123.48783505155,0.0,0.0,1.71279220867139e-13,0.0,-5.653224540794589e-30,0.0,35751.599942756,2369.07216494845
2462,2610.30927835052,6347.75072164948,0.0,0.0,2.1510529475795998e-13,0.0,-9.563854531492008e-30,0.0,40985.320412756,2610.30927835052
2463,2616.49484536082,4652.74515463918,0.0,0.0,-1.07665084320669e-13,0.0,-1.78159519382318e-30,0.0,44821.508792756,2616.49484536082
2464,2672.16494845361,1687.43505154639,0.0,0.0,1.90505098814342e-14,0.0,-8.938599210179621e-31,0.0,46212.798992756,2672.16494845361
2465,639.933,0.0,0.0,0.0,2237.41694158076,0.0,1.63590771047916e-13,0.0,43649.8929886544,2877.34994158076
2466,207.2961,0.0,0.0,0.0,2731.87031271478,0.0,1.48552939394468e-13,0.0,40520.6028251781,2939.16641271478
2467,0.0,0.0,0.0,0.0,3072.16494845361,0.0,-4.36554526777868e-14,0.0,37001.5135371442,3072.16494845361
2468,0.0,0.0,0.0,0.0,3037.80068728522,0.0,-1.4249922357030702e-15,0.0,33521.7876639652,3037.80068728522
2469,0.0,0.0,0.0,0.0,2859.10652920962,0.0,1.38774514598356e-13,0.0,30246.7515480321,2859.10652920962
2470,0.0,0.0,0.0,0.0,2982.81786941581,0.0,-1.72052917922699e-13,0.0,26830.0071386211,2982.81786941581
2471,0.0,0.0,0.0,0.0,2996.56357388316,0.0,-3.01473271699792e-14,0.0,23397.5173632681,2996.56357388316
2472,0.0,0.0,0.0,0.0,0.0,0.0,2496.0,0.0,23397.5173632681,2496.0
2473,0.0,0.0,0.0,0.0,0.0,0.0,2538.0,0.0,23397.5173632681,2538.0
2474,0.0,0.0,0.0,0.0,0.0,0.0,2562.0,0.0,23397.5173632681,2562.0
2475,0.0,0.0,0.0,0.0,0.0,0.0,2616.0,0.0,23397.5173632681,2616.0
2476,0.0,0.0,0.0,0.0,0.0,0.0,2412.0,0.0,23397.5173632681,2412.0
2477,37.5768,0.0,0.0,0.0,2824.2273814433,0.0,-1.27183110595238e-14,0.0,20162.4344521074,2861.8041814433
2478,1508.082,0.0,0.0,0.0,1265.93408934708,0.0,-6.437173622702541e-14,0.0,18712.3381298313,2774.01608934708
2479,2641.23711340206,1614.86288659794,0.0,0.0,1.17077902319697e-13,0.0,3.0352496168403298e-30,0.0,20043.7925798313,2641.23711340206
2480,2678.35051546392,1353.28948453608,0.0,0.0,2.01554965121099e-13,0.0,-7.39173599208328e-30,0.0,21159.5797598313,2678.35051546392
2481,2690.72164948454,2144.88835051546,0.0,0.0,6.128904128213531e-14,0.0,-5.9794816341622105e-31,0.0,22928.0402048313,2690.72164948454
2482,2696.90721649485,1775.49278350515,0.0,0.0,2.437934965218e-13,0.0,-1.5864196724179897e-30,0.0,24391.9340048313,2696.9072164948507
2483,2585.56701030928,2635.21298969072,0.0,0.0,-9.637691882406331e-15,0.0,-6.07187936996662e-31,0.0,26564.6671148313,2585.56701030928
2484,2653.60824742268,885.701752577319,0.0,0.0,-2.3188021519266902e-14,0.0,-1.1897716786196999e-30,0.0,27294.9282098313,2653.60824742268
2485,2715.46391752577,540.346082474226,0.0,0.0,-2.19242806395792e-13,0.0,-9.0479907543363e-30,0.0,27740.4435548313,2715.46391752577
2486,2235.114,0.0,0.0,0.0,650.560618556701,0.0,-3.14724946218861e-14,0.0,26995.2423880997,2885.674618556701
2487,2066.22,0.0,0.0,0.0,742.000687285223,0.0,-3.4606982724331904e-14,0.0,26145.2988746,2808.220687285223
2488,909.798,0.0,0.0,0.0,2171.24391752577,0.0,-1.62125879090656e-13,0.0,23658.1924398625,3081.0419175257703
2489,404.136,0.0,0.0,0.0,2650.61635738832,0.0,-1.07614155173884e-13,0.0,20621.976681113,3054.75235738832
2490,36.1422,0.0,0.0,0.0,3004.5155395189,0.0,5.1721321518128104e-14,0.0,17180.3781249631,3040.6577395189
2491,0.0,0.0,0.0,0.0,2865.9793814433,0.0,-1.87267127349167e-13,0.0,13897.469326059,2865.9793814433
2492,0.0,0.0,0.0,0.0,2852.23367697594,0.0,6.782171922199599e-14,0.0,10630.3058930968,2852.23367697594
2493,0.0,0.0,0.0,0.0,3017.18213058419,0.0,1.8271105895909998e-13,0.0,7174.19806883087,3017.18213058419
2494,0.0,0.0,0.0,0.0,3120.27491408935,0.0,5.60196776328492e-14,0.0,3600.0,3120.27491408935
2495,0.0,0.0,0.0,0.0,0.0,0.0,2658.0,0.0,3600.0,2658.0
2496,0.0,0.0,0.0,0.0,0.0,0.0,2496.0,0.0,7200.0,2496.0
2497,0.0,0.0,0.0,0.0,0.0,0.0,2514.0,0.0,7200.0,2514.0
2498,0.0,0.0,0.0,0.0,0.0,0.0,2514.0,0.0,7200.0,2514.0
2499,0.0,0.0,0.0,0.0,0.0,0.0,2538.0,0.0,7200.0,2538.0
2500,0.0,0.0,0.0,0.0,0.0,0.0,2442.0,0.0,7200.0,2442.0
2501,106.1262,0.0,0.0,0.0,286.964878445464,0.0,2190.53724711711,0.0,6871.28879903154,2583.628325562574
2502,944.631,0.0,0.0,0.0,1905.7364604811,0.0,-9.916025962922761e-14,0.0,4688.31461749535,2850.3674604811
2503,2715.46391752577,913.486082474226,0.0,0.0,-2.19242806395792e-13,0.0,-9.0479907543363e-30,0.0,5441.48389249534,2715.46391752577
2504,2641.23711340206,3675.74288659794,0.0,0.0,1.17077902319697e-13,0.0,3.0352496168403298e-30,0.0,8472.13390249534,2641.23711340206
2505,2591.75257731959,5109.27742268041,0.0,0.0,1.72866763357259e-13,0.0,6.66844739709689e-30,0.0,12684.7331374953,2591.75257731959
2506,2709.27835051546,1986.23164948454,0.0,0.0,1.03527572682836e-13,0.0,5.2073681562490696e-30,0.0,14322.3811324953,2709.27835051546
2507,2684.53608247423,4515.49391752577,0.0,0.0,-1.2121541395753e-13,0.0,3.90523345585547e-31,0.0,18045.4058674953,2684.53608247423
2508,2715.46391752577,1528.57608247423,0.0,0.0,-2.19242806395792e-13,0.0,-9.0479907543363e-30,0.0,19305.7168474953,2715.46391752577
2509,2579.38144329897,150.258556701031,0.0,0.0,-1.92142147122071e-13,0.0,8.645390415100429e-30,0.0,19429.6050274953,2579.38144329897
2510,2153.532,0.0,0.0,0.0,617.495945017182,0.0,-3.9975231982967904e-17,0.0,18722.2786299957,2771.027945017182
2511,1946.616,0.0,0.0,0.0,689.327010309278,0.0,1.73680217058157e-14,0.0,17932.6715162394,2635.943010309278
2512,1399.983,0.0,0.0,0.0,1447.89975945017,0.0,-1.49357863686636e-14,0.0,16274.1380002598,2847.88275945017
2513,724.404,0.0,0.0,0.0,2074.83175257732,0.0,1.64211456437217e-13,0.0,13897.469326059,2799.23575257732
2514,0.0,0.0,0.0,0.0,2941.58075601375,0.0,1.96219184466908e-13,0.0,10527.9610144739,2941.58075601375
2515,0.0,0.0,0.0,0.0,2948.45360824742,0.0,-1.29822457480615e-13,0.0,7150.58001991789,2948.45360824742
2516,0.0,0.0,0.0,0.0,3099.65635738832,0.0,-1.5683870849622998e-13,0.0,3600.0,3099.65635738832
2517,0.0,0.0,0.0,0.0,0.0,0.0,2598.0,0.0,3600.0,2598.0
2518,0.0,0.0,0.0,0.0,0.0,0.0,2574.0,0.0,3600.0,2574.0
2519,0.0,0.0,0.0,0.0,0.0,0.0,2532.0,0.0,3600.0,2532.0
2520,0.0,0.0,0.0,0.0,0.0,0.0,2448.0,0.0,3600.0,2448.0
2521,0.0,0.0,0.0,0.0,0.0,0.0,2460.0,0.0,3600.0,2460.0
2522,0.0,0.0,0.0,0.0,0.0,0.0,2292.0,0.0,3600.0,2292.0
2523,0.0,0.0,0.0,0.0,0.0,0.0,2388.0,0.0,3600.0,2388.0
2524,0.0,0.0,0.0,0.0,0.0,0.0,2310.0,0.0,3600.0,2310.0
2525,71.7717,0.0,0.0,0.0,0.0,0.0,2408.381451,0.0,3600.0,2480.153151
2526,2610.30927835052,2.98845139590254e-13,1.5590221129620998e-13,114.389721649484,2.1510529475795998e-13,0.0,-9.563854531492008e-30,0.0,3600.0,2610.30927835052
2527,2653.60824742268,275.635051546391,0.0,3810.55670103093,-2.3188021519266902e-14,0.0,-1.1897716786196999e-30,0.0,3827.2611,2653.60824742268
2528,2443.29896907217,4037.34432989691,0.0,3810.55670103093,-1.6504148784835e-13,0.0,4.30115333628296e-30,0.0,7156.0515,2443.29896907217
2529,2604.12371134021,2313.60958762887,0.0,3810.55670103093,3.26008395182947e-14,0.0,2.4434261016368497e-30,0.0,9063.622605,2604.12371134021
2530,2721.64948453608,4774.25381443299,0.0,3810.55670103093,-3.67383511561274e-14,0.0,9.82346860789029e-31,0.0,12999.994875,2721.64948453608
2531,2684.53608247423,3578.42721649485,0.0,3810.55670103093,-1.2121541395753e-13,0.0,3.90523345585547e-31,0.0,15950.408115,2684.53608247423
2532,2709.27835051546,0.0,0.0,3178.37164948454,1.03527572682836e-13,0.0,5.2073681562490696e-30,0.0,15950.408115,2709.27835051546
2533,950.523,0.0,0.0,0.0,1899.18979381443,0.0,6.79477626054393e-14,0.0,13774.932978901,2849.71279381443
2534,2721.64948453608,5125.93051546392,0.0,0.0,-3.67383511561274e-14,0.0,9.82346860789029e-31,0.0,18001.262688901,2721.64948453608
2535,2690.72164948454,4027.29835051546,0.0,0.0,6.128904128213531e-14,0.0,-5.9794816341622105e-31,0.0,21321.770178901,2690.72164948454
2536,2641.23711340206,1243.33804670937,0.0,651.814839888565,1.17077902319697e-13,0.0,3.0352496168403298e-30,0.0,22346.9023984129,2641.23711340206
2537,2186.217,0.0,0.0,0.0,258.155223367698,0.0,6.5976650336233706e-15,0.0,22051.1919478199,2444.372223367698
2538,144.1356,0.0,0.0,0.0,2485.89744329897,0.0,-4.83348517773781e-14,0.0,19203.6576485083,2630.03304329897
2539,0.0,0.0,0.0,0.0,2652.92096219931,0.0,-4.8371600730247e-15,0.0,16164.802021705,2652.92096219931
2540,0.0,0.0,0.0,0.0,2804.12371134021,0.0,-3.185341108864e-14,0.0,12952.7473695398,2804.12371134021
2541,0.0,0.0,0.0,0.0,2776.6323024055,0.0,8.13298447298036e-14,0.0,9772.18344925859,2776.6323024055
2542,0.0,0.0,0.0,0.0,2701.03092783505,0.0,9.48379702376113e-14,0.0,6678.2190416583,2701.03092783505
2543,0.0,0.0,0.0,0.0,2687.2852233677,0.0,-4.70676205151085e-14,0.0,3600.0,2687.2852233677
2544,0.0,0.0,0.0,0.0,0.0,0.0,2322.0,0.0,7200.0,2322.0
2545,0.0,0.0,0.0,0.0,0.0,0.0,2208.0,0.0,7200.0,2208.0
2546,0.0,0.0,0.0,0.0,0.0,0.0,2226.0,0.0,7200.0,2226.0
2547,0.0,0.0,0.0,0.0,0.0,0.0,2124.0,0.0,7200.0,2124.0
2548,0.0,0.0,0.0,0.0,0.0,0.0,2100.0,0.0,7200.0,2100.0
2549,31.2423,0.0,0.0,0.0,0.0,0.0,2147.694969,0.0,7200.0,2178.937269
2550,2381.44329896907,308.401701030928,0.0,0.0,0.0,0.0,2.7074608305596998e-14,0.0,7454.2772025,2381.44329896907
2551,2338.14432989691,427.492670103093,0.0,0.0,0.0,0.0,-2.06000256944255e-13,0.0,7806.744909,2338.14432989691
2552,2430.92783505155,3453.42216494845,0.0,0.0,-2.47755640093864e-14,0.0,2.6206778864767996e-31,0.0,10654.091484,2430.92783505155
2553,2400.0,861.63,0.0,0.0,7.32518284288763e-14,0.0,-4.07292951658934e-30,0.0,11364.505419,2400.0
2554,1502.247,0.0,0.0,0.0,1024.99474226804,0.0,4.2975391676002103e-14,0.0,10190.399185016,2527.24174226804
2555,2492.78350515464,5618.91649484536,0.0,0.0,-2.20830348885912e-13,0.0,6.679555560264071e-31,0.0,14823.195835016,2492.78350515464
2556,2455.67010309278,2041.92989690722,0.0,0.0,1.9996742263098e-13,0.0,2.32421031827943e-30,0.0,16506.767035016,2455.67010309278
2557,2505.15463917526,4193.63536082474,0.0,0.0,0.0,0.0,1.25867884271054e-13,0.0,19964.419390016,2505.15463917526
2558,1780.875,0.0,0.0,0.0,0.0,0.0,672.55125,0.0,19964.419390016,2453.42625
2559,2622.68041237113,4468.98958762887,0.0,0.0,0.0,0.0,6.533477081228341e-14,0.0,23649.101305016,2622.68041237113
2560,803.037,0.0,0.0,0.0,0.0,0.0,1693.05411,0.0,23649.101305016,2496.0911100000003
2561,682.671,0.0,0.0,0.0,1942.50759450172,0.0,-5.68034373413764e-14,0.0,21424.0066950484,2625.17859450172
2562,91.9725,0.0,0.0,0.0,2612.58496563574,0.0,1.5554819593496502e-14,0.0,18431.354958925,2704.55746563574
2563,0.0,0.0,0.0,0.0,2749.14089347079,0.0,1.94513100548247e-13,0.0,15282.2817705277,2749.14089347079
2564,0.0,0.0,0.0,0.0,2783.50515463918,0.0,1.52282640106164e-13,0.0,12093.8451672755,2783.50515463918
2565,0.0,0.0,0.0,0.0,2783.50515463918,0.0,1.52282640106164e-13,0.0,8905.40856402332,2783.50515463918
2566,0.0,0.0,0.0,0.0,2360.03443240611,0.0,279.68994050947,0.0,6202.04724397051,2639.7243729155803
2567,0.0,0.0,0.0,0.0,0.0,0.0,2340.0,0.0,6202.04724397051,2340.0
2568,0.0,0.0,0.0,0.0,0.0,0.0,2274.0,0.0,6202.04724397051,2274.0
2569,0.0,0.0,0.0,0.0,0.0,0.0,2196.0,0.0,6202.04724397051,2196.0
2570,0.0,0.0,0.0,0.0,0.0,0.0,2196.0,0.0,6202.04724397051,2196.0
2571,0.0,0.0,0.0,0.0,0.0,0.0,2226.0,0.0,6202.04724397051,2226.0
2572,0.0,0.0,0.0,0.0,0.0,0.0,2130.0,0.0,6202.04724397051,2130.0
2573,108.1488,0.0,0.0,0.0,2271.58724398625,0.0,4.7690895222249904e-14,0.0,3600.0,2379.73604398625
2574,2183.50515463918,-2.86948827988827e-13,-1.67798522897637e-13,563.861845360825,-2.51106093139872e-13,0.0,-1.96311512409391e-29,0.0,3600.0,2183.50515463918
2575,2313.40206185567,0.0,0.0,997.87793814433,4.4563626665035705e-14,0.0,-1.0315552515362699e-30,0.0,3600.0,2313.40206185567
2576,2381.44329896907,3724.08,0.0,3810.55670103093,3.10132970281752e-14,0.0,1.14056328787246e-30,0.0,6670.50396,2381.44329896907
2577,2412.37113402062,2397.54216494845,0.0,3810.55670103093,-6.70140954100875e-14,0.0,2.72085831207771e-30,0.0,8647.277475,2412.37113402062
2578,2480.41237113402,4056.12092783505,0.0,3810.55670103093,-8.0564425046948e-14,0.0,4.8929768514864396e-30,0.0,11991.54918,2480.41237113402
2579,2523.71134020619,3130.40195876289,0.0,3810.55670103093,1.86417092994119e-13,0.0,4.4963288576881596e-30,0.0,14572.565595,2523.71134020619
2580,2536.0824742268,29.5608247422674,0.0,3810.55670103093,4.6151169155155304e-14,0.0,2.7130756222812103e-31,0.0,14596.938495,2536.0824742268
2581,2461.85567010309,3415.21762886598,0.0,3810.55670103093,-1.22802956447649e-13,0.0,1.01064696559482e-29,0.0,17412.78543,2461.85567010309
2582,2443.29896907217,6381.86103092783,0.0,0.0,-1.6504148784835e-13,0.0,4.30115333628296e-30,0.0,22674.62985,2443.29896907217
2583,2511.34020618557,0.0,0.0,3714.16979381443,-1.78591817485211e-13,0.0,6.473271875691689e-30,0.0,22674.62985,2511.34020618557
2584,2430.92783505155,1648.86107123124,0.0,267.06109371721,-2.47755640093864e-14,0.0,2.6206778864767996e-31,0.0,24034.1158032302,2430.92783505155
2585,1628.271,0.0,0.0,0.0,933.078041237113,0.0,-3.39265006466201e-14,0.0,22965.2978865783,2561.349041237113
2586,75.4071,0.0,0.0,0.0,2624.11811340206,0.0,-1.65868886424288e-13,0.0,19959.4352137237,2699.52521340206
2587,0.0,0.0,0.0,0.0,2756.01374570447,0.0,-1.31528541399276e-13,0.0,16802.4893423554,2756.01374570447
2588,0.0,0.0,0.0,0.0,2783.50515463918,0.0,1.52282640106164e-13,0.0,13614.0527391032,2783.50515463918
2589,0.0,0.0,0.0,0.0,2872.85223367698,0.0,-1.16314331972808e-13,0.0,10323.2712572281,2872.85223367698
2590,0.0,0.0,0.0,0.0,2934.70790378007,0.0,1.25266389090548e-13,0.0,6961.63562861405,2934.70790378007
2591,0.0,0.0,0.0,0.0,2934.70790378007,0.0,1.25266389090548e-13,0.0,3600.0,2934.70790378007
2592,0.0,0.0,0.0,0.0,0.0,0.0,2484.0,0.0,7200.0,2484.0
2593,0.0,0.0,0.0,0.0,0.0,0.0,2514.0,0.0,7200.0,2514.0
2594,0.0,0.0,0.0,0.0,0.0,0.0,2532.0,0.0,7200.0,2532.0
2595,0.0,0.0,0.0,0.0,0.0,0.0,2562.0,0.0,7200.0,2562.0
2596,0.0,0.0,0.0,0.0,306.125945017182,0.0,2198.75205,0.0,6849.34026916703,2504.877995017182
2597,137.715,0.0,0.0,0.0,2836.67405498282,0.0,-1.4502768043381499e-13,0.0,3600.0,2974.38905498282
2598,2802.0618556701,121.747144329897,0.0,0.0,-1.90554604631952e-13,0.0,-1.0705558952622799e-30,0.0,3700.3805205,2802.0618556701
2599,2690.72164948454,332.571649484535,0.0,3810.55670103093,6.128904128213531e-14,-7.64294306540785e-14,-5.9794816341622105e-31,0.0,3974.5858455,2690.72164948454
2600,2628.86597938144,3756.04731958763,0.0,3810.55670103093,-2.47931008159633e-13,-7.64294306540785e-14,5.01219263484387e-30,0.0,7071.4468605,2628.8659793814395
2601,2579.38144329897,1344.7818556701,0.0,3810.55670103093,-1.92142147122071e-13,-7.64294306540785e-14,8.645390415100429e-30,0.0,8180.2195005,2579.38144329897
2602,2752.57731958763,6441.60170117212,-9.09494701772928e-13,661.060979240253,-1.3476574359438999e-13,0.0,2.5626418849942797e-30,0.0,13491.3201031164,2752.57731958763
2603,2672.16494845361,5264.81505154639,0.0,0.0,1.90505098814342e-14,0.0,-8.938599210179621e-31,0.0,17832.1601131164,2672.16494845361
2604,2455.67010309278,2646.90989690722,0.0,0.0,1.9996742263098e-13,0.0,2.32421031827943e-30,0.0,20014.5373231164,2455.67010309278
2605,2362.88659793814,4020.69340206186,0.0,0.0,-1.12252343725259e-14,0.0,-5.32699610245165e-31,0.0,23329.5990331164,2362.88659793814
2606,2418.55670103093,6383.71329896907,0.0,0.0,1.15490359829577e-13,0.0,-9.28642232105115e-30,0.0,28592.9706481164,2418.55670103093
2607,2331.9587628866,7362.3912371134,0.0,0.0,8.68021580657368e-14,0.0,4.77376106812902e-30,0.0,34663.2622231164,2331.9587628866
2608,2270.10309278351,4003.70690721649,0.0,0.0,-2.22417891376031e-13,0.0,1.03839018663891e-29,0.0,37964.3185681164,2270.10309278351
2609,1688.568,0.0,0.0,0.0,680.514364261168,0.0,1.01900965252731e-14,0.0,37184.8061233728,2369.082364261168
2610,281.7192,0.0,0.0,0.0,2174.95117525773,0.0,3.2057825150491504e-14,0.0,34693.4531162047,2456.67037525773
2611,0.0,0.0,0.0,0.0,2584.19243986254,0.0,7.96237608111428e-14,0.0,31733.3243191113,2584.19243986254
2612,0.0,0.0,0.0,0.0,2549.82817869416,0.0,1.21854221253227e-13,0.0,28812.5589368729,2549.82817869416
2613,0.0,0.0,0.0,0.0,2460.48109965636,0.0,-6.543243991685521e-15,0.0,25994.1384332574,2460.48109965636
2614,0.0,0.0,0.0,0.0,2542.95532646048,0.0,5.09014258768667e-14,0.0,23081.2457339899,2542.95532646048
2615,0.0,0.0,0.0,0.0,2542.95532646048,0.0,5.09014258768667e-14,0.0,20168.3530347225,2542.95532646048
2616,0.0,0.0,0.0,0.0,2432.98969072165,0.0,1.06640011826758e-13,0.0,17381.4232629909,2432.98969072165
2617,0.0,0.0,0.0,0.0,2501.71821305842,0.0,2.21790909425906e-14,0.0,14515.7666615494,2501.71821305842
2618,0.0,0.0,0.0,0.0,2467.35395189003,0.0,6.44095513846744e-14,0.0,11689.4734749629,2467.35395189003
2619,0.0,0.0,0.0,0.0,2570.44673539519,0.0,-6.22818299415769e-14,0.0,8745.09004381148,2570.44673539519
2620,0.0,0.0,0.0,0.0,2405.49828178694,0.0,-1.77171169678681e-13,0.0,5989.6510039639,2405.49828178694
2621,411.111,0.0,0.0,0.0,2086.16532646048,0.0,7.464636078406611e-14,0.0,3600.0,2497.27632646048
2622,2307.21649484536,-1.91640778610146e-13,1.91640778610146e-13,667.352505154639,-1.37940828574629e-13,0.0,-4.30837425345009e-32,0.0,3600.0,2307.21649484536
2623,2350.51546391753,633.477835051546,0.0,3810.55670103093,1.29040689466438e-13,-7.64294306540785e-14,1.05790773877943e-29,0.0,4122.302475,2350.51546391753
2624,2375.25773195876,2459.01556701031,0.0,3810.55670103093,-1.5149115821149e-13,-7.64294306540785e-14,2.12903479687423e-30,0.0,6149.76081,2375.25773195876
2625,2301.03092783505,4335.28237113402,0.0,3810.55670103093,1.84829550504e-13,-7.64294306540785e-14,-7.825343080203319e-30,0.0,9724.201125,2301.03092783505
2626,2319.58762886598,5236.85567010309,0.0,3810.55670103093,2.27068081904701e-13,-7.64294306540785e-14,-2.02002676053804e-30,0.0,14041.988625,2319.58762886598
2627,2387.62886597938,6415.22443298969,0.0,3810.55670103093,2.1351775226784e-13,-7.64294306540785e-14,1.52091778870695e-31,0.0,19331.34117,2387.62886597938
2628,2443.29896907217,5692.23432989691,0.0,3810.55670103093,-1.6504148784835e-13,-7.64294306540785e-14,4.30115333628296e-30,0.0,24024.588375,2443.29896907217
2629,2294.84536082474,4112.86793814433,0.0,3810.55670103093,2.3250952643346703e-15,-7.64294306540785e-14,4.98841313778767e-32,0.0,27415.64799,2294.84536082474
2630,2400.0,3375.22329896907,0.0,3810.55670103093,7.32518284288763e-14,-7.64294306540785e-14,-4.07292951658934e-30,0.0,30198.5196,2400.0
2631,2350.51546391753,999.537835051546,0.0,3810.55670103093,1.29040689466438e-13,-7.64294306540785e-14,1.05790773877943e-29,0.0,31022.638545,2350.51546391753
2632,2301.03092783505,0.0,0.0,2890.13907216495,1.84829550504e-13,0.0,-7.825343080203319e-30,0.0,31022.638545,2301.03092783505
2633,1660.461,0.0,0.0,0.0,677.380103092784,0.0,8.365539555464321e-15,0.0,30246.7163192351,2337.841103092784
2634,125.6133,0.0,0.0,0.0,2472.11351546392,0.0,-1.64774658778797e-13,0.0,27414.9711697919,2597.72681546392
2635,0.0,0.0,0.0,0.0,2756.01374570447,3078.85471095339,-1.31528541399276e-13,0.0,20731.2730521998,2756.01374570447
2636,0.0,0.0,0.0,0.0,2680.41237113402,4233.95189003436,-1.18020415891468e-13,0.0,12811.0390760619,2680.41237113402
2637,0.0,0.0,0.0,0.0,2632.30240549828,0.0,1.79298891121779e-13,0.0,9795.80149817157,2632.30240549828
2638,0.0,0.0,0.0,0.0,2652.92096219931,0.0,-4.8371600730247e-15,0.0,6756.94587136823,2652.92096219931
2639,0.0,0.0,0.0,0.0,2756.01374570447,0.0,-1.31528541399276e-13,0.0,3600.0,2756.01374570447
2640,0.0,0.0,0.0,0.0,631.059278350515,0.0,1873.08525,0.0,6477.13713820101,2504.144528350515
2641,0.0,0.0,0.0,0.0,0.0,0.0,2568.0,0.0,6477.13713820101,2568.0
2642,0.0,0.0,0.0,0.0,0.0,0.0,2586.0,0.0,6477.13713820101,2586.0
2643,0.0,0.0,0.0,0.0,0.0,0.0,2538.0,0.0,6477.13713820101,2538.0
2644,0.0,0.0,0.0,0.0,0.0,0.0,2448.0,0.0,6477.13713820101,2448.0
2645,430.155,0.0,0.0,0.0,2511.74072164948,0.0,-5.92028813144028e-14,0.0,3600.0,2941.89572164948
2646,2752.57731958763,360.222680412371,0.0,0.0,-1.3476574359438999e-13,0.0,2.5626418849942797e-30,0.0,3897.0036,2752.57731958763
2647,2703.09278350515,4351.07721649484,0.0,0.0,-7.89768825568285e-14,0.0,-4.822969458876259e-30,0.0,7484.466765,2703.09278350515
2648,2758.76288659794,7712.55711340206,0.0,0.0,4.77387116452748e-14,0.0,1.5741703759925098e-30,0.0,13843.470105,2758.76288659794
2649,2746.39175257732,6409.15824742268,0.0,0.0,1.88004635484239e-13,0.0,-5.219617452674539e-30,0.0,19127.82108,2746.39175257732
2650,2672.16494845361,9239.24505154639,0.0,0.0,1.90505098814342e-14,0.0,-8.938599210179621e-31,0.0,26745.578625,2672.16494845361
2651,2703.09278350515,10299.1172164948,0.0,0.0,-7.89768825568285e-14,0.0,-4.822969458876259e-30,0.0,35237.20077,2703.09278350515
2652,2771.13402061856,12000.0,0.0,440.455979381441,-9.2527212193689e-14,0.0,-2.6508509194675297e-30,0.0,45131.20077,2771.13402061856
2653,2783.50515463918,8590.00484536083,0.0,0.0,-2.32793136032653e-13,0.0,-6.87587221492756e-30,0.0,52213.659765,2783.50515463918
2654,2907.21649484536,9414.47350515464,0.0,0.0,-1.1962787146740998e-13,0.0,-9.325422964777159e-30,0.0,59975.89317,2907.21649484536
2655,2672.16494845361,7172.87505154639,0.0,0.0,1.90505098814342e-14,0.0,-8.938599210179621e-31,0.0,65889.92865,2672.16494845361
2656,2703.09278350515,2109.26721649484,0.0,0.0,-7.89768825568285e-14,0.0,-4.822969458876259e-30,0.0,67629.01947,2703.09278350515
2657,1873.413,0.0,0.0,0.0,880.629312714777,0.0,-2.14004293171492e-14,0.0,66620.2802801778,2754.042312714777
2658,262.0752,0.0,0.0,-7.475724160666341e-14,2650.38608934708,4233.95189003436,2.88904205331711e-15,0.0,58734.440670348,2912.4612893470803
2659,0.0,0.0,0.0,0.0,2989.69072164948,4233.95189003436,-1.01100122546339e-13,0.0,50459.9359605154,2989.69072164948
2660,0.0,0.0,0.0,0.0,3017.18213058419,4233.95189003436,1.8271105895909998e-13,0.0,42153.9405187988,3017.18213058419
2661,0.0,0.0,0.0,0.0,2982.81786941581,4233.95189003436,-1.72052917922699e-13,0.0,33887.3084919372,2982.81786941581
2662,0.0,0.0,0.0,0.0,3127.14776632302,2619.12308665708,1.26972473009209e-13,0.0,27305.096747401,3127.14776632302
2663,0.0,0.0,0.0,0.0,3147.76632302406,0.0,-5.71635781855945e-14,0.0,23699.4079466862,3147.76632302406
2664,0.0,0.0,0.0,0.0,2989.69072164948,0.0,-1.01100122546339e-13,0.0,20274.7908543042,2989.69072164948
2665,0.0,0.0,0.0,0.0,2996.56357388316,0.0,-3.01473271699792e-14,0.0,16842.3010789512,2996.56357388316
2666,0.0,0.0,0.0,0.0,2955.3264604811,0.0,-5.88696621042553e-14,0.0,13457.0474014242,2955.3264604811
2667,0.0,0.0,0.0,0.0,3003.43642611684,0.0,4.08054682063807e-14,0.0,10016.6849431002,3003.43642611684
2668,0.0,0.0,0.0,0.0,2838.48797250859,0.0,-7.408387153072381e-14,0.0,6765.26687608003,2838.48797250859
2669,234.6993,0.0,0.0,0.0,2763.27798281787,0.0,7.182304498374971e-15,0.0,3600.0,2997.97728281787
2670,2795.87628865979,0.0,0.0,389.253711340206,1.32215774446677e-13,0.0,-8.8528152329311e-30,0.0,3600.0,2795.87628865979
2671,2709.27835051546,504.664948453608,0.0,3810.55670103093,1.03527572682836e-13,-7.64294306540785e-14,5.2073681562490696e-30,0.0,4016.09625,2709.27835051546
2672,2727.83505154639,3764.50824742268,0.0,3810.55670103093,1.45766104083537e-13,-7.64294306540785e-14,1.10126844759144e-29,0.0,7119.9333,2727.83505154639
2673,2771.13402061856,2125.47927835052,0.0,3810.55670103093,-9.2527212193689e-14,-7.64294306540785e-14,-2.6508509194675297e-30,0.0,8872.390965,2771.13402061856
2674,2789.69072164948,5775.14257731959,0.0,3810.55670103093,-5.02886807929879e-14,-7.64294306540785e-14,-2.3549391618657898e-30,0.0,13633.99602,2789.69072164948
2675,2672.16494845361,5521.80835051546,0.0,3810.55670103093,1.90505098814342e-14,-7.64294306540785e-14,-8.938599210179621e-31,0.0,18186.727005,2672.16494845361
2676,2734.0206185567,8190.97268041237,0.0,3810.55670103093,-1.7700427499509099e-13,-7.64294306540785e-14,-3.2426744346710094e-30,0.0,24940.18398,2734.0206185567
2677,2734.0206185567,4300.39268041237,0.0,3810.55670103093,-1.7700427499509099e-13,-7.64294306540785e-14,-3.2426744346710094e-30,0.0,28485.857745,2734.0206185567
2678,2870.10309278351,5386.87020618557,0.0,3810.55670103093,-2.04104934268812e-13,0.0,1.10156264414645e-30,0.0,32927.33223,2870.10309278351
2679,2696.90721649485,3097.45608247423,0.0,3810.55670103093,2.437934965218e-13,0.0,-1.5864196724179897e-30,0.0,35481.18477,2696.9072164948507
2680,2622.68041237113,0.0,0.0,3679.83958762887,7.48393709189958e-14,0.0,-2.77006670282495e-30,0.0,35481.18477,2622.68041237113
2681,2641.23711340206,0.0,0.0,7.33088659793793,1.17077902319697e-13,2937.81306709659,3.0352496168403298e-30,0.0,32115.99225328,2641.23711340206
2682,420.222,0.0,0.0,-7.475724160666341e-14,2344.08323024055,4233.95189003436,4.6910179261488904e-14,0.0,24581.0150250155,2764.3052302405504
2683,0.0,0.0,0.0,0.0,2907.21649484536,4233.95189003436,-1.58544792414891e-13,0.0,16400.9825108348,2907.21649484536
2684,0.0,0.0,0.0,0.0,2769.75945017182,0.0,1.0377049353443801e-14,0.0,13228.2912735246,2769.75945017182
2685,0.0,0.0,0.0,0.0,2756.01374570447,0.0,-1.31528541399276e-13,0.0,10071.3454021563,2756.01374570447
2686,0.0,0.0,0.0,0.0,2810.99656357388,0.0,3.90993842877199e-14,0.0,6851.41806702015,2810.99656357388
2687,0.0,0.0,0.0,0.0,2838.48797250859,0.0,-7.408387153072381e-14,0.0,3600.0,2838.48797250859
2688,0.0,0.0,0.0,0.0,0.0,0.0,2376.0,0.0,7200.0,2376.0
2689,0.0,0.0,0.0,0.0,0.0,0.0,2526.0,0.0,7200.0,2526.0
2690,0.0,0.0,0.0,0.0,1939.96783505155,0.0,760.40808,0.0,4977.81462193408,2700.3759150515502
2691,0.0,0.0,0.0,0.0,0.0,0.0,2532.0,0.0,4977.81462193408,2532.0
2692,0.0,0.0,0.0,0.0,0.0,0.0,2478.0,0.0,4977.81462193408,2478.0
2693,76.1457,0.0,0.0,0.0,0.0,0.0,2548.138671,0.0,4977.81462193408,2624.284371
2694,1589.616,0.0,0.0,0.0,1202.83216494845,0.0,-6.925867494631811e-14,0.0,3600.0,2792.44816494845
2695,2604.12371134021,1628.81628865979,0.0,0.0,3.26008395182947e-14,0.0,2.4434261016368497e-30,0.0,4942.95903,2604.12371134021
2696,2591.75257731959,5010.99742268041,0.0,0.0,1.72866763357259e-13,0.0,6.66844739709689e-30,0.0,9074.526405,2591.75257731959
2697,2579.38144329897,6935.50855670103,0.0,0.0,-1.92142147122071e-13,0.0,8.645390415100429e-30,0.0,14792.85321,2579.38144329897
2698,2647.42268041237,3011.6406185567,0.0,3810.55670103093,-2.05692476758932e-13,0.0,1.08175089545092e-29,0.0,17275.9509,2647.42268041237
2699,2517.52577319588,8119.52090918069,0.0,1880.27331762344,3.91263775445419e-15,0.0,-2.46041953736201e-32,0.0,23970.4958896195,2517.52577319588
2700,2536.0824742268,9574.8875257732,0.0,0.0,4.6151169155155304e-14,0.0,2.7130756222812103e-31,0.0,31864.9906546195,2536.0824742268
2701,2604.12371134021,9043.31628865979,0.0,0.0,3.26008395182947e-14,0.0,2.4434261016368497e-30,0.0,39321.2049346195,2604.12371134021
2702,2604.12371134021,7049.48628865979,0.0,0.0,3.26008395182947e-14,0.0,2.4434261016368497e-30,0.0,45133.5063796195,2604.12371134021
2703,2560.82474226804,7289.79525773196,0.0,0.0,-2.34380678522772e-13,0.0,-1.9197544152819e-29,0.0,51143.9425696195,2560.82474226804
2704,2517.52577319588,1781.80422680412,0.0,0.0,3.91263775445419e-15,0.0,-2.46041953736201e-32,0.0,52613.0401546195,2517.52577319588
2705,2216.946,0.0,0.0,0.0,313.358969072165,0.0,-7.6288149680576e-15,0.0,52254.0951728644,2530.304969072165
2706,367.113,0.0,0.0,0.0,2313.74615120275,0.0,-1.95978795589719e-13,0.0,49603.7559389552,2680.8591512027497
2707,0.0,0.0,0.0,0.0,2646.04810996564,4233.95189003436,-7.57899554493846e-14,0.0,41722.8853776723,2646.04810996564
2708,0.0,0.0,0.0,0.0,2639.17525773196,4233.95189003436,-1.46742750825744e-13,0.0,33849.8874993603,2639.17525773196
2709,0.0,0.0,0.0,0.0,2659.79381443299,4233.95189003436,6.61156353033352e-14,0.0,25953.2715721354,2659.79381443299
2710,0.0,0.0,0.0,0.0,2591.06529209622,0.0,1.50576556187503e-13,0.0,22985.270092071,2591.06529209622
2711,0.0,0.0,0.0,0.0,2577.31958762887,0.0,8.670965434782951e-15,0.0,20033.0139779486,2577.31958762887
2712,0.0,0.0,0.0,0.0,2570.44673539519,0.0,-6.22818299415769e-14,0.0,17088.6305467972,2570.44673539519
2713,0.0,0.0,0.0,0.0,2542.95532646048,0.0,5.09014258768667e-14,0.0,14175.7378475297,2542.95532646048
2714,0.0,0.0,0.0,0.0,2474.22680412371,0.0,1.35362346761034e-13,0.0,11341.5719779722,2474.22680412371
2715,0.0,0.0,0.0,0.0,2432.98969072165,0.0,1.06640011826758e-13,0.0,8554.64220624068,2432.98969072165
2716,0.0,0.0,0.0,0.0,2412.37113402062,0.0,-1.06218374302322e-13,0.0,5791.3304834221,2412.37113402062
2717,573.117,0.0,0.0,0.0,1913.03151202749,0.0,-1.6383283153183e-14,0.0,3600.0,2486.14851202749
2718,2387.62886597938,2.9663957157948497e-13,1.58107779306979e-13,880.631134020619,2.1351775226784e-13,0.0,1.52091778870695e-31,0.0,3600.0,2387.62886597938
2719,2257.73195876289,1011.53134020618,0.0,3810.55670103093,-8.21519675370675e-14,0.0,3.59011403772205e-30,0.0,4434.00759,2257.73195876289
2720,2381.44329896907,4185.66,0.0,3810.55670103093,3.10132970281752e-14,0.0,1.14056328787246e-30,0.0,7885.08426,2381.44329896907
2721,2375.25773195876,2828.25556701031,0.0,3810.55670103093,-1.5149115821149e-13,0.0,2.12903479687423e-30,0.0,10216.980975,2375.25773195876
2722,2387.62886597938,8421.74443298969,0.0,3810.55670103093,2.1351775226784e-13,0.0,1.52091778870695e-31,0.0,17160.70926,2387.62886597938
2723,2406.18556701031,9138.81773195876,0.0,3810.55670103093,-2.49518550649752e-13,0.0,-7.309479303047609e-30,0.0,24695.66448,2406.1855670103096
2724,2424.74226804124,9089.4960829567,1.81898940354586e-12,3654.30164900206,-2.07280019249051e-13,0.0,-1.5041629833823198e-30,0.0,32189.9540003978,2424.74226804124
2725,2480.41237113402,7965.67762886598,0.0,0.0,-8.0564425046948e-14,0.0,4.8929768514864396e-30,0.0,38757.6552053978,2480.41237113402
2726,2468.0412371134,7089.3287628866,0.0,0.0,5.97014987920158e-14,0.0,-1.90081097718061e-30,0.0,44602.8067703978,2468.0412371134
2727,2498.96907216495,4930.14092783505,0.0,0.0,-3.83258936462469e-14,0.0,-3.20515952975361e-31,0.0,48667.7079653978,2498.96907216495
2728,2474.22680412371,4030.04319587629,0.0,0.0,2.42205954031681e-13,0.0,-1.39080916103095e-29,0.0,51990.4785803978,2474.2268041237103
2729,1732.23,0.0,0.0,0.0,769.458075601375,0.0,-1.8755738161499802e-14,0.0,51109.0833047949,2501.688075601375
2730,170.505,0.0,0.0,-7.475724160666341e-14,2504.70807560137,4233.95189003436,-1.59259790998332e-13,0.0,43390.1142719933,2675.2130756013703
2731,0.0,0.0,0.0,0.0,2721.64948453608,4233.95189003436,-8.92980809571922e-14,0.0,35422.6441980295,2721.64948453608
2732,0.0,0.0,0.0,0.0,2694.15807560137,4233.95189003436,2.3885174861251402e-14,0.0,27486.6648559496,2694.15807560137
2733,0.0,0.0,0.0,0.0,2790.37800687285,4233.95189003436,-1.7375900184136e-13,0.0,19440.4679522758,2790.37800687285
2734,0.0,0.0,0.0,0.0,2721.64948453608,4233.95189003436,-8.92980809571922e-14,0.0,11472.9978783119,2721.64948453608
2735,0.0,0.0,0.0,0.0,2639.17525773196,4233.95189003436,-1.46742750825744e-13,0.0,3600.0,2639.17525773196
2736,0.0,0.0,0.0,0.0,0.0,0.0,2268.0,0.0,7200.0,2268.0
2737,0.0,0.0,0.0,0.0,0.0,0.0,2226.0,0.0,7200.0,2226.0
2738,0.0,0.0,0.0,0.0,0.0,0.0,2172.0,9840.09923793766,15313.1618216796,2172.0
2739,0.0,0.0,0.0,0.0,0.0,0.0,2058.0,0.0,15313.1618216796,2058.0
2740,0.0,0.0,0.0,0.0,0.0,0.0,2154.0,0.0,15313.1618216796,2154.0
2741,615.465,0.0,0.0,0.0,0.0,0.0,1526.99895,0.0,15313.1618216796,2142.46395
2742,2294.84536082474,918.214639175258,0.0,0.0,2.3250952643346703e-15,0.0,4.98841313778767e-32,0.0,16070.2297916796,2294.84536082474
2743,2362.88659793814,2781.63340206186,0.0,0.0,-1.12252343725259e-14,0.0,-5.32699610245165e-31,0.0,18363.6865316796,2362.88659793814
2744,2338.14432989691,3323.78567010309,0.0,0.0,-2.35968221012892e-13,0.0,1.25560204057978e-29,0.0,21104.1478166796,2338.1443298969098
2745,2338.14432989691,8075.18567010309,0.0,0.0,-2.35968221012892e-13,0.0,1.25560204057978e-29,0.0,27762.1384016796,2338.1443298969098
2746,2369.07216494845,7499.66783505155,0.0,0.0,1.71279220867139e-13,0.0,-5.653224540794589e-30,0.0,33945.6145316796,2369.07216494845
2747,2263.9175257732,1424.7924742268,0.0,0.0,1.0035248770259699e-13,0.0,2.6016425287202897e-30,0.0,35120.3559266796,2263.9175257732
2748,2214.723,0.0,0.0,0.0,27.1691752577321,0.0,4.35507941279191e-16,0.0,35089.2343055367,2241.892175257732
2749,2307.21649484536,7714.46350515464,0.0,0.0,-1.37940828574629e-13,0.0,-4.30837425345009e-32,0.0,41449.8094655367,2307.21649484536
2750,2319.58762886598,4212.04237113402,0.0,0.0,2.27068081904701e-13,0.0,-2.02002676053804e-30,0.0,44922.6384005367,2319.58762886598
2751,2356.70103092784,2013.99896907216,0.0,0.0,-1.93729689612191e-13,0.0,-3.67628152279106e-30,0.0,46583.1805505367,2356.70103092784
2752,1877.391,0.0,0.0,0.0,505.07529209622,0.0,-1.13241411055465e-14,0.0,46004.6292422936,2382.46629209622
2753,902.256,0.0,0.0,0.0,1657.28714776632,0.0,8.29794671158025e-14,0.0,44106.247629732,2559.54314776632
2754,67.2072,0.0,0.0,0.0,2530.13632989691,0.0,1.50923071959669e-13,0.0,41208.0387753254,2597.34352989691
2755,0.0,0.0,0.0,0.0,2721.64948453608,0.0,-8.92980809571922e-14,0.0,38090.4563188122,2721.64948453608
2756,0.0,0.0,0.0,0.0,2865.9793814433,0.0,-1.87267127349167e-13,0.0,34807.5475199081,2865.9793814433
2757,0.0,0.0,0.0,0.0,2797.25085910653,0.0,-1.02806206465e-13,0.0,31603.3655507139,2797.25085910653
2758,0.0,0.0,0.0,0.0,2907.21649484536,0.0,-1.58544792414891e-13,0.0,28273.2206539838,2907.21649484536
2759,0.0,0.0,0.0,0.0,2941.58075601375,0.0,1.96219184466908e-13,0.0,24903.7123423987,2941.58075601375
2760,0.0,0.0,0.0,0.0,2797.25085910653,0.0,-1.02806206465e-13,0.0,21699.5303732045,2797.25085910653
2761,0.0,0.0,0.0,0.0,2872.85223367698,0.0,-1.16314331972808e-13,0.0,18408.7488913294,2872.85223367698
2762,0.0,0.0,0.0,0.0,2790.37800687285,0.0,-1.7375900184136e-13,0.0,15212.4396051062,2790.37800687285
2763,0.0,0.0,0.0,0.0,2762.88659793814,0.0,-6.057574602291611e-14,0.0,12047.621050767,2762.88659793814
2764,0.0,0.0,0.0,0.0,2529.20962199313,0.0,-9.10041648758531e-14,0.0,9150.47371744153,2529.20962199313
2765,27.63126,0.0,0.0,0.0,2477.8896652921,0.0,-1.37934304573242e-13,0.0,6312.11213062356,2505.5209252921
2766,287.6502,0.0,0.0,0.0,2367.67389003436,0.0,8.24223780605038e-14,0.0,3600.0,2655.32409003436
2767,2585.56701030928,4411.36298969072,0.0,0.0,-9.637691882406331e-15,0.0,-6.07187936996662e-31,0.0,7237.168785,2585.56701030928
2768,2635.05154639175,275.242060052428,0.0,260.166393555819,-6.54265529199679e-14,0.0,4.0237211258421e-30,0.0,7464.10586351323,2635.05154639175
2769,2529.8969072165,4049.1030927835,0.0,0.0,-1.3635328608451e-13,0.0,-9.7590300528972e-30,0.0,10802.5913635132,2529.8969072165
2770,2647.42268041237,2004.58731958763,0.0,0.0,-2.05692476758932e-13,0.0,1.08175089545092e-29,0.0,12455.3736085132,2647.42268041237
2771,2517.52577319588,3526.45422680412,0.0,0.0,3.91263775445419e-15,0.0,-2.46041953736201e-32,0.0,15362.9351185132,2517.52577319588
2772,2622.68041237113,634.539587628866,0.0,0.0,7.48393709189958e-14,0.0,-2.77006670282495e-30,0.0,15886.1130085132,2622.68041237113
2773,2517.52577319588,955.424226804123,0.0,0.0,3.91263775445419e-15,0.0,-2.46041953736201e-32,0.0,16673.8602835132,2517.52577319588
2774,2585.56701030928,5537.26298969072,0.0,0.0,-9.637691882406331e-15,0.0,-6.07187936996662e-31,0.0,21239.3336185132,2585.56701030928
2775,2604.12371134021,2481.74628865979,0.0,0.0,3.26008395182947e-14,0.0,2.4434261016368497e-30,0.0,23285.5334335132,2604.12371134021
2776,2554.63917525773,2545.36082474227,0.0,0.0,8.83897005558564e-14,0.0,-4.94218524223368e-30,0.0,25384.1834335132,2554.63917525773
2777,103.8153,0.0,0.0,0.0,2647.53626460481,0.0,6.42748721173177e-14,0.0,22351.4958451916,2751.3515646048104
2778,7.1559,0.0,0.0,0.0,2734.31704123711,0.0,-6.33549798556794e-14,0.0,19219.4030144503,2741.4729412371103
2779,0.0,0.0,0.0,0.0,2742.26804123711,0.0,1.23560305171887e-13,0.0,16078.2025090241,2742.26804123711
2780,0.0,0.0,0.0,0.0,2756.01374570447,0.0,-1.31528541399276e-13,0.0,12921.2566376558,2756.01374570447
2781,0.0,0.0,0.0,0.0,2659.79381443299,0.0,6.61156353033352e-14,0.0,9874.5283278815,2659.79381443299
2782,0.0,0.0,0.0,0.0,2756.01374570447,0.0,-1.31528541399276e-13,0.0,6717.58245651327,2756.01374570447
2783,0.0,0.0,0.0,0.0,2721.64948453608,0.0,-8.92980809571922e-14,0.0,3600.0,2721.64948453608
2784,0.0,0.0,0.0,0.0,0.0,0.0,2358.0,0.0,7200.0,2358.0
2785,0.0,0.0,0.0,0.0,0.0,0.0,2436.0,0.0,7200.0,2436.0
2786,0.0,0.0,0.0,0.0,0.0,0.0,2370.0,0.0,7200.0,2370.0
2787,0.0,0.0,0.0,0.0,0.0,0.0,2346.0,0.0,7200.0,2346.0
2788,0.0,0.0,0.0,0.0,0.0,0.0,2148.0,0.0,7200.0,2148.0
2789,34.3242,0.0,0.0,0.0,0.0,0.0,2072.705526,0.0,7200.0,2107.029726
2790,309.822,0.0,0.0,0.0,872.729518900344,0.0,1037.57979,0.0,6200.30982943832,2220.1313089003443
2791,1119.588,0.0,0.0,0.0,1257.73154639175,0.0,1.0973116573462802e-15,0.0,4759.60931810756,2377.31954639175
2792,1375.578,0.0,0.0,0.0,842.714020618557,0.0,4.07189198281418e-14,0.0,3794.30116161437,2218.292020618557
2793,2055.585,0.0,0.0,0.0,169.624914089347,0.0,7.40674173387629e-15,0.0,3600.0,2225.209914089347
2794,2319.58762886598,1973.80237113402,0.0,0.0,2.27068081904701e-13,0.0,-2.02002676053804e-30,0.0,5227.400055,2319.58762886598
2795,2270.10309278351,1527.71690721649,0.0,0.0,-2.22417891376031e-13,0.0,1.03839018663891e-29,0.0,6487.002645,2270.10309278351
2796,2263.9175257732,4299.0624742268,0.0,0.0,1.0035248770259699e-13,0.0,2.6016425287202897e-30,0.0,10031.579655,2263.9175257732
2797,2251.54639175258,3351.61360824742,0.0,0.0,2.40618411541561e-13,0.0,1.78454729483074e-29,0.0,12794.985075,2251.5463917525803
2798,2251.54639175258,3449.59360824742,0.0,0.0,2.40618411541561e-13,0.0,1.78454729483074e-29,0.0,15639.175005,2251.5463917525803
2799,2276.28865979381,3076.61134020619,0.0,0.0,-3.99134361363664e-14,0.0,-1.6233787667397498e-30,0.0,18175.841055,2276.28865979381
2800,2288.65979381443,2714.89020618557,0.0,0.0,-1.8017935997533e-13,0.0,-5.8484000621997896e-30,0.0,20414.26803,2288.65979381443
2801,2171.13402061856,246.919979381443,0.0,0.0,-1.10840169300908e-13,0.0,-4.3873208213519595e-30,0.0,20617.853553,2171.13402061856
2802,581.838,0.0,0.0,0.0,1765.88446735395,0.0,-3.36976944706287e-14,0.0,18595.0763853552,2347.72246735395
2803,0.0,0.0,0.0,0.0,2432.98969072165,0.0,1.06640011826758e-13,0.0,15808.1466136236,2432.98969072165
2804,0.0,0.0,0.0,0.0,2364.26116838488,0.0,1.91100932710926e-13,0.0,13099.943671602,2364.26116838488
2805,0.0,0.0,0.0,0.0,2508.5910652921,0.0,9.31318863189505e-14,0.0,10226.4143871895,2508.5910652921
2806,0.0,0.0,0.0,0.0,2735.39518900344,0.0,5.26075097955275e-14,0.0,7093.08656473424,2735.39518900344
2807,0.0,0.0,0.0,0.0,562.157643177936,0.0,1861.23637750566,0.0,6449.14882913523,2423.394020683596
2808,0.0,0.0,0.0,0.0,0.0,0.0,2322.0,0.0,6449.14882913523,2322.0
2809,0.0,0.0,0.0,0.0,0.0,0.0,2454.0,0.0,6449.14882913523,2454.0
2810,0.0,0.0,0.0,0.0,0.0,0.0,2310.0,0.0,6449.14882913523,2310.0
2811,0.0,0.0,0.0,0.0,0.0,0.0,2328.0,0.0,6449.14882913523,2328.0
2812,0.0,0.0,0.0,0.0,0.0,0.0,2262.0,0.0,6449.14882913523,2262.0
2813,192.3516,0.0,0.0,0.0,2487.30692783505,0.0,-1.62473933102385e-13,0.0,3600.0,2679.65852783505
2814,2393.81443298969,344.978198743363,-1.70530256582424e-13,496.227368266946,-1.09252626810789e-13,0.0,-3.0844580075875697e-30,0.0,3884.4345248639,2393.81443298969
2815,2492.78350515464,0.0,0.0,3587.07649484536,-2.20830348885912e-13,248.311340206188,6.679555560264071e-31,0.0,3600.0,2492.78350515464
2816,2542.26804123711,4437.99525773196,0.0,3810.55670103093,2.2865562439482e-13,-7.64294306540785e-14,1.0301645177353399e-29,0.0,7259.12709,2542.2680412371105
2817,2529.8969072165,6220.33639175258,0.0,3810.55670103093,-1.3635328608451e-13,-7.64294306540785e-14,-9.7590300528972e-30,0.0,12387.794445,2529.8969072165
2818,2498.96907216495,5189.71422680412,0.0,3810.55670103093,-3.83258936462469e-14,-7.64294306540785e-14,-3.20515952975361e-31,0.0,16666.713825,2498.96907216495
2819,2610.30927835052,6951.24402061856,0.0,3810.55670103093,2.1510529475795998e-13,-7.64294306540785e-14,-9.563854531492008e-30,0.0,22398.01452,2610.30927835052
2820,2597.9381443299,5913.58515463918,0.0,3810.55670103093,-1.4990361572137e-13,-7.64294306540785e-14,-7.58691151348847e-30,0.0,27273.76548,2597.9381443299
2821,2567.01030927835,6690.10298969072,0.0,3810.55670103093,-5.18762232831074e-14,0.0,1.85160258643337e-30,0.0,32789.755395,2567.01030927835
2822,2690.72164948454,2975.51164948454,0.0,3810.55670103093,6.128904128213531e-14,0.0,-5.9794816341622105e-31,0.0,35243.06475,2690.72164948454
2823,2511.34020618557,0.0,0.0,3121.39979381443,-1.78591817485211e-13,0.0,6.473271875691689e-30,0.0,35243.06475,2511.34020618557
2824,2437.11340206186,0.0,0.0,1472.45659793814,1.57728891230278e-13,0.0,-3.4811060013858595e-30,0.0,35243.06475,2437.11340206186
2825,2102.223,0.0,0.0,0.0,365.227594501718,0.0,-5.888218633562091e-15,0.0,34824.7055352214,2467.450594501718
2826,805.326,0.0,0.0,0.0,1751.24144329897,4233.95189003436,9.47729262765579e-15,0.0,27968.8139735566,2556.56744329897
2827,0.0,0.0,0.0,0.0,2666.66666666667,4233.95189003436,1.37068430679695e-13,0.0,20064.3253633607,2666.66666666667
2828,0.0,0.0,0.0,0.0,2735.39518900344,3115.62408345103,5.26075097955275e-14,0.0,13362.1268840314,2735.39518900344
2829,0.0,0.0,0.0,0.0,2673.53951890034,0.0,-1.88973211267828e-13,0.0,10299.6532083151,2673.53951890034
2830,0.0,0.0,0.0,0.0,2900.34364261168,0.0,1.67496849532632e-13,0.0,6977.38099455604,2900.34364261168
2831,0.0,0.0,0.0,0.0,2948.45360824742,0.0,-1.29822457480615e-13,0.0,3600.0,2948.45360824742
2832,0.0,0.0,0.0,0.0,0.0,0.0,2460.0,0.0,7200.0,2460.0
2833,0.0,0.0,0.0,0.0,0.0,0.0,2508.0,0.0,7200.0,2508.0
2834,0.0,0.0,0.0,0.0,0.0,0.0,2490.0,0.0,7200.0,2490.0
2835,0.0,0.0,0.0,0.0,0.0,0.0,2592.0,0.0,7200.0,2592.0
2836,0.0,0.0,0.0,0.0,1146.1406185567,0.0,1423.41924,0.0,5887.12414827411,2569.5598585567
2837,782.388,0.0,0.0,0.0,1996.6593814433,0.0,4.2427678048972205e-14,0.0,3600.0,2779.0473814433
2838,2610.30927835052,130.913721649485,0.0,0.0,2.1510529475795998e-13,0.0,-9.563854531492008e-30,0.0,3707.9383635,2610.30927835052
2839,2597.9381443299,2012.2818556701,0.0,0.0,-1.4990361572137e-13,0.0,-7.58691151348847e-30,0.0,5367.0647535,2597.9381443299
2840,2517.52577319588,1967.80095969607,-4.54747350886464e-13,1982.64326710805,3.91263775445419e-15,0.0,-2.46041953736201e-32,0.0,6989.51664476941,2517.52577319588
2841,2480.41237113402,4444.33762886598,0.0,0.0,-8.0564425046948e-14,0.0,4.8929768514864396e-30,0.0,10653.8730197694,2480.41237113402
2842,2628.86597938144,8699.16402061855,0.0,0.0,-2.47931008159633e-13,0.0,5.01219263484387e-30,0.0,17826.3337547694,2628.8659793814395
2843,2511.34020618557,6426.88979381443,0.0,0.0,-1.78591817485211e-13,0.0,6.473271875691689e-30,0.0,23125.3043897694,2511.34020618557
2844,2424.74226804124,8563.77773195876,0.0,0.0,-2.07280019249051e-13,0.0,-1.5041629833823198e-30,0.0,30186.1391297694,2424.74226804124
2845,2468.0412371134,4967.1887628866,0.0,0.0,5.97014987920158e-14,0.0,-1.90081097718061e-30,0.0,34281.5862647694,2468.0412371134
2846,2573.19587628866,4984.64412371134,0.0,0.0,1.30628231956557e-13,0.0,8.631310774316031e-31,0.0,38391.4253447694,2573.19587628866
2847,2511.34020618557,3849.55979381443,0.0,0.0,-1.78591817485211e-13,0.0,6.473271875691689e-30,0.0,41565.3873947694,2511.34020618557
2848,2449.48453608247,1236.40546391753,0.0,0.0,1.74629673913147e-14,0.0,5.5797954624942105e-31,0.0,42584.8036997694,2449.48453608247
2849,2369.07216494845,187.164835051547,0.0,0.0,1.71279220867139e-13,0.0,-5.653224540794589e-30,0.0,42739.1211062694,2369.07216494845
2850,165.5643,0.0,0.0,0.0,2565.18056013746,0.0,4.91219164191702e-14,0.0,39800.7699491818,2730.74486013746
2851,97.0071,0.0,0.0,0.0,2682.59234020619,0.0,6.29729021643154e-14,0.0,36727.92648961,2779.5994402061897
2852,0.0,0.0,0.0,0.0,2824.74226804124,0.0,1.8100497504044e-13,0.0,33492.2537885319,2824.74226804124
2853,0.0,0.0,0.0,0.0,2707.90378006873,0.0,1.65790765613971e-13,0.0,30390.4166979606,2707.90378006873
2854,0.0,0.0,0.0,0.0,2852.23367697594,0.0,6.782171922199599e-14,0.0,27123.2532649984,2852.23367697594
2855,0.0,0.0,0.0,0.0,2831.61512027491,0.0,-1.45036666907084e-13,0.0,23879.7078809493,2831.61512027491
2856,0.0,0.0,0.0,0.0,2728.52233676976,0.0,-1.8345285580832402e-14,0.0,20754.252741465,2728.52233676976
2857,0.0,0.0,0.0,0.0,2886.59793814433,0.0,2.5591258779912202e-14,0.0,17447.7258936479,2886.59793814433
2858,0.0,0.0,0.0,0.0,2783.50515463918,0.0,1.52282640106164e-13,0.0,14259.2892903957,2783.50515463918
2859,0.0,0.0,0.0,0.0,2762.88659793814,0.0,-6.057574602291611e-14,0.0,11094.4707360565,2762.88659793814
2860,0.0,0.0,0.0,0.0,2570.44673539519,0.0,-6.22818299415769e-14,0.0,8150.08730490507,2570.44673539519
2861,17.29092,0.0,0.0,0.0,2812.40298694158,0.0,1.23684889862371e-13,0.0,4928.5489464382,2829.69390694158
2862,1486.056,0.0,0.0,0.0,1159.82323024055,0.0,6.27690312708761e-14,0.0,3600.0,2645.87923024055
2863,2542.26804123711,509.356957423145,-1.70530256582424e-13,2094.54500133974,2.2865562439482e-13,0.0,1.0301645177353399e-29,0.0,4019.96481139538,2542.2680412371105
2864,2517.52577319588,481.467525773196,0.0,3810.55670103093,3.91263775445419e-15,0.0,-2.46041953736201e-32,0.0,4416.93478639538,2517.52577319588
2865,2597.9381443299,3001.69515463917,0.0,3810.55670103093,-1.4990361572137e-13,0.0,-7.58691151348847e-30,0.0,6891.83244139538,2597.9381443299
2866,2542.26804123711,4161.63525773196,0.0,3810.55670103093,2.2865562439482e-13,0.0,1.0301645177353399e-29,0.0,10323.1007113954,2542.2680412371105
2867,2369.07216494845,6515.05113402062,0.0,3810.55670103093,1.71279220867139e-13,0.0,-5.653224540794589e-30,0.0,15694.7603713954,2369.07216494845
2868,2616.49484536082,5084.57845360825,0.0,3810.55670103093,-1.07665084320669e-13,0.0,-1.78159519382318e-30,0.0,19886.9953063954,2616.49484536082
2869,2461.85567010309,4310.26762886598,0.0,3810.55670103093,-1.22802956447649e-13,0.0,1.01064696559482e-29,0.0,23440.8109663954,2461.85567010309
2870,2536.0824742268,911.080824742267,0.0,3810.55670103093,4.6151169155155304e-14,0.0,2.7130756222812103e-31,0.0,24191.9971063954,2536.0824742268
2871,1628.898,0.0,0.0,0.0,849.907147766323,0.0,4.31191209809013e-14,0.0,23218.4493999047,2478.805147766323
2872,2430.92783505155,0.0,0.0,1786.89216494845,-2.47755640093864e-14,0.0,2.6206778864767996e-31,0.0,23218.4493999047,2430.92783505155
2873,1075.44,0.0,0.0,0.0,1457.98762886598,0.0,8.85371556138388e-14,0.0,21548.3604779506,2533.4276288659803
2874,13.43709,0.0,0.0,0.0,2583.0080443299,0.0,1.94672736676313e-13,0.0,18589.5883767709,2596.4451343299
2875,0.0,0.0,0.0,0.0,2536.0824742268,0.0,-2.00513694994932e-14,0.0,15684.5683604744,2536.0824742268
2876,0.0,0.0,0.0,0.0,2659.79381443299,0.0,6.61156353033352e-14,0.0,12637.8400507001,2659.79381443299
2877,0.0,0.0,0.0,0.0,2680.41237113402,0.0,-1.18020415891468e-13,0.0,9567.49369201277,2680.41237113402
2878,0.0,0.0,0.0,0.0,2611.68384879725,0.0,-3.35594950073008e-14,0.0,6575.87416303539,2611.68384879725
2879,0.0,0.0,0.0,0.0,2597.9381443299,0.0,-1.7546508576002099e-13,0.0,3600.0,2597.9381443299
2880,0.0,0.0,0.0,0.0,0.0,0.0,2172.0,0.0,7200.0,2172.0
2881,0.0,0.0,0.0,0.0,0.0,0.0,2136.0,0.0,7200.0,2136.0
2882,0.0,0.0,0.0,0.0,0.0,0.0,2118.0,0.0,7200.0,2118.0
2883,0.0,0.0,0.0,0.0,0.0,0.0,2082.0,0.0,7200.0,2082.0
2884,0.0,0.0,0.0,0.0,0.0,0.0,1992.0,0.0,7200.0,1992.0
2885,0.0,0.0,0.0,0.0,0.0,0.0,2040.0,0.0,7200.0,2040.0
2886,15.01347,0.0,0.0,0.0,0.0,0.0,2193.4369341,0.0,7200.0,2208.4504041
2887,62.3541,0.0,0.0,0.0,0.0,0.0,2171.516523,0.0,7200.0,2233.870623
2888,1401.996,0.0,0.0,0.0,0.0,0.0,860.06388,0.0,7200.0,2262.05988
2889,1036.422,0.0,0.0,0.0,0.0,0.0,1280.67066,0.0,7200.0,2317.0926600000003
2890,932.979,0.0,0.0,0.0,0.0,0.0,1309.01037,0.0,7200.0,2241.98937
2891,2251.54639175258,1164.28360824742,0.0,0.0,0.0,0.0,2.10059873275783e-13,0.0,8159.951835,2251.54639175258
2892,2226.80412371134,3277.14587628866,0.0,0.0,0.0,0.0,1.38592459387434e-14,0.0,10861.95861,2226.80412371134
2893,2381.44329896907,2820.07670103093,0.0,0.0,0.0,0.0,2.7074608305596998e-14,0.0,13187.11185,2381.44329896907
2894,0.0,3757.92,0.0,0.0,0.0,0.0,2232.0,0.0,16285.51689,2232.0
2895,2362.88659793814,2327.37340206186,0.0,0.0,0.0,0.0,-9.79962960721507e-15,0.0,18204.43626,2362.88659793814
2896,2276.28865979381,557.613340206186,0.0,0.0,0.0,0.0,-3.48444297470479e-14,0.0,18664.188459,2276.28865979381
2897,2381.44329896907,18.1787010309276,0.0,0.0,0.0,0.0,2.7074608305596998e-14,0.0,18679.176798,2381.44329896907
2898,399.906,0.0,0.0,0.0,0.0,0.0,1898.09118,0.0,18679.176798,2297.99718
2899,42.5679,0.0,0.0,0.0,0.0,0.0,2220.709137,0.0,18679.176798,2263.277037
2900,0.0,0.0,0.0,0.0,2625.4295532646,0.0,1.08346095745419e-13,0.0,15671.8119030806,2625.4295532646
2901,0.0,0.0,0.0,0.0,2646.04810996564,0.0,-7.57899554493846e-14,0.0,12640.8289592483,2646.04810996564
2902,0.0,0.0,0.0,0.0,2597.9381443299,0.0,-1.7546508576002099e-13,0.0,9664.9547962129,2597.9381443299
2903,0.0,0.0,0.0,0.0,401.234746715857,0.0,1815.72206611706,0.0,9205.35027534709,2216.956812832917
2904,0.0,0.0,0.0,0.0,2515.46391752577,0.0,1.6408468169530998e-13,0.0,6323.94830796361,2515.46391752577
2905,0.0,0.0,0.0,0.0,0.0,0.0,2190.0,0.0,6323.94830796361,2190.0
2906,0.0,0.0,0.0,0.0,0.0,0.0,2196.0,0.0,6323.94830796361,2196.0
2907,0.0,0.0,0.0,0.0,0.0,0.0,2148.0,0.0,6323.94830796361,2148.0
2908,0.0,0.0,0.0,0.0,0.0,0.0,2160.0,0.0,6323.94830796361,2160.0
2909,0.0,0.0,0.0,0.0,2378.00687285223,0.0,-6.39879138602378e-14,0.0,3600.0,2378.00687285223
2910,2245.36082474227,88.9151752577318,0.0,0.0,5.81139563018963e-14,0.0,-3.203673790945e-30,0.0,3673.310562,2245.36082474227
2911,2400.0,5080.35,0.0,0.0,7.32518284288763e-14,0.0,-4.07292951658934e-30,0.0,7862.059137,2400.0
2912,2325.77319587629,1865.2995908674,4.54747350886464e-13,3480.16721325631,-9.5702297173928e-14,0.0,-5.256576546996309e-30,0.0,9399.99864967017,2325.77319587629
2913,2319.58762886598,3672.94237113402,0.0,0.0,2.27068081904701e-13,0.0,-2.02002676053804e-30,0.0,12428.3396346702,2319.58762886598
2914,2375.25773195876,3822.02226804124,0.0,0.0,-1.5149115821149e-13,0.0,2.12903479687423e-30,0.0,15579.5969946702,2375.25773195876
2915,2406.18556701031,3804.95443298969,0.0,0.0,-2.49518550649752e-13,0.0,-7.309479303047609e-30,0.0,18716.7819246702,2406.1855670103096
2916,2276.28865979381,2847.65134020619,0.0,0.0,-3.99134361363664e-14,0.0,-1.6233787667397498e-30,0.0,21064.6704546702,2276.28865979381
2917,2331.9587628866,1512.6012371134,0.0,0.0,8.68021580657368e-14,0.0,4.77376106812902e-30,0.0,22311.8101746702,2331.9587628866
2918,1652.619,0.0,0.0,0.0,692.966288659794,0.0,9.871155073177451e-15,0.0,21518.0343571905,2345.585288659794
2919,2317.554,0.0,0.0,0.0,84.7338144329897,0.0,4.143767665768281e-15,0.0,21420.9738595582,2402.2878144329898
2920,2344.32989690722,3004.46010309278,0.0,0.0,-5.3463765773226904e-14,0.0,5.48739772668981e-31,0.0,23898.1512145582,2344.32989690722
2921,822.843,0.0,0.0,0.0,1697.41384879725,0.0,-2.8965028619203303e-15,0.0,21953.8054541948,2520.25684879725
2922,183.4431,0.0,0.0,0.0,2311.63825085911,0.0,1.50080194051688e-13,0.0,19305.8807682164,2495.08135085911
2923,12.4668,0.0,0.0,0.0,2645.94181443299,0.0,3.7896693453435e-14,0.0,16275.0195832989,2658.4086144329904
2924,0.0,0.0,0.0,0.0,2680.41237113402,0.0,-1.18020415891468e-13,0.0,13204.6732246116,2680.41237113402
2925,0.0,0.0,0.0,0.0,2762.88659793814,0.0,-6.057574602291611e-14,0.0,10039.8546702724,2762.88659793814
2926,0.0,0.0,0.0,0.0,2804.12371134021,0.0,-3.185341108864e-14,0.0,6827.80001810717,2804.12371134021
2927,0.0,0.0,0.0,0.0,2817.86941580756,0.0,1.1005217966408e-13,0.0,3600.0,2817.86941580756
2928,0.0,0.0,0.0,0.0,2756.01374570447,0.0,-1.31528541399276e-13,0.0,4043.05412863177,2756.01374570447
2929,0.0,0.0,0.0,0.0,0.0,0.0,2478.0,0.0,4043.05412863177,2478.0
2930,0.0,0.0,0.0,0.0,0.0,0.0,2448.0,0.0,4043.05412863177,2448.0
2931,0.0,0.0,0.0,0.0,0.0,0.0,2460.0,0.0,4043.05412863177,2460.0
2932,0.0,0.0,0.0,0.0,0.0,0.0,2370.0,0.0,4043.05412863177,2370.0
2933,15.8268,0.0,0.0,0.0,0.0,0.0,2522.648004,0.0,4043.05412863177,2538.474804
2934,160.9713,0.0,0.0,0.0,199.242130584192,0.0,2147.919459,0.0,3814.82717492708,2508.132889584192
2935,2435.334,0.0,0.0,0.0,187.54412371134,0.0,1.05933823912198e-14,0.0,3600.0,2622.87812371134
2936,2548.45360824742,3328.15639175258,0.0,0.0,-9.41147546838085e-14,0.0,-3.9537137332319194e-30,0.0,6344.064945,2548.45360824742
2937,2517.52577319588,6419.71422680412,0.0,0.0,3.91263775445419e-15,0.0,-2.46041953736201e-32,0.0,11637.119325,2517.52577319588
2938,2647.42268041237,11651.5373195876,0.0,0.0,-2.05692476758932e-13,0.0,1.08175089545092e-29,0.0,21243.811845,2647.42268041237
2939,2610.30927835052,12000.0,0.0,248.180721649482,2.1510529475795998e-13,0.0,-9.563854531492008e-30,0.0,31137.811845,2610.30927835052
2940,2554.63917525773,2322.28082474227,0.0,0.0,8.83897005558564e-14,0.0,-4.94218524223368e-30,0.0,33052.532385,2554.63917525773
2941,2369.07216494845,5454.17783505155,0.0,0.0,1.71279220867139e-13,0.0,-5.653224540794589e-30,0.0,37549.50201,2369.07216494845
2942,2537.13,0.0,0.0,0.0,26.3274914089347,0.0,-3.54689626275944e-16,0.0,37519.3445169772,2563.457491408935
2943,2616.49484536082,1281.01515463917,0.0,0.0,-1.07665084320669e-13,0.0,-1.78159519382318e-30,0.0,38575.5415119772,2616.49484536082
2944,2511.34020618557,874.549793814433,0.0,0.0,-1.78591817485211e-13,0.0,6.473271875691689e-30,0.0,39296.6078169772,2511.34020618557
2945,1343.853,0.0,0.0,0.0,1317.82656357388,0.0,-3.6312594596001704e-14,0.0,37787.0699434676,2661.67956357388
2946,785.643,0.0,0.0,0.0,1800.60285223368,0.0,-3.2044406502092104e-14,0.0,35724.5237209777,2586.24585223368
2947,69.927,0.0,0.0,0.0,2726.42704467354,0.0,8.44238937330629e-14,0.0,32601.4686869874,2796.35404467354
2948,0.0,0.0,0.0,0.0,2920.96219931271,0.0,-1.66392016621715e-14,0.0,29255.5784243153,2920.96219931271
2949,0.0,0.0,0.0,0.0,2859.10652920962,0.0,1.38774514598356e-13,0.0,25980.5423083822,2859.10652920962
2950,0.0,0.0,0.0,0.0,2975.94501718213,0.0,1.5398872402482399e-13,0.0,22571.6705819421,2975.94501718213
2951,0.0,0.0,0.0,0.0,2989.69072164948,0.0,-1.01100122546339e-13,0.0,19147.0534895601,2989.69072164948
2952,0.0,0.0,0.0,0.0,2859.10652920962,0.0,1.38774514598356e-13,0.0,15872.017373627,2859.10652920962
2953,0.0,0.0,0.0,0.0,2969.07216494845,0.0,8.303592864846451e-14,0.0,12471.018330158,2969.07216494845
2954,0.0,0.0,0.0,0.0,765.932404289786,0.0,1893.34101105502,0.0,11593.6616242132,2659.273415344806
2955,0.0,0.0,0.0,0.0,2900.34364261168,0.0,1.67496849532632e-13,0.0,8271.38941045414,2900.34364261168
2956,0.0,0.0,0.0,0.0,2673.53951890034,0.0,-1.88973211267828e-13,0.0,5208.91573473782,2673.53951890034
2957,1005.978,0.0,0.0,0.0,1404.58343642612,0.0,-9.368402331868331e-14,0.0,3600.0,2410.56143642612
2958,2239.17525773196,-1.72815346366007e-13,-2.81932004520457e-13,2006.24474226804,-1.24390498937769e-13,0.0,-2.21520228194323e-30,0.0,3600.0,2239.17525773196
2959,2245.36082474227,2034.6924742268,0.0,3810.55670103093,5.81139563018963e-14,0.0,-3.203673790945e-30,0.0,5277.603945,2245.36082474227
2960,2127.83505154639,5196.13824742268,0.0,3810.55670103093,1.27453146976318e-13,0.0,-1.7425945500971797e-30,0.0,9561.81993,2127.83505154639
2961,2251.54639175258,3255.53690721649,0.0,3810.55670103093,2.40618411541561e-13,0.0,1.78454729483074e-29,0.0,12246.01011,2251.5463917525803
2962,2400.0,5220.06071885198,0.0,2226.17928114802,7.32518284288763e-14,0.0,-4.07292951658934e-30,0.0,16549.9501726935,2400.0
2963,2567.01030927835,9701.81969072165,0.0,0.0,-5.18762232831074e-14,0.0,1.85160258643337e-30,0.0,24549.1005076935,2567.01030927835
2964,2665.9793814433,2993.9406185567,0.0,0.0,-1.63453945358231e-13,0.0,-5.41479297407974e-30,0.0,27017.6045476935,2665.9793814433
2965,2536.0824742268,666.567525773196,0.0,0.0,4.6151169155155304e-14,0.0,2.7130756222812103e-31,0.0,27567.1894726935,2536.0824742268
2966,2505.15463917526,2038.85536082474,0.0,0.0,1.44178561593418e-13,0.0,-1.3089874619771299e-30,0.0,29248.2257176935,2505.15463917526
2967,2110.923,0.0,0.0,0.0,561.746494845361,0.0,-3.67461678954488e-14,0.0,28604.7589423838,2672.6694948453605
2968,1266.768,0.0,0.0,0.0,1534.06075601375,0.0,5.6808970967625505e-15,0.0,26847.5301267896,2800.82875601375
2969,105.5496,0.0,0.0,0.0,2803.68486597938,0.0,9.77488043680441e-14,0.0,23635.9781611774,2909.23446597938
2970,0.0,0.0,0.0,0.0,2790.37800687285,0.0,-1.7375900184136e-13,0.0,20439.6688749542,2790.37800687285
2971,0.0,0.0,0.0,0.0,2927.83505154639,0.0,5.4313593714188305e-14,0.0,17085.9059293112,2927.83505154639
2972,0.0,0.0,0.0,0.0,2934.70790378007,0.0,1.25266389090548e-13,0.0,13724.2703006971,2934.70790378007
2973,0.0,0.0,0.0,0.0,2824.74226804124,0.0,1.8100497504044e-13,0.0,10488.597599619,2824.74226804124
2974,0.0,0.0,0.0,0.0,2920.96219931271,0.0,-1.66392016621715e-14,0.0,7142.70733694689,2920.96219931271
2975,0.0,0.0,0.0,0.0,3092.78350515464,0.0,1.69202933451293e-13,0.0,3600.0,3092.78350515464
2976,0.0,0.0,0.0,0.0,0.0,0.0,2508.0,0.0,7200.0,2508.0
2977,0.0,0.0,0.0,0.0,0.0,0.0,2556.0,0.0,7200.0,2556.0
2978,0.0,0.0,0.0,0.0,0.0,0.0,2634.0,12000.0,17094.0,2634.0
2979,0.0,0.0,0.0,0.0,0.0,0.0,2634.0,2854.34613138928,19447.4083853305,2634.0
2980,0.0,0.0,0.0,0.0,0.0,0.0,2448.0,12000.0,29341.4083853305,2448.0
2981,19.14498,0.0,0.0,0.0,0.0,0.0,2573.4293694,0.0,29341.4083853305,2592.5743494
2982,100.2654,0.0,0.0,0.0,2837.04760824742,0.0,1.29640383065506e-13,0.0,26091.6402200986,2937.31300824742
2983,211.3842,0.0,0.0,0.0,2899.14928522337,0.0,1.36117160716551e-13,0.0,22770.7361133135,3110.53348522337
2984,497.049,0.0,0.0,0.0,2506.14257731959,0.0,-1.77447136846852e-13,0.0,19900.0115115729,3003.19157731959
2985,719.34,0.0,0.0,0.0,0.0,0.0,1678.2402,0.0,19900.0115115729,2397.5802
2986,651.321,0.0,0.0,0.0,0.0,0.0,1996.21863,0.0,19900.0115115729,2647.53963
2987,2640.411,0.0,0.0,0.0,0.0,0.0,72.8013300000005,0.0,19900.0115115729,2713.2123300000007
2988,1135.377,0.0,0.0,0.0,1707.54216494845,0.0,-4.56247623415812e-14,0.0,17944.0640144956,2842.91916494845
2989,2622.68041237113,172.848587628866,0.0,0.0,0.0,0.0,6.533477081228341e-14,0.0,18086.5776749956,2622.68041237113
2990,2591.75257731959,2477.16742268041,0.0,0.0,0.0,0.0,1.50912684410887e-13,0.0,20129.0022149956,2591.75257731959
2991,2522.199,0.0,0.0,0.0,36.0446391752577,0.0,3.0340967767999e-15,0.0,20087.7139685177,2558.2436391752576
2992,2523.71134020619,4349.16865979382,0.0,0.0,1.86417092994119e-13,0.0,4.4963288576881596e-30,0.0,23673.6035285177,2523.71134020619
2993,2579.38144329897,852.55855670103,0.0,0.0,-1.92142147122071e-13,0.0,8.645390415100429e-30,0.0,24376.5380585176,2579.38144329897
2994,233.571,0.0,0.0,0.0,2434.63474226804,0.0,-1.45287098365777e-13,0.0,21587.7239207536,2668.20574226804
2995,87.6198,0.0,0.0,0.0,2686.14982130584,0.0,7.9804873502997e-14,0.0,18510.8054541948,2773.76962130584
2996,0.0,0.0,0.0,0.0,2817.86941580756,0.0,1.1005217966408e-13,0.0,15283.0054360876,2817.86941580756
2997,0.0,0.0,0.0,0.0,2804.12371134021,0.0,-3.185341108864e-14,0.0,12070.9507839224,2804.12371134021
2998,0.0,0.0,0.0,0.0,2852.23367697594,0.0,6.782171922199599e-14,0.0,8803.78735096027,2852.23367697594
2999,0.0,0.0,0.0,0.0,2900.34364261168,0.0,1.67496849532632e-13,0.0,5481.51513720118,2900.34364261168
3000,0.0,0.0,0.0,0.0,0.0,0.0,2442.0,0.0,5481.51513720118,2442.0
3001,0.0,0.0,0.0,0.0,0.0,0.0,2604.0,0.0,5481.51513720118,2604.0
3002,0.0,0.0,0.0,0.0,0.0,0.0,2454.0,0.0,5481.51513720118,2454.0
3003,0.0,0.0,0.0,0.0,0.0,0.0,2400.0,0.0,5481.51513720118,2400.0
3004,0.0,0.0,0.0,0.0,0.0,0.0,2238.0,0.0,5481.51513720118,2238.0
3005,1101.075,0.0,0.0,0.0,1642.56271477663,0.0,6.101008968742561e-15,0.0,3600.0,2743.6377147766298
3006,2579.38144329897,-2.66942507586702e-13,2.66942507586702e-13,1707.04855670103,-1.92142147122071e-13,0.0,8.645390415100429e-30,0.0,3600.0,2579.38144329897
3007,2635.05154639175,1654.15175257732,0.0,3810.55670103093,-6.54265529199679e-14,-7.64294306540785e-14,4.0237211258421e-30,0.0,4963.84812,2635.05154639175
3008,2542.26804123711,4779.00525773196,0.0,3810.55670103093,2.2865562439482e-13,-7.64294306540785e-14,1.0301645177353399e-29,0.0,8904.137955,2542.2680412371105
3009,2610.30927835052,6999.48402061856,0.0,3810.55670103093,2.1510529475795998e-13,-7.64294306540785e-14,-9.563854531492008e-30,0.0,14675.21253,2610.30927835052
3010,2622.68041237113,5844.53288659794,0.0,3810.55670103093,7.48393709189958e-14,-7.64294306540785e-14,-2.77006670282495e-30,0.0,19494.029895,2622.68041237113
3011,2641.23711340206,8834.04618556701,0.0,3810.55670103093,1.17077902319697e-13,-7.64294306540785e-14,3.0352496168403298e-30,0.0,26777.700975,2641.23711340206
3012,2573.19587628866,8964.72742268041,0.0,3810.55670103093,1.30628231956557e-13,-7.64294306540785e-14,8.631310774316031e-31,0.0,34169.118735,2573.19587628866
3013,2635.05154639175,2621.41175257732,0.0,3810.55670103093,-6.54265529199679e-14,-7.64294306540785e-14,4.0237211258421e-30,0.0,36330.472725,2635.05154639175
3014,2814.43298969072,6011.25030927835,0.0,3810.55670103093,1.74454305847378e-13,0.0,-3.0474989132658097e-30,0.0,41286.748605,2814.43298969072
3015,2696.90721649485,3734.74608247423,0.0,3810.55670103093,2.437934965218e-13,0.0,-1.5864196724179897e-30,0.0,44366.04675,2696.9072164948507
3016,2684.53608247423,611.037216494845,0.0,3810.55670103093,-1.2121541395753e-13,0.0,3.90523345585547e-31,0.0,44869.846935,2684.53608247423
3017,340.686,0.0,0.0,0.0,2673.00639175258,0.0,1.13432830047615e-13,0.0,41807.9839433017,3013.69239175258
3018,130.1226,0.0,0.0,0.0,2783.25438487972,4233.95189003436,8.861756552548121e-14,0.0,33769.9469731825,2913.37698487972
3019,90.6897000000001,0.0,0.0,-7.475724160666341e-14,2723.9759347079,4233.95189003436,-4.7109410866356705e-15,0.0,25799.812007842,2814.6656347079
3020,0.0,0.0,0.0,0.0,2962.19931271478,4233.95189003436,1.20831332721046e-14,0.0,17556.7980298934,2962.19931271478
3021,0.0,0.0,0.0,0.0,2831.61512027491,3600.09224023438,-1.45036666907084e-13,0.0,10189.4356467212,2831.61512027491
3022,0.0,0.0,0.0,0.0,2886.59793814433,0.0,2.5591258779912202e-14,0.0,6882.90879890412,2886.59793814433
3023,0.0,0.0,0.0,0.0,2865.9793814433,0.0,-1.87267127349167e-13,0.0,3600.0,2865.9793814433
3024,0.0,0.0,0.0,0.0,2749.14089347079,0.0,1.94513100548247e-13,0.0,4050.92681160276,2749.14089347079
3025,0.0,0.0,0.0,0.0,0.0,0.0,2460.0,0.0,4050.92681160276,2460.0
3026,0.0,0.0,0.0,0.0,0.0,0.0,2430.0,0.0,4050.92681160276,2430.0
3027,0.0,0.0,0.0,0.0,0.0,0.0,2490.0,0.0,4050.92681160276,2490.0
3028,42.6906,0.0,0.0,0.0,0.0,0.0,2364.590118,0.0,4050.92681160276,2407.280718
3029,874.329,0.0,0.0,0.0,393.65910652921,0.0,1352.23647,0.0,3600.0,2620.22457652921
3030,2678.35051546392,2.80019707346115e-13,1.74727643540349e-13,1628.11948453608,2.01554965121099e-13,0.0,-7.39173599208328e-30,0.0,3600.0,2678.35051546392
3031,2777.31958762887,1542.03371134021,0.0,3810.55670103093,8.997724304597591e-14,-7.64294306540785e-14,-3.6393224284692894e-30,0.0,4871.406795,2777.31958762887
3032,2647.42268041237,4735.4106185567,0.0,3810.55670103093,-2.05692476758932e-13,-7.64294306540785e-14,1.08175089545092e-29,0.0,8775.75285,2647.42268041237
3033,2542.26804123711,7115.43525773196,0.0,3810.55670103093,2.2865562439482e-13,0.0,1.0301645177353399e-29,0.0,14642.42922,2542.2680412371105
3034,2628.86597938144,8447.89731958763,0.0,3810.55670103093,-2.47931008159633e-13,0.0,5.01219263484387e-30,0.0,21607.72056,2628.8659793814395
3035,2517.52577319588,7081.28752577319,0.0,3810.55670103093,3.91263775445419e-15,0.0,-2.46041953736201e-32,0.0,27446.242125,2517.52577319588
3036,2536.0824742268,12000.0,0.0,726.417525773195,4.6151169155155304e-14,0.0,2.7130756222812103e-31,0.0,37340.242125,2536.0824742268
3037,2529.8969072165,9977.61309278351,0.0,0.0,-1.3635328608451e-13,0.0,-9.7590300528972e-30,0.0,45566.78412,2529.8969072165
3038,2573.19587628866,7734.05412371134,0.0,0.0,1.30628231956557e-13,0.0,8.631310774316031e-31,0.0,51943.511745,2573.19587628866
3039,2505.15463917526,3932.99536082474,0.0,0.0,1.44178561593418e-13,0.0,-1.3089874619771299e-30,0.0,55186.26642,2505.15463917526
3040,2468.0412371134,755.518762886597,0.0,0.0,5.97014987920158e-14,0.0,-1.90081097718061e-30,0.0,55809.19164,2468.0412371134
3041,1685.337,0.0,0.0,0.0,821.561408934708,0.0,-3.6512017571271305e-14,0.0,54868.11327925,2506.898408934708
3042,911.886,0.0,0.0,0.0,1680.95140893471,0.0,1.2535663900576401e-14,0.0,52942.6248383168,2592.83740893471
3043,175.4136,0.0,0.0,0.0,2485.50837113402,4233.95189003436,6.85345262694419e-14,0.0,45245.6485941377,2660.92197113402
3044,0.0,0.0,0.0,0.0,2776.6323024055,4233.95189003436,8.13298447298036e-14,0.0,37215.1970564059,2776.6323024055
3045,0.0,0.0,0.0,0.0,2756.01374570447,4233.95189003436,-1.31528541399276e-13,0.0,29208.363567587,2756.01374570447
3046,0.0,0.0,0.0,0.0,2639.17525773196,1054.20101993304,-1.46742750825744e-13,0.0,24977.6920009605,2639.17525773196
3047,0.0,0.0,0.0,0.0,2707.90378006873,0.0,1.65790765613971e-13,0.0,21875.8549103892,2707.90378006873
3048,0.0,0.0,0.0,0.0,2646.04810996564,0.0,-7.57899554493846e-14,0.0,18844.8719665568,2646.04810996564
3049,0.0,0.0,0.0,0.0,2687.2852233677,0.0,-4.70676205151085e-14,0.0,15766.6529248985,2687.2852233677
3050,0.0,0.0,0.0,0.0,2707.90378006873,0.0,1.65790765613971e-13,0.0,12664.8158343273,2707.90378006873
3051,0.0,0.0,0.0,0.0,2666.66666666667,0.0,1.37068430679695e-13,0.0,9610.21484158194,2666.66666666667
3052,32.5743,0.0,0.0,0.0,2575.49018213058,0.0,1.27356774339181e-13,0.0,6660.05426640372,2608.06448213058
3053,63.7566,0.0,0.0,0.0,2671.42737457045,0.0,-9.89369877143346e-14,0.0,3600.0,2735.18397457045
3054,2418.55670103093,1.60450409848973e-13,-1.60450409848973e-13,1862.14329896907,1.15490359829577e-13,0.0,-9.28642232105115e-30,0.0,3600.0,2418.55670103093
3055,2461.85567010309,1679.41762886598,0.0,3810.55670103093,-1.22802956447649e-13,0.0,1.01064696559482e-29,0.0,4984.679835,2461.85567010309
3056,2492.78350515464,4631.26979381443,0.0,3810.55670103093,-2.20830348885912e-13,0.0,6.679555560264071e-31,0.0,8803.16178,2492.78350515464
3057,2486.59793814433,6916.61536082474,0.0,3810.55670103093,1.01940030192717e-13,0.0,3.90450534248468e-30,0.0,14505.911145,2486.59793814433
3058,2449.48453608247,8594.2787628866,0.0,3810.55670103093,1.74629673913147e-14,0.0,5.5797954624942105e-31,0.0,21591.893985,2449.48453608247
3059,2567.01030927835,9133.06298969072,0.0,3810.55670103093,-5.18762232831074e-14,0.0,1.85160258643337e-30,0.0,29122.10442,2567.01030927835
3060,2591.75257731959,9094.19072164948,0.0,3810.55670103093,1.72866763357259e-13,0.0,6.66844739709689e-30,0.0,36620.26467,2591.75257731959
3061,2672.16494845361,8075.19835051546,0.0,3810.55670103093,1.90505098814342e-14,0.0,-8.938599210179621e-31,0.0,43278.26571,2672.16494845361
3062,2690.72164948454,6359.03164948454,0.0,3810.55670103093,6.128904128213531e-14,0.0,-5.9794816341622105e-31,0.0,48521.287305,2690.72164948454
3063,2721.64948453608,3778.04381443299,0.0,3810.55670103093,-3.67383511561274e-14,0.0,9.82346860789029e-31,0.0,51636.28443,2721.64948453608
3064,2628.86597938144,682.487319587628,0.0,3810.55670103093,-2.47931008159633e-13,0.0,5.01219263484387e-30,0.0,52198.995225,2628.8659793814395
3065,2560.82474226804,0.0,0.0,1053.96525773196,-2.34380678522772e-13,665.055693967945,-1.9197544152819e-29,0.0,51437.1903063655,2560.82474226804
3066,968.349,0.0,0.0,-7.475724160666341e-14,1755.67178694158,4233.95189003436,6.860231811412661e-14,0.0,44576.2238951674,2724.02078694158
3067,224.7747,0.0,0.0,-7.475724160666341e-14,2678.08538487972,4233.95189003436,1.23446293871296e-13,0.0,36658.6554244754,2902.86008487972
3068,0.0,0.0,0.0,0.0,3017.18213058419,4233.95189003436,1.8271105895909998e-13,0.0,28352.6599827588,3017.18213058419
3069,0.0,0.0,0.0,0.0,3030.92783505155,4233.95189003436,-7.237778761206299e-14,0.0,20030.9191751003,3030.92783505155
3070,0.0,0.0,0.0,0.0,2989.69072164948,4233.95189003436,-1.01100122546339e-13,0.0,11756.4144652677,2989.69072164948
3071,0.0,0.0,0.0,0.0,2886.59793814433,4233.95189003436,2.5591258779912202e-14,0.0,3600.0,2886.59793814433
3072,0.0,0.0,0.0,0.0,0.0,0.0,2502.0,0.0,7200.0,2502.0
3073,0.0,0.0,0.0,0.0,0.0,0.0,2322.0,0.0,7200.0,2322.0
3074,0.0,0.0,0.0,0.0,0.0,0.0,2346.0,0.0,7200.0,2346.0
3075,0.0,0.0,0.0,0.0,2007.9441580756,0.0,569.06475,0.0,4899.94941801191,2577.0089080756
3076,138.7977,0.0,0.0,0.0,0.0,0.0,2061.366231,0.0,4899.94941801191,2200.163931
3077,1217.805,0.0,0.0,0.0,1134.8558419244,0.0,1.67951978403458e-14,0.0,3600.0,2352.6608419244003
3078,2350.51546391753,2080.57453608247,0.0,0.0,1.29040689466438e-13,0.0,1.05790773877943e-29,0.0,5315.433705,2350.51546391753
3079,2480.41237113402,1802.34092783505,0.0,3810.55670103093,-8.0564425046948e-14,0.0,4.8929768514864396e-30,0.0,6801.4638,2480.41237113402
3080,2461.85567010309,4629.76762886598,0.0,3810.55670103093,-1.22802956447649e-13,0.0,1.01064696559482e-29,0.0,10618.70721,2461.85567010309
3081,2437.11340206186,4721.31989690722,0.0,3810.55670103093,1.57728891230278e-13,0.0,-3.4811060013858595e-30,0.0,14511.435465,2437.11340206186
3082,2585.56701030928,5280.44628865979,0.0,3810.55670103093,-9.637691882406331e-15,0.0,-6.07187936996662e-31,0.0,18865.16343,2585.56701030928
3083,2505.15463917526,12000.0,0.0,273.65536082474,1.44178561593418e-13,0.0,-1.3089874619771299e-30,0.0,28759.16343,2505.15463917526
3084,2622.68041237113,12000.0,0.0,147.969587628866,7.48393709189958e-14,0.0,-2.77006670282495e-30,0.0,38653.16343,2622.68041237113
3085,2560.82474226804,6784.68525773196,0.0,0.0,-2.34380678522772e-13,0.0,-1.9197544152819e-29,0.0,44247.136425,2560.82474226804
3086,2517.52577319588,5638.33422680412,0.0,0.0,3.91263775445419e-15,0.0,-2.46041953736201e-32,0.0,48895.942995,2517.52577319588
3087,2659.79381443299,2179.89618556701,0.0,0.0,1.59316433720398e-13,0.0,8.840565936505619e-30,0.0,50693.2674,2659.79381443299
3088,2659.79381443299,3625.62370970613,-4.54747350886464e-13,875.972475860881,1.59316433720398e-13,0.0,8.840565936505619e-30,0.0,53682.5941486527,2659.79381443299
3089,2591.75257731959,0.0,0.0,127.993422680412,1.72866763357259e-13,0.0,6.66844739709689e-30,0.0,53682.5941486527,2591.75257731959
3090,857.808,0.0,0.0,0.0,1651.69099656357,0.0,4.07086097553768e-15,0.0,51790.6227894733,2509.49899656357
3091,128.7624,0.0,0.0,0.0,2688.54578694158,0.0,-3.93346763393126e-14,0.0,48710.959803286,2817.30818694158
3092,0.0,0.0,0.0,0.0,3030.92783505155,0.0,-7.237778761206299e-14,0.0,45239.106613078,3030.92783505155
3093,0.0,0.0,0.0,0.0,3168.38487972509,0.0,1.55694807943485e-13,0.0,41609.7997634502,3168.38487972509
3094,0.0,0.0,0.0,0.0,3182.13058419244,0.0,-9.939403862767831e-14,0.0,37964.7475478804,3182.13058419244
3095,0.0,0.0,0.0,0.0,3168.38487972509,0.0,1.55694807943485e-13,0.0,34335.4406982526,3168.38487972509
3096,0.0,0.0,0.0,0.0,3030.92783505155,0.0,-7.237778761206299e-14,0.0,30863.5875080446,3030.92783505155
3097,0.0,0.0,0.0,0.0,3037.80068728522,0.0,-1.4249922357030702e-15,0.0,27383.8616348657,3037.80068728522
3098,0.0,0.0,0.0,0.0,2934.70790378007,0.0,1.25266389090548e-13,0.0,24022.2260062516,2934.70790378007
3099,0.0,0.0,0.0,0.0,3017.18213058419,0.0,1.8271105895909998e-13,0.0,20566.1181819856,3017.18213058419
3100,15.31263,0.0,0.0,0.0,2848.96534810997,0.0,-4.9436626381727606e-15,0.0,17302.698539248,2864.27797810997
3101,1262.997,0.0,0.0,0.0,1586.36072164948,0.0,8.92199393860862e-14,0.0,15485.561401047,2849.35772164948
3102,478.374,0.0,0.0,0.0,2513.14687285223,0.0,-1.33778949033477e-13,0.0,12606.8135512735,2991.5208728522302
3103,2777.31958762887,0.0,0.0,2552.24041237113,8.997724304597591e-14,0.0,-3.6393224284692894e-30,0.0,12606.8135512735,2777.31958762887
3104,2845.36082474227,103.232474226803,0.0,3810.55670103093,7.642691340911531e-14,0.0,-1.4672038890605599e-30,0.0,12691.9287262735,2845.36082474227
3105,2764.94845360825,2332.51484536082,0.0,3810.55670103093,2.3024316688494e-13,0.0,-2.1451919381263398e-29,0.0,14615.0872162735,2764.9484536082505
3106,2857.73195876289,0.0,0.0,3318.78804123711,-6.38390104298484e-14,0.0,5.3265839396064894e-30,0.0,14615.0872162735,2857.73195876289
3107,2734.0206185567,0.0,0.0,1785.7493814433,-1.7700427499509099e-13,0.0,-3.2426744346710094e-30,0.0,14615.0872162735,2734.0206185567
3108,2703.09278350515,3355.15051546392,0.0,3810.55670103093,-7.89768825568285e-14,0.0,-4.822969458876259e-30,0.0,17381.4088162735,2703.09278350515
3109,1442.466,0.0,0.0,0.0,1345.71360824742,0.0,8.811034321398281e-14,0.0,15839.9270198847,2788.17960824742
3110,2857.73195876289,4177.04134020619,0.0,3810.55670103093,-6.38390104298484e-14,0.0,5.3265839396064894e-30,0.0,19283.8976048847,2857.73195876289
3111,2715.46391752577,7300.18608247423,0.0,0.0,-2.19242806395792e-13,0.0,-9.0479907543363e-30,0.0,25302.9010298847,2715.46391752577
3112,2511.34020618557,1478.65979381443,0.0,0.0,-1.78591817485211e-13,0.0,6.473271875691689e-30,0.0,26522.0560298847,2511.34020618557
3113,398.388,0.0,0.0,0.0,2423.32604810997,0.0,-6.254316878065331e-14,0.0,23746.1957227713,2821.71404810997
3114,0.0,0.0,0.0,0.0,2989.69072164948,0.0,-1.01100122546339e-13,0.0,20321.5786303893,2989.69072164948
3115,0.0,0.0,0.0,0.0,2893.47079037801,0.0,9.654405415627211e-14,0.0,17007.1790996012,2893.47079037801
3116,0.0,0.0,0.0,0.0,2845.36082474227,0.0,-3.1310761543638905e-15,0.0,13747.8883496101,2845.36082474227
3117,0.0,0.0,0.0,0.0,2852.23367697594,0.0,6.782171922199599e-14,0.0,10480.724916648,2852.23367697594
3118,0.0,0.0,0.0,0.0,3024.05498281787,0.0,-1.43330582988423e-13,0.0,7016.74440941101,3024.05498281787
3119,0.0,0.0,0.0,0.0,2982.81786941581,0.0,-1.72052917922699e-13,0.0,3600.0,2982.81786941581
3120,0.0,0.0,0.0,0.0,0.0,0.0,2418.0,0.0,7200.0,2418.0
3121,0.0,0.0,0.0,0.0,0.0,0.0,2598.0,0.0,7200.0,2598.0
3122,0.0,0.0,0.0,0.0,0.0,0.0,2484.0,0.0,7200.0,2484.0
3123,0.0,0.0,0.0,0.0,0.0,0.0,2544.0,2219.27555821035,9029.79269774443,2544.0
3124,0.0,79.6761,0.0,0.0,0.0,0.0,2322.0,0.0,9095.48564219443,2322.0
3125,5.66466,0.0,0.0,0.0,0.0,0.0,2310.5052798,0.0,9095.48564219443,2316.1699398
3126,280.1724,0.0,0.0,0.0,2382.85540893471,0.0,1.00184492540007e-13,0.0,6365.98345555674,2663.02780893471
3127,245.3235,0.0,0.0,0.0,2414.70355670103,0.0,6.7044509600402e-14,0.0,3600.0,2660.02705670103
3128,2350.51546391753,536.033536082474,0.0,0.0,1.29040689466438e-13,0.0,1.05790773877943e-29,0.0,4041.9596505,2350.51546391753
3129,2400.0,4951.2,0.0,0.0,7.32518284288763e-14,0.0,-4.07292951658934e-30,0.0,8124.2240505,2400.0
3130,2468.0412371134,5542.0187628866,0.0,0.0,5.97014987920158e-14,0.0,-1.90081097718061e-30,0.0,12693.6185205,2468.0412371134
3131,2406.18556701031,8987.00443298969,0.0,0.0,-2.49518550649752e-13,0.0,-7.309479303047609e-30,0.0,20103.4036755,2406.1855670103096
3132,2369.07216494845,6762.26783505155,0.0,0.0,1.71279220867139e-13,0.0,-5.653224540794589e-30,0.0,25678.8935055,2369.07216494845
3133,2560.82474226804,150.011257731958,0.0,0.0,-2.34380678522772e-13,0.0,-1.9197544152819e-29,0.0,25802.5777875,2560.82474226804
3134,2802.0618556701,3861.6881443299,0.0,0.0,-1.90554604631952e-13,0.0,-1.0705558952622799e-30,0.0,28986.5396625,2802.0618556701
3135,2758.76288659794,4218.90711340206,0.0,0.0,4.77387116452748e-14,0.0,1.5741703759925098e-30,0.0,32465.0285775,2758.76288659794
3136,2777.31958762887,2311.73041237113,0.0,0.0,8.997724304597591e-14,0.0,-3.6393224284692894e-30,0.0,34371.0503025,2777.31958762887
3137,2573.19587628866,549.62412371134,0.0,0.0,1.30628231956557e-13,0.0,8.631310774316031e-31,0.0,34824.2153925,2573.19587628866
3138,856.173,0.0,0.0,0.0,2059.00594501718,0.0,-1.8324363192153998e-13,0.0,32465.6747911057,2915.17894501718
3139,150.1635,0.0,0.0,0.0,2754.11386597938,0.0,1.26764579039892e-13,0.0,29310.9051851729,2904.27736597938
3140,0.0,0.0,0.0,0.0,2948.45360824742,0.0,-1.29822457480615e-13,0.0,25933.5241906169,2948.45360824742
3141,0.0,0.0,0.0,0.0,2769.75945017182,0.0,1.0377049353443801e-14,0.0,22760.8329533066,2769.75945017182
3142,0.0,0.0,0.0,0.0,2969.07216494845,0.0,8.303592864846451e-14,0.0,19359.8339098376,2969.07216494845
3143,0.0,0.0,0.0,0.0,2900.34364261168,0.0,1.67496849532632e-13,0.0,16037.5616960785,2900.34364261168
3144,0.0,0.0,0.0,0.0,2934.70790378007,0.0,1.25266389090548e-13,0.0,12675.9260674645,2934.70790378007
3145,0.0,0.0,0.0,0.0,1013.15438816797,0.0,1743.51621912937,0.0,11515.3826675012,2756.67060729734
3146,0.0,0.0,0.0,0.0,0.0,0.0,2526.0,0.0,11515.3826675012,2526.0
3147,0.0,0.0,0.0,0.0,2914.08934707904,0.0,-8.759199703853141e-14,0.0,8177.3650878001,2914.08934707904
3148,140.1279,0.0,0.0,0.0,2600.3160790378,0.0,1.55595209745907e-13,0.0,5198.76705911991,2740.4439790378
3149,1354.158,0.0,0.0,0.0,1395.72364261168,0.0,-5.64104787013312e-14,0.0,3600.0,2749.88164261168
3150,2635.05154639175,2267.54845360825,0.0,0.0,-6.54265529199679e-14,0.0,4.0237211258421e-30,0.0,5469.5937,2635.05154639175
3151,2758.76288659794,2273.69041237113,0.0,3810.55670103093,4.77387116452748e-14,0.0,1.5741703759925098e-30,0.0,7344.251445,2758.76288659794
3152,2696.90721649485,5372.02608247423,0.0,3810.55670103093,2.437934965218e-13,-7.64294306540785e-14,-1.5864196724179897e-30,0.0,11773.48695,2696.9072164948507
3153,2628.86597938144,3710.98731958763,0.0,3810.55670103093,-2.47931008159633e-13,-7.64294306540785e-14,5.01219263484387e-30,0.0,14833.195995,2628.8659793814395
3154,2820.61855670103,8977.28474226804,0.0,3810.55670103093,-1.48316073231251e-13,-7.64294306540785e-14,4.73476042440301e-30,0.0,22234.967265,2820.61855670103
3155,2727.83505154639,0.0,0.0,2787.69494845361,1.45766104083537e-13,1136.51305841924,1.10126844759144e-29,0.0,20933.1195463067,2727.83505154639
3156,2703.09278350515,3849.64051546392,0.0,3810.55670103093,-7.89768825568285e-14,-7.64294306540785e-14,-4.822969458876259e-30,0.0,24107.1481513067,2703.09278350515
3157,2665.9793814433,0.0,0.0,1836.1806185567,-1.63453945358231e-13,0.0,-5.41479297407974e-30,0.0,24107.1481513067,2665.9793814433
3158,2709.27835051546,5185.55164948454,0.0,0.0,1.03527572682836e-13,0.0,5.2073681562490696e-30,0.0,28382.6354863067,2709.27835051546
3159,2635.05154639175,1982.78845360825,0.0,0.0,-6.54265529199679e-14,0.0,4.0237211258421e-30,0.0,30017.4445663067,2635.05154639175
3160,2517.52577319588,102.290226804124,0.0,0.0,3.91263775445419e-15,0.0,-2.46041953736201e-32,0.0,30101.7828583067,2517.52577319588
3161,242.6796,0.0,0.0,0.0,2623.82679037801,0.0,9.56103228417824e-14,0.0,27096.2538888015,2866.50639037801
3162,207.9993,0.0,0.0,0.0,2627.99619587629,159.207954202099,-8.8100200564376e-14,0.0,23903.5801773715,2835.99549587629
3163,55.9719,0.0,0.0,0.0,2769.42412027491,4233.95189003436,1.07237639426705e-13,0.0,15881.3854347492,2825.39602027491
3164,0.0,0.0,0.0,0.0,2900.34364261168,0.0,1.67496849532632e-13,0.0,12559.1132209901,2900.34364261168
3165,0.0,0.0,0.0,0.0,2625.4295532646,0.0,1.08346095745419e-13,0.0,9551.74832607078,2625.4295532646
3166,0.0,0.0,0.0,0.0,2549.82817869416,0.0,1.21854221253227e-13,0.0,6630.98294383234,2549.82817869416
3167,0.0,0.0,0.0,0.0,2646.04810996564,0.0,-7.57899554493846e-14,0.0,3600.0,2646.04810996564
3168,0.0,0.0,0.0,0.0,0.0,0.0,2268.0,0.0,7200.0,2268.0
3169,0.0,0.0,0.0,0.0,1778.38494845361,0.0,889.46994,0.0,5162.90383911385,2667.85488845361
3170,0.0,0.0,0.0,0.0,0.0,0.0,2538.0,0.0,5162.90383911385,2538.0
3171,0.0,0.0,0.0,0.0,0.0,0.0,2640.0,0.0,5162.90383911385,2640.0
3172,143.7147,0.0,0.0,0.0,0.0,0.0,2260.596741,0.0,5162.90383911385,2404.311441
3173,1407.078,0.0,0.0,0.0,1364.41505154639,0.0,-1.78125691058526e-14,0.0,3600.0,2771.4930515463902
3174,2653.60824742268,2352.34175257732,0.0,0.0,-2.3188021519266902e-14,0.0,-1.1897716786196999e-30,0.0,5539.505775,2653.60824742268
3175,2498.96907216495,0.0,0.0,2968.14092783505,-3.83258936462469e-14,0.0,-3.20515952975361e-31,0.0,5539.505775,2498.96907216495
3176,2468.0412371134,0.0,0.0,3607.7987628866,5.97014987920158e-14,0.0,-1.90081097718061e-30,0.0,5539.505775,2468.0412371134
3177,2474.22680412371,0.0,0.0,2513.06319587629,2.42205954031681e-13,0.0,-1.39080916103095e-29,0.0,5539.505775,2474.2268041237103
3178,2498.96907216495,0.0,0.0,3246.63092783505,-3.83258936462469e-14,0.0,-3.20515952975361e-31,0.0,5539.505775,2498.96907216495
3179,2474.22680412371,4915.38649484536,0.0,3810.55670103093,2.42205954031681e-13,0.0,-1.39080916103095e-29,0.0,9592.24194,2474.2268041237103
3180,2412.37113402062,7120.18465983148,0.0,570.9342061479,-6.70140954100875e-14,0.0,2.72085831207771e-30,0.0,15462.8341920311,2412.37113402062
3181,2517.52577319588,7582.75422680412,0.0,0.0,3.91263775445419e-15,0.0,-2.46041953736201e-32,0.0,21714.8150520311,2517.52577319588
3182,2455.67010309278,4594.86989690722,0.0,0.0,1.9996742263098e-13,0.0,2.32421031827943e-30,0.0,25503.2852820311,2455.67010309278
3183,2313.40206185567,5101.69793814433,0.0,0.0,4.4563626665035705e-14,0.0,-1.0315552515362699e-30,0.0,29709.6352320311,2313.40206185567
3184,2313.40206185567,5605.66793814433,0.0,0.0,4.4563626665035705e-14,0.0,-1.0315552515362699e-30,0.0,34331.5084470311,2313.40206185567
3185,2263.9175257732,772.622474226805,0.0,0.0,1.0035248770259699e-13,0.0,2.6016425287202897e-30,0.0,34968.5356770311,2263.9175257732
3186,268.9419,0.0,0.0,0.0,2209.76673195876,0.0,-8.656938857861231e-14,0.0,32437.3023070897,2478.70863195876
3187,193.7097,0.0,0.0,0.0,2128.40961168385,0.0,1.5070782163275201e-15,0.0,29999.2615147829,2322.11931168385
3188,0.0,0.0,0.0,0.0,2501.71821305842,0.0,2.21790909425906e-14,0.0,27133.6049133414,2501.71821305842
3189,0.0,0.0,0.0,0.0,2426.11683848797,0.0,3.56872164503982e-14,0.0,24354.5478245809,2426.11683848797
3190,0.0,0.0,0.0,0.0,2261.16838487973,0.0,-7.92021232867062e-14,0.0,21764.4351271241,2261.16838487973
3191,0.0,0.0,0.0,0.0,2281.78694158076,0.0,1.33656262842373e-13,0.0,19150.7043807544,2281.78694158076
3192,0.0,0.0,0.0,0.0,2302.40549828179,0.0,1.19140973528221e-13,0.0,16513.3555854718,2302.40549828179
3193,0.0,0.0,0.0,0.0,2371.13402061856,0.0,-1.3494070923659799e-13,0.0,13797.2799604791,2371.13402061856
3194,0.0,0.0,0.0,0.0,2274.91408934708,0.0,6.27034674660135e-14,0.0,11191.4218970804,2274.91408934708
3195,0.0,0.0,0.0,0.0,2295.53264604811,0.0,-1.2143258372878998e-13,0.0,8561.94578476872,2295.53264604811
3196,176.0127,0.0,0.0,0.0,2175.56435395189,0.0,-1.2961073363101301e-14,0.0,6069.89039650768,2351.57705395189
3197,181.0566,0.0,0.0,0.0,2156.2143161512,0.0,8.068250834752041e-14,0.0,3600.0,2337.2709161512
3198,1985.56701030928,2844.61298969072,0.0,0.0,-2.79506489896254e-14,0.0,4.11044442150674e-31,0.0,5945.38341,1985.56701030928
3199,2028.86597938144,2810.62731958763,0.0,3810.55670103093,-1.3606548107705101e-14,0.0,2.6770845014002404e-31,0.0,8262.745635,2028.86597938144
3200,1886.59793814433,4187.12536082474,0.0,3810.55670103093,8.36270730854978e-14,0.0,2.16803544060024e-30,0.0,11715.030495,1886.59793814433
3201,1886.59793814433,0.0,0.0,2177.38206185567,8.36270730854978e-14,0.0,2.16803544060024e-30,0.0,11715.030495,1886.59793814433
3202,1967.01030927835,3032.29298969072,0.0,3810.55670103093,-7.01891803903265e-14,0.0,1.15132684548933e-31,0.0,14215.156065,1967.01030927835
3203,2010.30927835052,3532.77402061856,0.0,3810.55670103093,-5.5845079508406205e-14,0.0,-1.4055544479776e-30,0.0,17127.928245,2010.30927835052
3204,1929.89690721649,5986.54639175258,0.0,3810.55670103093,9.79711739674181e-14,0.0,-4.8620562539898396e-30,0.0,22063.835745,1929.89690721649
3205,2053.60824742268,0.0,0.0,3751.03175257732,-4.1500978626485904e-14,0.0,2.5831629815594097e-30,0.0,22063.835745,2053.60824742268
3206,1905.15463917526,7737.93865979381,0.0,3810.55670103093,1.25865604486199e-13,0.0,7.973351760265529e-30,0.0,28443.76617,1905.15463917526
3207,1997.9381443299,0.0,2.27373675443232e-13,3746.8218556701,8.44208443305576e-14,0.0,-2.68993771458111e-30,0.0,28443.76617,1997.9381443299
3208,2059.79381443299,0.0,0.0,2187.72618556701,1.41003476613179e-13,0.0,-3.9147130895059094e-30,0.0,28443.76617,2059.79381443299
3209,2220.61855670103,0.0,0.0,633.341443298969,-1.6662903033847e-13,0.0,-8.02051860160852e-30,0.0,28443.76617,2220.61855670103
3210,840.861,0.0,0.0,0.0,1512.445395189,4233.95189003436,1.85532292087848e-16,0.0,21861.4096004429,2353.306395189
3211,41.0298,0.0,0.0,0.0,2298.05394501718,3809.1050897777,4.9556898931188404e-14,0.0,14865.8093314911,2339.08374501718
3212,0.0,0.0,0.0,0.0,2529.20962199313,0.0,-9.10041648758531e-14,0.0,11968.6619981657,2529.20962199313
3213,0.0,0.0,0.0,0.0,2467.35395189003,0.0,6.44095513846744e-14,0.0,9142.36881157914,2467.35395189003
3214,0.0,0.0,0.0,0.0,2426.11683848797,0.0,3.56872164503982e-14,0.0,6363.31172281858,2426.11683848797
3215,0.0,0.0,0.0,0.0,2412.37113402062,0.0,-1.06218374302322e-13,0.0,3600.0,2412.37113402062
3216,0.0,0.0,0.0,0.0,0.0,0.0,2142.0,0.0,7200.0,2142.0
3217,0.0,0.0,0.0,0.0,0.0,0.0,2124.0,0.0,7200.0,2124.0
3218,0.0,0.0,0.0,0.0,0.0,0.0,2160.0,0.0,7200.0,2160.0
3219,0.0,0.0,0.0,0.0,0.0,0.0,2094.0,0.0,7200.0,2094.0
3220,86.6718,0.0,0.0,0.0,0.0,0.0,2027.928354,0.0,7200.0,2114.600154
3221,49.5741,0.0,0.0,0.0,0.0,0.0,2141.913123,0.0,7200.0,2191.487223
3222,2369.07216494845,330.366835051546,0.0,0.0,0.0,0.0,1.49526759817012e-13,0.0,7472.3874555,2369.07216494845
3223,1449.39,0.0,0.0,0.0,0.0,0.0,460.0917,0.0,7472.3874555,1909.4817
3224,987.822,0.0,0.0,0.0,346.753022989003,0.0,647.0972709306,0.0,7075.19040740263,1981.672293919603
3225,881.499,0.0,0.0,0.0,1212.99652920962,0.0,6.58193438049353e-14,0.0,5685.7327565325,2094.49552920962
3226,2090.72164948454,3796.26835051546,0.0,0.0,4.29760841749162e-14,0.0,-2.3344180653006598e-30,0.0,8815.7560115325,2090.72164948454
3227,2146.39175257732,1817.14824742268,0.0,0.0,1.69691678377019e-13,0.0,4.06272176956811e-30,0.0,10313.9947415325,2146.39175257732
3228,2288.65979381443,3299.47020618557,0.0,0.0,-1.8017935997533e-13,0.0,-5.8484000621997896e-30,0.0,13034.4079265325,2288.65979381443
3229,2369.07216494845,3234.50783505155,0.0,0.0,0.0,0.0,1.49526759817012e-13,0.0,15701.2596365325,2369.07216494845
3230,0.0,6761.94,0.0,0.0,0.0,0.0,2292.0,5238.06,25595.2596365325,2292.0
3231,2350.51546391753,5328.22453608247,0.0,0.0,0.0,0.0,1.1265252190419999e-13,0.0,29988.3807665325,2350.51546391753
3232,1699.794,0.0,0.0,0.0,0.0,0.0,589.19982,0.0,29988.3807665325,2288.99382
3233,2301.03092783505,679.436072164948,0.0,0.0,1.84829550504e-13,0.0,-7.825343080203319e-30,0.0,30548.5758080325,2301.03092783505
3234,869.955,0.0,0.0,0.0,1651.94003436426,0.0,-4.8452015671848405e-14,0.0,28656.3191821857,2521.89503436426
3235,98.8902,0.0,0.0,0.0,2439.95017869416,0.0,1.39394185400999e-13,0.0,25861.4163429026,2538.84037869416
3236,0.0,0.0,0.0,0.0,2584.19243986254,0.0,7.96237608111428e-14,0.0,22901.2875458092,2584.19243986254
3237,0.0,0.0,0.0,0.0,2604.81099656357,0.0,-1.04512290383661e-13,0.0,19917.5406998028,2604.81099656357
3238,0.0,0.0,0.0,0.0,2494.84536082474,0.0,-4.8773704433769304e-14,0.0,17059.7567813323,2494.84536082474
3239,0.0,0.0,0.0,0.0,2274.91408934708,0.0,6.27034674660135e-14,0.0,14453.8987179336,2274.91408934708
3240,0.0,0.0,0.0,0.0,0.0,0.0,2202.0,0.0,14453.8987179336,2202.0
3241,0.0,0.0,0.0,0.0,0.0,0.0,2202.0,0.0,14453.8987179336,2202.0
3242,0.0,0.0,0.0,0.0,2508.5910652921,0.0,9.31318863189505e-14,0.0,11580.3694335211,2508.5910652921
3243,0.0,0.0,0.0,0.0,2474.22680412371,0.0,1.35362346761034e-13,0.0,8746.20356396358,2474.22680412371
3244,280.3392,0.0,0.0,0.0,2142.12024742268,0.0,1.42957859323585e-13,0.0,6292.45757607964,2422.45944742268
3245,0.0,0.0,0.0,0.0,2350.51546391753,0.0,4.9195341958205904e-14,0.0,3600.0,2350.51546391753
3246,2103.09278350515,914.667216494845,0.0,0.0,-9.72898396640475e-14,0.0,4.4593697633664e-30,0.0,4354.14312,2103.09278350515
3247,2171.13402061856,0.0,0.0,2672.12597938144,-1.10840169300908e-13,0.0,-4.3873208213519595e-30,0.0,4354.14312,2171.13402061856
3248,2381.44329896907,1156.86,0.0,3810.55670103093,3.10132970281752e-14,-7.64294306540785e-14,1.14056328787246e-30,0.0,5307.97419,2381.44329896907
3249,2381.44329896907,0.0,0.0,2528.05670103093,3.10132970281752e-14,1425.0,1.14056328787246e-30,0.0,3675.67178450172,2381.44329896907
3250,2282.47422680412,656.219072164948,0.0,3810.55670103093,1.42591019103298e-13,-7.64294306540785e-14,8.40695884838557e-30,0.0,4216.72440950172,2282.47422680412
3251,2307.21649484536,1484.79680412371,0.0,3810.55670103093,-1.37940828574629e-13,-7.64294306540785e-14,-4.30837425345009e-32,0.0,5440.93937450172,2307.21649484536
3252,2381.44329896907,5116.5,0.0,3810.55670103093,3.10132970281752e-14,-7.64294306540785e-14,1.14056328787246e-30,0.0,9659.49362450172,2381.44329896907
3253,2443.29896907217,3609.7843298969,0.0,3810.55670103093,-1.6504148784835e-13,0.0,4.30115333628296e-30,0.0,12635.7608045017,2443.29896907217
3254,2369.07216494845,3492.19113402062,0.0,3810.55670103093,1.71279220867139e-13,0.0,-5.653224540794589e-30,0.0,15515.0723945017,2369.07216494845
3255,2338.14432989691,3919.00338831154,0.0,32.802281791548,-2.35968221012892e-13,0.0,1.25560204057978e-29,0.0,18746.2906881646,2338.1443298969098
3256,2369.07216494845,2988.95783505155,0.0,0.0,1.71279220867139e-13,0.0,-5.653224540794589e-30,0.0,21210.6864231646,2369.07216494845
3257,2288.65979381443,0.0,0.0,1796.14020618557,-1.8017935997533e-13,0.0,-5.8484000621997896e-30,0.0,21210.6864231646,2288.65979381443
3258,331.272,0.0,0.0,0.0,2106.14680412371,0.0,6.19489291937535e-14,0.0,18798.1471286357,2437.41880412371
3259,40.2591,0.0,0.0,0.0,2621.93433333333,0.0,4.24015211090515e-14,0.0,15794.7859220683,2662.19343333333
3260,0.0,0.0,0.0,0.0,2680.41237113402,0.0,-1.18020415891468e-13,0.0,12724.439563381,2680.41237113402
3261,0.0,0.0,0.0,0.0,2639.17525773196,0.0,-1.46742750825744e-13,0.0,9701.32930251965,2639.17525773196
3262,0.0,0.0,0.0,0.0,2646.04810996564,0.0,-7.57899554493846e-14,0.0,6670.34635868731,2646.04810996564
3263,0.0,0.0,0.0,0.0,2680.41237113402,0.0,-1.18020415891468e-13,0.0,3600.0,2680.41237113402
3264,0.0,0.0,0.0,0.0,0.0,0.0,2280.0,0.0,7200.0,2280.0
3265,0.0,0.0,0.0,0.0,0.0,0.0,2316.0,0.0,7200.0,2316.0
3266,0.0,0.0,0.0,0.0,0.0,0.0,2334.0,9814.12103790309,15291.7427957511,2334.0
3267,0.0,0.0,0.0,0.0,0.0,0.0,2394.0,0.0,15291.7427957511,2394.0
3268,0.0,208.6485,0.0,0.0,0.0,0.0,2316.0,0.0,15463.7734840011,2316.0
3269,549.681,0.0,0.0,0.0,2145.2570790378,0.0,-1.17606800602065e-13,0.0,13006.4343327551,2694.9380790378
3270,2461.85567010309,173.356329896907,0.0,0.0,-1.22802956447649e-13,0.0,1.01064696559482e-29,0.0,13149.3666267551,2461.85567010309
3271,2492.78350515464,866.01649484536,0.0,0.0,-2.20830348885912e-13,0.0,6.679555560264071e-31,0.0,13863.3972267551,2492.78350515464
3272,2418.55670103093,2563.57329896907,0.0,0.0,1.15490359829577e-13,0.0,-9.28642232105115e-30,0.0,15977.0634117551,2418.55670103093
3273,2406.18556701031,4528.88443298969,0.0,0.0,-2.49518550649752e-13,0.0,-7.309479303047609e-30,0.0,19711.1286267551,2406.1855670103096
3274,2418.55670103093,1956.16329896907,0.0,0.0,1.15490359829577e-13,0.0,-9.28642232105115e-30,0.0,21323.9852667551,2418.55670103093
3275,2443.29896907217,750.441030927835,0.0,0.0,-1.6504148784835e-13,0.0,4.30115333628296e-30,0.0,21942.7238967551,2443.29896907217
3276,793.815,0.0,0.0,0.0,1495.99020618557,0.0,-5.4413380101817705e-14,0.0,20229.1039583982,2289.80520618557
3277,2177.31958762887,5118.56041237113,0.0,0.0,7.166428593875681e-14,0.0,-5.37579233035373e-30,0.0,24449.3570183982,2177.31958762887
3278,2319.58762886598,1240.09237113402,0.0,0.0,2.27068081904701e-13,0.0,-2.02002676053804e-30,0.0,25471.8131783982,2319.58762886598
3279,2288.65979381443,3353.41020618557,0.0,0.0,-1.8017935997533e-13,0.0,-5.8484000621997896e-30,0.0,28236.6998933982,2288.65979381443
3280,2282.47422680412,700.311773195876,0.0,0.0,1.42591019103298e-13,0.0,8.40695884838557e-30,0.0,28814.1069503982,2282.47422680412
3281,1622.127,0.0,0.0,0.0,864.303333333333,0.0,4.150108405080271e-15,0.0,27824.0687678858,2486.430333333333
3282,266.0892,0.0,0.0,0.0,2212.93639862543,0.0,1.72187484534848e-13,0.0,25289.2046228394,2479.0255986254297
3283,73.281,0.0,0.0,0.0,2420.29487972509,0.0,-1.4804105518400001e-13,0.0,22516.8164444602,2493.57587972509
3284,0.0,0.0,0.0,0.0,2556.70103092783,0.0,1.92807016629586e-13,0.0,19588.1783792508,2556.70103092783
3285,0.0,0.0,0.0,0.0,2549.82817869416,0.0,1.21854221253227e-13,0.0,16667.4129970123,2549.82817869416
3286,0.0,0.0,0.0,0.0,2632.30240549828,0.0,1.79298891121779e-13,0.0,13652.175419122,2632.30240549828
3287,0.0,0.0,0.0,0.0,0.0,0.0,2310.0,0.0,13652.175419122,2310.0
3288,0.0,0.0,0.0,0.0,2625.4295532646,0.0,1.08346095745419e-13,0.0,10644.8105242026,2625.4295532646
3289,0.0,0.0,0.0,0.0,2611.68384879725,0.0,-3.35594950073008e-14,0.0,7653.19099522522,2611.68384879725
3290,0.0,0.0,0.0,0.0,2570.44673539519,0.0,-6.22818299415769e-14,0.0,4708.8075640738,2570.44673539519
3291,0.0,0.0,0.0,0.0,0.0,0.0,2286.0,0.0,4708.8075640738,2286.0
3292,303.666,0.0,0.0,0.0,0.0,0.0,1931.44398,0.0,4708.8075640738,2235.10998
3293,1584.48,0.0,0.0,0.0,967.989003436426,0.0,-3.2159183754323e-14,0.0,3600.0,2552.4690034364257
3294,2437.11340206186,2.1913227459215898e-13,-2.1913227459215898e-13,2624.24659793814,1.57728891230278e-13,0.0,-3.4811060013858595e-30,0.0,3600.0,2437.11340206186
3295,2424.74226804124,2594.78103092783,0.0,3810.55670103093,-2.07280019249051e-13,-7.64294306540785e-14,-1.5041629833823198e-30,0.0,5739.39696,2424.74226804124
3296,2437.11340206186,5484.21989690721,0.0,3810.55670103093,1.57728891230278e-13,-7.64294306540785e-14,-3.4811060013858595e-30,0.0,10261.136265,2437.11340206186
3297,2517.52577319588,7603.88752577319,0.0,3810.55670103093,3.91263775445419e-15,-7.64294306540785e-14,-2.46041953736201e-32,0.0,16530.54153,2517.52577319588
3298,2437.11340206186,6331.62989690722,0.0,3810.55670103093,1.57728891230278e-13,-7.64294306540785e-14,-3.4811060013858595e-30,0.0,21750.97038,2437.11340206186
3299,2387.62886597938,5944.67443298969,0.0,3810.55670103093,2.1351775226784e-13,-7.64294306540785e-14,1.52091778870695e-31,0.0,26652.35445,2387.62886597938
3300,2554.63917525773,5829.56412371134,0.0,3810.55670103093,8.83897005558564e-14,-7.64294306540785e-14,-4.94218524223368e-30,0.0,31458.83007,2554.63917525773
3301,2573.19587628866,3097.92742268041,0.0,3810.55670103093,1.30628231956557e-13,-7.64294306540785e-14,8.631310774316031e-31,0.0,34013.07123,2573.19587628866
3302,2783.50515463918,3002.6381443299,0.0,3810.55670103093,-2.32793136032653e-13,-7.64294306540785e-14,-6.87587221492756e-30,0.0,36488.74638,2783.50515463918
3303,2820.61855670103,1470.86474226804,0.0,3810.55670103093,-1.48316073231251e-13,-7.64294306540785e-14,4.73476042440301e-30,0.0,37701.47436,2820.61855670103
3304,2808.24742268041,0.0,0.0,3343.82257731959,-8.05014939228682e-15,518.59347079038,-6.81676263748158e-31,0.0,37107.4383109847,2808.24742268041
3305,2455.67010309278,0.0,0.0,898.029896907216,1.9996742263098e-13,3236.14089347079,2.32421031827943e-30,0.0,33400.5186162873,2455.67010309278
3306,1328.013,0.0,0.0,0.0,1074.25817869416,4233.95189003436,1.55506863895989e-14,0.0,27320.0947116727,2402.27117869416
3307,91.872,0.0,0.0,0.0,2543.96810996564,4233.95189003436,-7.415229655200471e-14,0.0,19556.1542763921,2635.84010996564
3308,0.0,0.0,0.0,0.0,2673.53951890034,3331.7845389604,-1.88973211267828e-13,0.0,12677.203465555,2673.53951890034
3309,0.0,0.0,0.0,0.0,2570.44673539519,0.0,-6.22818299415769e-14,0.0,9732.82003440362,2570.44673539519
3310,0.0,0.0,0.0,0.0,2673.53951890034,0.0,-1.88973211267828e-13,0.0,6670.34635868731,2673.53951890034
3311,0.0,0.0,0.0,0.0,2680.41237113402,0.0,-1.18020415891468e-13,0.0,3600.0,2680.41237113402
3312,0.0,0.0,0.0,0.0,2804.12371134021,0.0,-3.185341108864e-14,0.0,3987.94534783482,2804.12371134021
3313,0.0,0.0,0.0,0.0,0.0,0.0,2508.0,0.0,3987.94534783482,2508.0
3314,0.0,0.0,0.0,0.0,0.0,0.0,2532.0,12000.0,13881.9453478348,2532.0
3315,0.0,0.0,0.0,0.0,0.0,0.0,2568.0,10600.9440076185,22622.4236821163,2568.0
3316,0.0,0.0,0.0,0.0,0.0,0.0,2430.0,0.0,22622.4236821163,2430.0
3317,63.4413,0.0,0.0,0.0,2713.01482130584,0.0,-1.77079657921365e-13,0.0,19514.7320196812,2776.45612130584
3318,320.73,0.0,0.0,0.0,2605.83264604811,0.0,1.95168028664568e-13,0.0,16529.8148993511,2926.56264604811
3319,1590.492,0.0,0.0,0.0,1119.384604811,0.0,-1.05171256507024e-14,0.0,15247.5874024313,2709.876604811
3320,2554.63917525773,226.807824742268,0.0,0.0,8.83897005558564e-14,0.0,-4.94218524223368e-30,0.0,15434.5904539313,2554.63917525773
3321,2373.798,0.0,0.0,0.0,393.374501718213,0.0,-6.29296703330657e-15,0.0,14983.9896501304,2767.172501718213
3322,2684.53608247423,293.806917525773,0.0,0.0,-1.2121541395753e-13,0.0,3.90523345585547e-31,0.0,15226.2334536304,2684.53608247423
3323,2703.09278350515,831.957216494845,0.0,0.0,-7.89768825568285e-14,0.0,-4.822969458876259e-30,0.0,15912.1821786304,2703.09278350515
3324,2672.16494845361,1983.11505154639,0.0,0.0,1.90505098814342e-14,0.0,-8.938599210179621e-31,0.0,17547.2605386304,2672.16494845361
3325,2610.30927835052,1235.57072164948,0.0,0.0,2.1510529475795998e-13,0.0,-9.563854531492008e-30,0.0,18565.9885986304,2610.30927835052
3326,2653.60824742268,4056.58175257732,0.0,0.0,-2.3188021519266902e-14,0.0,-1.1897716786196999e-30,0.0,21910.6402536304,2653.60824742268
3327,2653.60824742268,4180.18175257732,0.0,0.0,-2.3188021519266902e-14,0.0,-1.1897716786196999e-30,0.0,25357.2001086304,2653.60824742268
3328,2579.38144329897,5086.24855670103,0.0,0.0,-1.92142147122071e-13,0.0,8.645390415100429e-30,0.0,29550.8120436304,2579.38144329897
3329,1865.67,0.0,0.0,0.0,813.631271477663,0.0,-2.22015627722569e-14,0.0,28618.8174600363,2679.3012714776632
3330,37.8264,0.0,0.0,0.0,2830.82290034364,0.0,-1.47766558277696e-13,0.0,25376.1795444078,2868.64930034364
3331,315.198,0.0,0.0,0.0,2460.77656357388,0.0,-1.73889744268554e-13,0.0,22557.4205941514,2775.97456357388
3332,0.0,0.0,0.0,0.0,2824.74226804124,0.0,1.8100497504044e-13,0.0,19321.7478930732,2824.74226804124
3333,0.0,0.0,0.0,0.0,2687.2852233677,0.0,-4.70676205151085e-14,0.0,16243.5288514149,2687.2852233677
3334,0.0,0.0,0.0,0.0,2804.12371134021,0.0,-3.185341108864e-14,0.0,13031.4741992497,2804.12371134021
3335,0.0,0.0,0.0,0.0,2749.14089347079,0.0,1.94513100548247e-13,0.0,9882.40101085249,2749.14089347079
3336,0.0,0.0,0.0,0.0,2673.53951890034,0.0,-1.88973211267828e-13,0.0,6819.92733513618,2673.53951890034
3337,0.0,0.0,0.0,0.0,2810.99656357388,0.0,3.90993842877199e-14,0.0,3600.0,2810.99656357388
3338,0.0,0.0,0.0,0.0,0.0,0.0,2400.0,0.0,3600.0,2400.0
3339,0.0,0.0,0.0,0.0,0.0,0.0,2424.0,0.0,3600.0,2424.0
3340,0.0,196.7955,0.0,0.0,0.0,0.0,2172.0,1127.86667220495,4692.18396098298,2172.0
3341,1628.469,0.0,0.0,0.0,953.476597938144,0.0,4.9214812843591e-14,0.0,3600.0,2581.945597938144
3342,2486.59793814433,1.41624977604834e-13,-1.41624977604834e-13,2446.57206185567,1.01940030192717e-13,0.0,3.90450534248468e-30,0.0,3600.0,2486.59793814433
3343,2449.48453608247,2284.8887628866,9.09494701772928e-13,3810.55670103093,1.74629673913147e-14,-1.74629673913147e-14,5.5797954624942105e-31,0.0,5483.890785,2449.48453608247
3344,2344.32989690722,5286.12340206186,0.0,3810.55670103093,-5.3463765773226904e-14,5.3463765773226904e-14,5.48739772668981e-31,0.0,9842.29953,2344.32989690722
3345,2567.01030927835,7282.75298969072,0.0,3810.55670103093,-5.18762232831074e-14,5.18762232831074e-14,1.85160258643337e-30,0.0,15846.92937,2567.01030927835
3346,2529.8969072165,8891.14639175258,0.0,3810.55670103093,-1.3635328608451e-13,1.3635328608451e-13,-9.7590300528972e-30,0.0,23177.67957,2529.8969072165
3347,2542.26804123711,9440.82525773196,0.0,3810.55670103093,2.2865562439482e-13,-2.2865562439482e-13,1.0301645177353399e-29,0.0,30961.639995,2542.2680412371105
3348,2622.68041237113,9164.60288659794,0.0,3810.55670103093,7.48393709189958e-14,-7.48393709189958e-14,-2.77006670282495e-30,0.0,38517.855075,2622.68041237113
3349,2536.0824742268,8498.23082474227,0.0,3810.55670103093,4.6151169155155304e-14,-4.6151169155155304e-14,2.7130756222812103e-31,0.0,45524.64639,2536.0824742268
3350,2622.68041237113,6775.28288659794,0.0,3810.55670103093,7.48393709189958e-14,-7.48393709189958e-14,-2.77006670282495e-30,0.0,51110.86713,2622.68041237113
3351,2579.38144329897,4521.2718556701,0.0,3810.55670103093,-1.92142147122071e-13,-5.81704264972372e-13,8.645390415100429e-30,0.0,54838.655775,2579.38144329897
3352,2511.34020618557,1562.6730927835,-4.54747350886464e-13,3810.55670103093,-1.78591817485211e-13,1.78591817485211e-13,6.473271875691689e-30,0.0,56127.07974,2511.34020618557
3353,2468.0412371134,0.0,0.0,1743.7787628866,5.97014987920158e-14,2296.41993127148,-1.90081097718061e-30,0.0,53496.5872643168,2468.0412371134
3354,1178.625,0.0,0.0,-7.475724160666341e-14,1460.17611683849,4233.95189003436,7.08058964648446e-14,0.0,46974.103865837,2638.80111683849
3355,354.684,0.0,0.0,-7.475724160666341e-14,2437.52178694158,4233.95189003436,-3.75068477841339e-14,0.0,39332.0950720501,2792.2057869415803
3356,0.0,0.0,0.0,0.0,2982.81786941581,4233.95189003436,-1.72052917922699e-13,0.0,31065.4630451885,2982.81786941581
3357,0.0,0.0,0.0,0.0,2879.72508591065,4233.95189003436,-4.53615365964477e-14,0.0,22916.9212628918,2879.72508591065
3358,0.0,0.0,0.0,0.0,2975.94501718213,4233.95189003436,1.5398872402482399e-13,0.0,14658.1619190012,2975.94501718213
3359,0.0,0.0,0.0,0.0,2941.58075601375,4233.95189003436,1.96219184466908e-13,0.0,6438.76598996556,2941.58075601375
3360,0.0,0.0,0.0,0.0,2783.50515463918,0.0,1.52282640106164e-13,0.0,4011.5633967478,2783.50515463918
3361,0.0,0.0,0.0,0.0,359.294845360825,0.0,2176.3356,0.0,3600.0,2535.630445360825
3362,0.0,0.0,0.0,0.0,0.0,0.0,2436.0,0.0,3600.0,2436.0
3363,0.0,0.0,0.0,0.0,0.0,0.0,2394.0,0.0,3600.0,2394.0
3364,245.2113,0.0,0.0,0.0,0.0,0.0,2054.145039,0.0,3600.0,2299.356339
3365,1648.188,0.0,0.0,0.0,0.0,0.0,855.25764,0.0,3600.0,2503.44564
3366,2554.63917525773,2532.07082474227,0.0,0.0,8.83897005558564e-14,0.0,-4.94218524223368e-30,0.0,5687.692395,2554.63917525773
3367,2529.8969072165,6165.0330927835,0.0,0.0,-1.3635328608451e-13,0.0,-9.7590300528972e-30,0.0,10770.76218,2529.8969072165
3368,2567.01030927835,8889.35969072165,0.0,0.0,-5.18762232831074e-14,0.0,1.85160258643337e-30,0.0,18100.039245,2567.01030927835
3369,2548.45360824742,11045.1163917526,0.0,0.0,-9.41147546838085e-14,0.0,-3.9537137332319194e-30,0.0,27206.73771,2548.45360824742
3370,2591.75257731959,8345.75072164948,0.0,3810.55670103093,1.72866763357259e-13,0.0,6.66844739709689e-30,0.0,34087.80918,2591.75257731959
3371,2548.45360824742,8862.20969072165,0.0,3810.55670103093,-9.41147546838085e-14,-7.64294306540785e-14,-3.9537137332319194e-30,0.0,41394.70107,2548.45360824742
3372,2597.9381443299,8696.44515463918,0.0,3810.55670103093,-1.4990361572137e-13,-7.64294306540785e-14,-7.58691151348847e-30,0.0,48564.9201,2597.9381443299
3373,2529.8969072165,8196.79639175258,0.0,3810.55670103093,-1.3635328608451e-13,-7.64294306540785e-14,-9.7590300528972e-30,0.0,55323.178725,2529.8969072165
3374,2647.42268041237,6627.6606185567,0.0,3810.55670103093,-2.05692476758932e-13,0.0,1.08175089545092e-29,0.0,60787.684905,2647.42268041237
3375,2554.63917525773,7538.0452759248,-9.09494701772928e-13,835.715548817469,8.83897005558564e-14,0.0,-4.94218524223368e-30,0.0,67002.803235,2554.63917525773
3376,2393.81443298969,1694.59886597938,0.0,3810.55670103093,-1.09252626810789e-13,-7.64294306540785e-14,-3.0844580075875697e-30,0.0,68400.0,2393.81443298969
3377,2276.28865979381,0.0,0.0,1970.03134020619,-3.99134361363664e-14,2045.02817869416,-1.6233787667397498e-30,0.0,66057.4705856883,2276.28865979381
3378,1139.919,0.0,0.0,0.0,1310.7429209622,2492.43285223369,-8.04356707089898e-14,0.0,61701.0264010423,2450.6619209622004
3379,346.338,0.0,0.0,-7.475724160666341e-14,2130.64391752577,4233.95189003436,-8.21624654223183e-14,0.0,54410.5386489689,2476.9819175257703
3380,0.0,0.0,0.0,0.0,2515.46391752577,4233.95189003436,1.6408468169530998e-13,0.0,46679.2490641348,2515.46391752577
3381,0.0,0.0,0.0,0.0,2584.19243986254,4233.95189003436,7.96237608111428e-14,0.0,38869.2326495908,2584.19243986254
3382,0.0,0.0,0.0,0.0,2460.48109965636,4233.95189003436,-6.543243991685521e-15,0.0,31200.9245285247,2460.48109965636
3383,0.0,0.0,0.0,0.0,2384.87972508591,4233.95189003436,6.96488151612213e-15,0.0,23619.2159201395,2384.87972508591
3384,0.0,0.0,0.0,0.0,2240.54982817869,4233.95189003436,1.04933927908097e-13,0.0,16202.8336541452,2240.54982817869
3385,0.0,0.0,0.0,0.0,2343.64261168385,0.0,1.47863308462497e-13,0.0,13518.2487610365,2343.64261168385
3386,0.0,0.0,0.0,0.0,2309.27835051546,0.0,2.04730070239298e-14,0.0,10873.0272827828,2309.27835051546
3387,0.0,0.0,0.0,0.0,2226.80412371134,0.0,-3.69716628446225e-14,0.0,8322.27800018107,2226.80412371134
3388,335.067,0.0,0.0,0.0,1854.50745704467,0.0,2.7395876602022702e-14,0.0,6197.98538042772,2189.57445704467
3389,0.0,0.0,0.0,0.0,2268.0412371134,0.0,-8.249327910346331e-15,0.0,3600.0,2268.0412371134
3390,2109.27835051546,-2.43455306592529e-13,2.43455306592529e-13,874.980649484536,-1.75236329949276e-13,0.0,-4.12256449085085e-31,0.0,3600.0,2109.27835051546
3391,2208.24742268041,1022.67587628866,0.0,3810.55670103093,-2.6363106499505902e-14,-7.64294306540785e-14,-1.0407950251167099e-30,0.0,4443.19626,2208.24742268041
3392,2536.0824742268,4822.69082474227,0.0,3810.55670103093,4.6151169155155304e-14,-7.64294306540785e-14,2.7130756222812103e-31,0.0,8419.504845,2536.0824742268
3393,2492.78350515464,6878.53979381443,0.0,3810.55670103093,-2.20830348885912e-13,-7.64294306540785e-14,6.679555560264071e-31,0.0,14090.860905,2492.78350515464
3394,2474.22680412371,8501.01649484536,0.0,3810.55670103093,2.42205954031681e-13,-7.64294306540785e-14,-1.39080916103095e-29,0.0,21099.949005,2474.2268041237103
3395,2381.44329896907,9320.37,0.0,3810.55670103093,3.10132970281752e-14,-7.64294306540785e-14,1.14056328787246e-30,0.0,28784.59407,2381.44329896907
3396,2474.22680412371,9250.44649484536,0.0,3810.55670103093,2.42205954031681e-13,-7.64294306540785e-14,-1.39080916103095e-29,0.0,36411.587205,2474.2268041237103
3397,2505.15463917526,8400.69865979382,0.0,3810.55670103093,1.44178561593418e-13,0.0,-1.3089874619771299e-30,0.0,43337.96325,2505.15463917526
3398,2517.52577319588,8925.94191901094,1.81898940354586e-12,1745.58230779318,3.91263775445419e-15,0.0,-2.46041953736201e-32,0.0,50697.4023622245,2517.52577319588
3399,2567.01030927835,2256.40298969072,0.0,3810.55670103093,-5.18762232831074e-14,0.0,1.85160258643337e-30,0.0,52557.8066272245,2567.01030927835
3400,2511.34020618557,0.0,0.0,3311.74979381443,-1.78591817485211e-13,554.229896907218,6.473271875691689e-30,0.0,51922.9499297363,2511.34020618557
3401,2412.37113402062,0.0,0.0,1608.55886597938,-6.70140954100875e-14,2446.66426116839,2.72085831207771e-30,0.0,49120.3562743315,2412.37113402062
3402,1700.286,0.0,0.0,-7.475724160666341e-14,825.569965635739,4233.95189003436,-7.51475332514719e-15,0.0,43324.7985931516,2525.8559656357397
3403,131.7309,0.0,0.0,-7.475724160666341e-14,2678.37460137457,4233.95189003436,1.16625597359698e-13,0.0,35406.8988320875,2810.10550137457
3404,0.0,0.0,0.0,0.0,2776.6323024055,4233.95189003436,8.13298447298036e-14,0.0,27376.4472943557,2776.6323024055
3405,0.0,0.0,0.0,0.0,2776.6323024055,4233.95189003436,8.13298447298036e-14,0.0,19345.9957566239,2776.6323024055
3406,0.0,0.0,0.0,0.0,2577.31958762887,4233.95189003436,8.670965434782951e-15,0.0,11543.8520250509,2577.31958762887
3407,0.0,0.0,0.0,0.0,2701.03092783505,4233.95189003436,9.48379702376113e-14,0.0,3600.0,2701.03092783505
3408,0.0,0.0,0.0,0.0,0.0,0.0,2262.0,0.0,7200.0,2262.0
3409,0.0,0.0,0.0,0.0,0.0,0.0,2226.0,0.0,7200.0,2226.0
3410,0.0,0.0,0.0,0.0,0.0,0.0,2256.0,12000.0,17094.0,2256.0
3411,0.0,0.0,0.0,0.0,0.0,0.0,2208.0,12000.0,26988.0,2208.0
3412,0.0,56.3169,0.0,0.0,0.0,0.0,2136.0,11943.6831,36882.0,2136.0
3413,0.0,0.0,0.0,0.0,0.0,0.0,2082.0,12000.0,46776.0,2082.0
3414,0.0,756.348,0.0,0.0,0.0,0.0,2172.0,1967.54023742636,49021.845851758,2172.0
3415,732.999,0.0,0.0,0.0,1838.47762886598,0.0,-9.85976142884475e-14,0.0,46915.9150054053,2571.4766288659803
3416,726.975,0.0,0.0,0.0,1845.17096219931,0.0,-9.38108773556946e-14,0.0,44802.3171105607,2572.14596219931
3417,627.165,0.0,0.0,0.0,1990.4352233677,0.0,8.94829725399541e-14,0.0,42522.3225820753,2617.6002233677
3418,2474.22680412371,451.013195876289,0.0,0.0,2.42205954031681e-13,0.0,-1.39080916103095e-29,0.0,42894.1829620753,2474.2268041237103
3419,1596.261,0.0,0.0,0.0,865.551924398625,0.0,-8.46691263874066e-15,0.0,41902.7145492476,2461.812924398625
3420,1914.075,0.0,0.0,0.0,519.298109965636,0.0,-4.7735507795526605e-14,0.0,41307.8713534107,2433.373109965636
3421,1385.046,0.0,0.0,0.0,1113.98096219931,0.0,1.44843798505422e-14,0.0,40031.8335960231,2499.02696219931
3422,2305.809,0.0,0.0,0.0,0.0,0.0,115.36527,0.0,40031.8335960231,2421.17427
3423,1230.006,0.0,0.0,0.0,0.0,0.0,1194.89418,0.0,40031.8335960231,2424.90018
3424,2455.67010309278,586.899896907216,0.0,0.0,1.9996742263098e-13,0.0,2.32421031827943e-30,0.0,40515.7325610231,2455.67010309278
3425,39.5259,0.0,0.0,0.0,2691.47752233677,0.0,1.49390682086791e-13,0.0,37432.7113441425,2731.00342233677
3426,760.395,0.0,0.0,0.0,1869.89329896907,0.0,-1.4532494337354601e-15,0.0,35290.794621383,2630.2882989690697
3427,42.7068,0.0,0.0,0.0,2763.54456357388,0.0,1.94538686606147e-13,0.0,32125.2223836122,2806.25136357388
3428,0.0,0.0,0.0,0.0,2975.94501718213,0.0,1.5398872402482399e-13,0.0,28716.3506571722,2975.94501718213
3429,0.0,0.0,0.0,0.0,2680.41237113402,0.0,-1.18020415891468e-13,0.0,25646.0042984849,2680.41237113402
3430,0.0,0.0,0.0,0.0,2769.75945017182,0.0,1.0377049353443801e-14,0.0,22473.3130611747,2769.75945017182
3431,0.0,0.0,0.0,0.0,2824.74226804124,0.0,1.8100497504044e-13,0.0,19237.6403600965,2824.74226804124
3432,0.0,0.0,0.0,0.0,2769.75945017182,0.0,1.0377049353443801e-14,0.0,16064.9491227863,2769.75945017182
3433,0.0,0.0,0.0,0.0,2810.99656357388,0.0,3.90993842877199e-14,0.0,12845.0217876501,2810.99656357388
3434,0.0,0.0,0.0,0.0,2646.04810996564,0.0,-7.57899554493846e-14,0.0,9814.03884381778,2646.04810996564
3435,0.0,0.0,0.0,0.0,2611.68384879725,0.0,-3.35594950073008e-14,0.0,6822.4193148404,2611.68384879725
3436,352.419,0.0,0.0,0.0,2068.90443298969,0.0,7.55251939796681e-14,0.0,4452.54023925083,2421.32343298969
3437,1717.788,0.0,0.0,0.0,744.267628865979,0.0,4.88431830605158e-14,0.0,3600.0,2462.055628865979
3438,2400.0,2613.87,0.0,0.0,7.32518284288763e-14,0.0,-4.07292951658934e-30,0.0,5755.135815,2400.0
3439,2505.15463917526,2208.24865979381,0.0,3810.55670103093,1.44178561593418e-13,0.0,-1.3089874619771299e-30,0.0,7575.836835,2505.15463917526
3440,2579.38144329897,0.0,0.0,3052.42855670103,-1.92142147122071e-13,0.0,8.645390415100429e-30,0.0,7575.836835,2579.38144329897
3441,2382.771,0.0,0.0,0.0,87.8718556701035,0.0,-1.62026506758987e-15,0.0,7475.1817884134,2470.6428556701035
3442,2548.45360824742,5548.70342693714,-9.09494701772928e-13,722.75296481544,-9.41147546838085e-14,0.0,-3.9537137332319194e-30,0.0,12050.0877639231,2548.45360824742
3443,2536.0824742268,5634.1175257732,0.0,0.0,4.6151169155155304e-14,0.0,2.7130756222812103e-31,0.0,16695.4176639231,2536.0824742268
3444,422.4,0.0,0.0,0.0,2362.28178694158,0.0,-7.90225098033986e-14,0.0,13989.4820545971,2784.68178694158
3445,2443.29896907217,8.26503092783469,0.0,0.0,-1.6504148784835e-13,0.0,4.30115333628296e-30,0.0,13996.2965725971,2443.29896907217
3446,2604.12371134021,7797.2662886598,0.0,0.0,3.26008395182947e-14,0.0,2.4434261016368497e-30,0.0,20425.1426275971,2604.12371134021
3447,2579.38144329897,165.909556701031,0.0,0.0,-1.92142147122071e-13,0.0,8.645390415100429e-30,0.0,20561.9350570971,2579.38144329897
3448,2529.8969072165,401.265092783505,0.0,0.0,-1.3635328608451e-13,0.0,-9.7590300528972e-30,0.0,20892.7781260971,2529.8969072165
3449,2498.96907216495,251.892927835052,0.0,0.0,-3.83258936462469e-14,0.0,-3.20515952975361e-31,0.0,21100.4638450971,2498.96907216495
3450,693.36,0.0,0.0,0.0,2123.07079037801,0.0,-1.41293073613763e-13,0.0,18668.5385411131,2816.43079037801
3451,12.19566,0.0,0.0,0.0,2866.17435257732,0.0,1.5106524804866899e-13,0.0,15385.4064075767,2878.37001257732
3452,0.0,0.0,0.0,0.0,2797.25085910653,0.0,-1.02806206465e-13,0.0,12181.2244383825,2797.25085910653
3453,0.0,0.0,0.0,0.0,2687.2852233677,0.0,-4.70676205151085e-14,0.0,9103.00539672418,2687.2852233677
3454,0.0,0.0,0.0,0.0,2474.22680412371,0.0,1.35362346761034e-13,0.0,6268.83952716666,2474.22680412371
3455,0.0,0.0,0.0,0.0,2329.89690721649,0.0,5.9577177097773706e-15,0.0,3600.0,2329.89690721649
3456,0.0,0.0,0.0,0.0,0.0,0.0,1866.0,0.0,7200.0,1866.0
3457,0.0,0.0,0.0,0.0,0.0,0.0,1998.0,0.0,7200.0,1998.0
3458,0.0,0.0,0.0,0.0,0.0,0.0,2028.0,0.0,7200.0,2028.0
3459,0.0,0.0,0.0,0.0,0.0,0.0,1968.0,340.601399320887,7480.82585374007,1968.0
3460,0.0,352.746,0.0,0.0,0.0,0.0,1932.0,0.0,7771.66493074007,1932.0
3461,237.3294,0.0,0.0,0.0,2100.56183505155,0.0,2.41949781721678e-14,0.0,5365.5230807383,2337.89123505155
3462,734.478,0.0,0.0,0.0,1541.30164948454,0.0,-5.75161222658158e-14,0.0,3600.0,2275.77964948454
3463,2146.39175257732,1562.59824742268,0.0,0.0,1.69691678377019e-13,0.0,4.06272176956811e-30,0.0,4888.362255,2146.39175257732
3464,2158.76288659794,0.0,0.0,1252.65711340206,2.94257545380557e-14,1124.740248615,-1.6229952589192702e-31,0.0,3600.0,2158.76288659794
3465,2195.87628865979,190.307010309279,0.0,3810.55670103093,1.13902817339458e-13,-7.64294306540785e-14,4.29523989311555e-31,0.0,3756.90813,2195.87628865979
3466,2183.50515463918,645.988144329896,0.0,3810.55670103093,-2.51106093139872e-13,0.0,-1.96311512409391e-29,0.0,4289.525355,2183.50515463918
3467,2072.16494845361,2276.49835051546,0.0,3810.55670103093,2.45561441567615e-13,0.0,1.2439983131679299e-30,0.0,6166.498245,2072.1649484536106
3468,2214.43298969072,4401.87030927835,0.0,3810.55670103093,1.56141348740159e-13,0.0,6.2348403089768394e-30,0.0,9795.840315,2214.43298969072
3469,2263.9175257732,8423.20577319587,0.0,3810.55670103093,1.0035248770259699e-13,0.0,2.6016425287202897e-30,0.0,16740.773475,2263.9175257732
3470,2313.40206185567,10611.0779381443,0.0,0.0,4.4563626665035705e-14,0.0,-1.0315552515362699e-30,0.0,25489.607235,2313.40206185567
3471,2270.10309278351,8322.6869072165,0.0,0.0,-2.22417891376031e-13,0.0,1.03839018663891e-29,0.0,32351.66259,2270.10309278351
3472,2288.65979381443,3193.93020618557,0.0,0.0,-1.8017935997533e-13,0.0,-5.8484000621997896e-30,0.0,34985.058045,2288.65979381443
3473,2208.24742268041,1127.69375084719,2.27373675443232e-13,922.8888264724,-2.6363106499505902e-14,0.0,-1.0407950251167099e-30,0.0,35914.8415425735,2208.24742268041
3474,814.569,0.0,0.0,0.0,1610.38725085911,0.0,9.039948745279091e-14,0.0,34070.1826068815,2424.95625085911
3475,487.71,0.0,0.0,0.0,2152.25807560137,0.0,-9.34927547369544e-14,0.0,31604.8239864905,2639.96807560137
3476,0.0,0.0,0.0,0.0,2742.26804123711,0.0,1.23560305171887e-13,0.0,28463.6234810642,2742.26804123711
3477,0.0,0.0,0.0,0.0,2597.9381443299,0.0,-1.7546508576002099e-13,0.0,25487.7493180288,2597.9381443299
3478,0.0,0.0,0.0,0.0,2694.15807560137,0.0,2.3885174861251402e-14,0.0,22401.6575933995,2694.15807560137
3479,0.0,0.0,0.0,0.0,2577.31958762887,0.0,8.670965434782951e-15,0.0,19449.4014792771,2577.31958762887
3480,0.0,0.0,0.0,0.0,2694.15807560137,0.0,2.3885174861251402e-14,0.0,16363.3097546478,2694.15807560137
3481,0.0,0.0,0.0,0.0,2859.10652920962,0.0,1.38774514598356e-13,0.0,13088.2736387147,2859.10652920962
3482,0.0,0.0,0.0,0.0,2680.41237113402,0.0,-1.18020415891468e-13,0.0,10017.9272800274,2680.41237113402
3483,0.0,0.0,0.0,0.0,2714.77663230241,0.0,-1.60250876333552e-13,0.0,6908.21750648512,2714.77663230241
3484,363.606,0.0,0.0,0.0,2132.07580756014,0.0,-1.1853970994558e-13,0.0,4465.97717709207,2495.6818075601404
3485,1744.344,0.0,0.0,0.0,755.998075601375,0.0,-5.897538890995429e-16,0.0,3600.0,2500.342075601375
3486,2542.26804123711,3.17670571834393e-13,1.37076779052071e-13,2429.69195876289,2.2865562439482e-13,0.0,1.0301645177353399e-29,0.0,3600.0,2542.2680412371105
3487,2560.82474226804,2023.57855670103,0.0,3810.55670103093,-2.34380678522772e-13,-7.64294306540785e-14,-1.9197544152819e-29,0.0,5268.44052,2560.82474226804
3488,2585.56701030928,4664.63628865979,0.0,3810.55670103093,-9.637691882406331e-15,-7.64294306540785e-14,-6.07187936996662e-31,0.0,9114.43314,2585.56701030928
3489,2585.56701030928,6522.86628865979,0.0,3810.55670103093,-9.637691882406331e-15,-7.64294306540785e-14,-6.07187936996662e-31,0.0,14492.536395,2585.56701030928
3490,2604.12371134021,7533.15958762887,0.0,3810.55670103093,3.26008395182947e-14,-7.64294306540785e-14,2.4434261016368497e-30,0.0,20703.626475,2604.12371134021
3491,2579.38144329897,8122.9218556701,0.0,3810.55670103093,-1.92142147122071e-13,-7.64294306540785e-14,8.645390415100429e-30,0.0,27400.975545,2579.38144329897
3492,2684.53608247423,7920.95721649484,0.0,3810.55670103093,-1.2121541395753e-13,-7.64294306540785e-14,3.90523345585547e-31,0.0,33931.80477,2684.53608247423
3493,2622.68041237113,7356.32288659794,0.0,3810.55670103093,7.48393709189958e-14,-7.64294306540785e-14,-2.77006670282495e-30,0.0,39997.09299,2622.68041237113
3494,2839.17525773196,5940.75804123711,0.0,3810.55670103093,-1.0607754183054899e-13,-7.64294306540785e-14,-4.78732380058795e-31,0.0,44895.247995,2839.17525773196
3495,2721.64948453608,4057.43381443299,0.0,3810.55670103093,-3.67383511561274e-14,-7.64294306540785e-14,9.82346860789029e-31,0.0,48240.602175,2721.64948453608
3496,2585.56701030928,1338.77628865979,0.0,3810.55670103093,-9.637691882406331e-15,-7.64294306540785e-14,-6.07187936996662e-31,0.0,49344.423225,2585.56701030928
3497,2548.45360824742,0.0,0.0,1699.18639175258,-9.41147546838085e-14,2345.96701030928,-3.9537137332319194e-30,0.0,46657.1757905106,2548.45360824742
3498,1305.642,0.0,0.0,-7.475724160666341e-14,1435.884604811,4233.95189003436,-7.70301429667857e-14,0.0,40162.5177208137,2741.526604811
3499,468.045,0.0,0.0,-7.475724160666341e-14,2332.18367697594,4233.95189003436,1.18739122848723e-13,0.0,32641.1711377549,2800.2286769759403
3500,0.0,0.0,0.0,0.0,2824.74226804124,4233.95189003436,1.8100497504044e-13,0.0,24555.6108192262,2824.74226804124
3501,0.0,0.0,0.0,0.0,2673.53951890034,4233.95189003436,-1.88973211267828e-13,0.0,16643.2495260593,2673.53951890034
3502,0.0,0.0,0.0,0.0,2701.03092783505,4233.95189003436,9.48379702376113e-14,0.0,8699.39750100838,2701.03092783505
3503,0.0,0.0,0.0,0.0,2673.53951890034,1778.23449947997,-1.88973211267828e-13,0.0,3600.0,2673.53951890034
3504,0.0,0.0,0.0,0.0,2360.17673539519,0.0,219.56571,0.0,4496.47567537779,2579.74244539519
3505,0.0,0.0,0.0,0.0,0.0,0.0,2460.0,0.0,4496.47567537779,2460.0
3506,0.0,0.0,0.0,0.0,0.0,0.0,2370.0,0.0,4496.47567537779,2370.0
3507,0.0,0.0,0.0,0.0,0.0,0.0,2430.0,0.0,4496.47567537779,2430.0
3508,401.46,0.0,0.0,0.0,0.0,0.0,1854.5838,0.0,4496.47567537779,2256.0438
3509,1782.237,0.0,0.0,0.0,782.623264604811,0.0,2.12854147900373e-14,0.0,3600.0,2564.860264604811
3510,2511.34020618557,2343.13979381443,0.0,0.0,-1.78591817485211e-13,0.0,6.473271875691689e-30,0.0,5531.91876,2511.34020618557
3511,2505.15463917526,1880.73865979381,0.0,3810.55670103093,1.44178561593418e-13,-7.64294306540785e-14,-1.3089874619771299e-30,0.0,7082.587785,2505.15463917526
3512,2443.29896907217,4697.70432989691,0.0,3810.55670103093,-1.6504148784835e-13,-7.64294306540785e-14,4.30115333628296e-30,0.0,10955.845005,2443.29896907217
3513,2387.62886597938,0.0,0.0,2759.98113402062,2.1351775226784e-13,1167.30618556701,1.52091778870695e-31,0.0,9618.72451752347,2387.62886597938
3514,2412.37113402062,3792.18216494845,0.0,3810.55670103093,-6.70140954100875e-14,-7.64294306540785e-14,2.72085831207771e-30,0.0,12745.3787125235,2412.37113402062
3515,2369.07216494845,4998.85113402062,0.0,3810.55670103093,1.71279220867139e-13,-7.64294306540785e-14,-5.653224540794589e-30,0.0,16866.9314725235,2369.07216494845
3516,2375.25773195876,3711.66556701031,0.0,3810.55670103093,-1.5149115821149e-13,0.0,2.12903479687423e-30,0.0,19927.1997325235,2375.25773195876
3517,2344.32989690722,5673.0496422635,0.0,2236.17046082928,-5.3463765773226904e-14,0.0,5.48739772668981e-31,0.0,24604.6291625697,2344.32989690722
3518,2505.15463917526,6098.72536082474,0.0,0.0,1.44178561593418e-13,0.0,-1.3089874619771299e-30,0.0,29633.0282225697,2505.15463917526
3519,2424.74226804124,4722.78773195876,0.0,0.0,-2.07280019249051e-13,0.0,-1.5041629833823198e-30,0.0,33526.9667075697,2424.74226804124
3520,2424.74226804124,1607.64773195876,0.0,0.0,-2.07280019249051e-13,0.0,-1.5041629833823198e-30,0.0,34852.4722625697,2424.74226804124
3521,1486.764,0.0,0.0,0.0,918.486735395189,0.0,1.10675677252118e-14,0.0,33800.3683274091,2405.2507353951887
3522,363.267,0.0,0.0,0.0,2256.16381443299,0.0,-1.76072198928464e-13,0.0,31215.988242148,2619.43081443299
3523,80.4141,0.0,0.0,0.0,2563.57196219931,0.0,-6.50225260972815e-14,0.0,28279.4796943824,2643.98606219931
3524,0.0,0.0,0.0,0.0,2577.31958762887,0.0,8.670965434782951e-15,0.0,25327.22358026,2577.31958762887
3525,0.0,0.0,0.0,0.0,2329.89690721649,0.0,5.9577177097773706e-15,0.0,22658.3840530934,2329.89690721649
3526,0.0,0.0,0.0,0.0,2336.76975945017,0.0,-9.27102487945139e-14,0.0,19981.6718429557,2336.76975945017
3527,0.0,0.0,0.0,0.0,2329.89690721649,0.0,5.9577177097773706e-15,0.0,17312.8323157891,2329.89690721649
3528,0.0,0.0,0.0,0.0,2405.49828178694,0.0,-1.77171169678681e-13,0.0,14557.3932759415,2405.49828178694
3529,0.0,0.0,0.0,0.0,2384.87972508591,0.0,6.96488151612213e-15,0.0,11825.5722850069,2384.87972508591
3530,0.0,0.0,0.0,0.0,2357.3883161512,0.0,1.20148137334566e-13,0.0,9125.24202595624,2357.3883161512
3531,0.0,0.0,0.0,0.0,2350.51546391753,0.0,4.9195341958205904e-14,0.0,6432.7844498766,2350.51546391753
3532,344.397,0.0,0.0,0.0,1960.97927835052,0.0,-3.72164889513184e-14,0.0,4186.53098097566,2305.37627835052
3533,1790.709,0.0,0.0,0.0,512.041546391753,0.0,7.389718253122181e-15,0.0,3600.0,2302.750546391753
3534,2251.54639175258,3.34290436067763e-13,1.20456914818701e-13,2913.61360824742,2.40618411541561e-13,0.0,1.78454729483074e-29,0.0,3600.0,2251.5463917525803
3535,2282.47422680412,2614.91907216495,0.0,3810.55670103093,1.42591019103298e-13,-7.64294306540785e-14,8.40695884838557e-30,0.0,5756.000775,2282.47422680412
3536,2288.65979381443,5338.64350515464,0.0,3810.55670103093,-1.8017935997533e-13,-7.64294306540785e-14,-5.8484000621997896e-30,0.0,10157.712345,2288.65979381443
3537,2301.03092783505,7325.44237113402,0.0,3810.55670103093,1.84829550504e-13,-7.64294306540785e-14,-7.825343080203319e-30,0.0,16197.53958,2301.03092783505
3538,2307.21649484536,7958.49680412371,0.0,3810.55670103093,-1.37940828574629e-13,-7.64294306540785e-14,-4.30837425345009e-32,0.0,22759.320195,2307.21649484536
3539,2282.47422680412,4630.31907216495,0.0,3810.55670103093,1.42591019103298e-13,0.0,8.40695884838557e-30,0.0,26577.01827,2282.47422680412
3540,2325.77319587629,0.0,0.0,1766.79680412371,-9.5702297173928e-14,0.0,-5.256576546996309e-30,0.0,26577.01827,2325.77319587629
3541,2313.40206185567,5012.56793814433,0.0,0.0,4.4563626665035705e-14,0.0,-1.0315552515362699e-30,0.0,30709.880535,2313.40206185567
3542,2356.70103092784,7237.26896907216,0.0,0.0,-1.93729689612191e-13,0.0,-3.67628152279106e-30,0.0,36677.0088,2356.70103092784
3543,2270.10309278351,3626.2169072165,0.0,0.0,-2.22417891376031e-13,0.0,1.03839018663891e-29,0.0,39666.82464,2270.10309278351
3544,2208.24742268041,5444.12257731959,0.0,0.0,-2.6363106499505902e-14,0.0,-1.0407950251167099e-30,0.0,44155.503705,2208.24742268041
3545,2177.31958762887,0.0,0.0,1789.22041237113,7.166428593875681e-14,0.0,-5.37579233035373e-30,0.0,44155.503705,2177.31958762887
3546,1935.417,0.0,0.0,0.0,186.306426116839,4233.95189003436,1.83729729406828e-15,0.0,39092.2066647352,2121.7234261168387
3547,115.584,0.0,0.0,0.0,2208.34309278351,4233.95189003436,5.48545086558923e-14,0.0,31712.7164209575,2323.92709278351
3548,0.0,0.0,0.0,0.0,2309.27835051546,4233.95189003436,2.04730070239298e-14,0.0,24217.6073252533,2309.27835051546
3549,0.0,0.0,0.0,0.0,2398.62542955326,4233.95189003436,1.48870472268842e-13,0.0,16620.1533509261,2398.62542955326
3550,0.0,0.0,0.0,0.0,2350.51546391753,4233.95189003436,4.9195341958205904e-14,0.0,9077.80815739585,2350.51546391753
3551,0.0,0.0,0.0,0.0,2426.11683848797,2356.0096829186,3.56872164503982e-14,0.0,3600.0,2426.11683848797
3552,0.0,0.0,0.0,0.0,2487.97250859107,0.0,-1.19726499810129e-13,0.0,4350.0887645005,2487.97250859107
3553,0.0,0.0,0.0,0.0,654.827491408935,0.0,1606.3356,0.0,3600.0,2261.163091408935
3554,0.0,0.0,0.0,0.0,0.0,0.0,2208.0,0.0,3600.0,2208.0
3555,0.0,0.0,0.0,0.0,0.0,0.0,2196.0,0.0,3600.0,2196.0
3556,441.735,0.0,0.0,0.0,0.0,0.0,1869.51705,0.0,3600.0,2311.25205
3557,1772.037,0.0,0.0,0.0,0.0,0.0,693.12411,0.0,3600.0,2465.16111
3558,2511.34020618557,2459.02979381443,0.0,0.0,-1.78591817485211e-13,0.0,6.473271875691689e-30,0.0,5627.470065,2511.34020618557
3559,2523.71134020619,2573.3845126134,9.09494701772928e-13,3275.87414718042,1.86417092994119e-13,0.0,4.4963288576881596e-30,0.0,7749.22559564975,2523.71134020619
3560,2554.63917525773,4760.03412371134,0.0,3810.55670103093,8.83897005558564e-14,0.0,-4.94218524223368e-30,0.0,11673.8737306497,2554.63917525773
3561,2653.60824742268,10419.7317525773,0.0,0.0,-2.3188021519266902e-14,0.0,-1.1897716786196999e-30,0.0,20264.9425606497,2653.60824742268
3562,2678.35051546392,8305.66948453608,0.0,0.0,2.01554965121099e-13,0.0,-7.39173599208328e-30,0.0,27112.9670506497,2678.35051546392
3563,2678.35051546392,10621.0094845361,0.0,0.0,2.01554965121099e-13,0.0,-7.39173599208328e-30,0.0,35869.9893706497,2678.35051546392
3564,2505.15463917526,9572.66536082474,0.0,0.0,1.44178561593418e-13,0.0,-1.3089874619771299e-30,0.0,43762.6519606497,2505.15463917526
3565,2591.75257731959,9577.29742268041,0.0,0.0,1.72866763357259e-13,0.0,6.66844739709689e-30,0.0,51659.1336856497,2591.75257731959
3566,2505.15463917526,7160.75536082474,0.0,0.0,1.44178561593418e-13,0.0,-1.3089874619771299e-30,0.0,57563.1764806497,2505.15463917526
3567,2579.38144329897,5838.58855670103,0.0,0.0,-1.92142147122071e-13,0.0,8.645390415100429e-30,0.0,62377.0927456497,2579.38144329897
3568,2468.0412371134,4038.8687628866,0.0,0.0,5.97014987920158e-14,0.0,-1.90081097718061e-30,0.0,65707.1400406497,2468.0412371134
3569,2301.03092783505,1637.57907216495,0.0,0.0,1.84829550504e-13,0.0,-7.825343080203319e-30,0.0,67057.3239856497,2301.03092783505
3570,1214.598,0.0,0.0,0.0,1330.85903780069,4233.95189003436,-9.31328631320826e-14,0.0,60682.9701164229,2545.45703780069
3571,511.527,0.0,0.0,0.0,2249.50608247423,4233.95189003436,3.9959255148755606e-15,0.0,53256.3286817051,2761.03308247423
3572,0.0,0.0,0.0,0.0,2783.50515463918,4233.95189003436,1.52282640106164e-13,0.0,45218.0044610023,2783.50515463918
3573,0.0,0.0,0.0,0.0,2831.61512027491,0.0,-1.45036666907084e-13,0.0,41974.4590769532,2831.61512027491
3574,0.0,0.0,0.0,0.0,2804.12371134021,0.0,-3.185341108864e-14,0.0,38762.404424788,2804.12371134021
3575,0.0,0.0,0.0,0.0,2804.12371134021,0.0,-3.185341108864e-14,0.0,35550.3497726228,2804.12371134021
3576,0.0,0.0,0.0,0.0,2742.26804123711,0.0,1.23560305171887e-13,0.0,32409.1492671966,2742.26804123711
3577,0.0,0.0,0.0,0.0,2714.77663230241,0.0,-1.60250876333552e-13,0.0,29299.4394936543,2714.77663230241
3578,0.0,0.0,0.0,0.0,2859.10652920962,0.0,1.38774514598356e-13,0.0,26024.4033777212,2859.10652920962
3579,0.0,0.0,0.0,0.0,2859.10652920962,0.0,1.38774514598356e-13,0.0,22749.367261788,2859.10652920962
3580,637.842,0.0,0.0,0.0,2136.64749140893,0.0,1.4158389570335e-13,0.0,20301.8901811363,2774.48949140893
3581,635.889,0.0,0.0,0.0,2200.67316151203,0.0,2.9829779822264904e-14,0.0,17781.0732721878,2836.5621615120303
3582,921.51,0.0,0.0,0.0,1800.84226804124,4233.95189003436,4.5631805321755e-15,0.0,10868.3651873361,2722.35226804124
3583,2560.82474226804,0.0,0.0,1780.98525773196,-2.34380678522772e-13,2255.0793814433,-1.9197544152819e-29,0.0,8285.22729335748,2560.82474226804
3584,2443.29896907217,5262.51432989691,0.0,3810.55670103093,-1.6504148784835e-13,-7.64294306540785e-14,4.30115333628296e-30,0.0,12624.1703583575,2443.29896907217
3585,2517.52577319588,7454.30752577319,0.0,3810.55670103093,3.91263775445419e-15,-7.64294306540785e-14,-2.46041953736201e-32,0.0,18770.2469133575,2517.52577319588
3586,2597.9381443299,8929.36515463917,0.0,3810.55670103093,-1.4990361572137e-13,-7.64294306540785e-14,-7.58691151348847e-30,0.0,26132.5084833575,2597.9381443299
3587,2567.01030927835,9778.87298969072,0.0,3810.55670103093,-5.18762232831074e-14,-7.64294306540785e-14,1.85160258643337e-30,0.0,34195.1892633575,2567.01030927835
3588,2622.68041237113,9667.43288659794,0.0,3810.55670103093,7.48393709189958e-14,-7.64294306540785e-14,-2.77006670282495e-30,0.0,42165.9876783575,2622.68041237113
3589,2498.96907216495,8786.41422680412,0.0,3810.55670103093,-3.83258936462469e-14,-7.64294306540785e-14,-3.20515952975361e-31,0.0,49410.3862083575,2498.96907216495
3590,2542.26804123711,4891.02525773196,0.0,3810.55670103093,2.2865562439482e-13,-7.64294306540785e-14,1.0301645177353399e-29,0.0,53443.0365333575,2542.2680412371105
3591,2696.90721649485,2393.32608247423,0.0,3810.55670103093,2.437934965218e-13,-7.64294306540785e-14,-1.5864196724179897e-30,0.0,55416.3338883575,2696.9072164948507
3592,2764.94845360825,0.0,0.0,3191.64154639175,2.3024316688494e-13,687.68350515464,-2.1451919381263398e-29,0.0,54628.60936928,2764.9484536082505
3593,2771.13402061856,0.0,0.0,580.165979381443,-9.2527212193689e-14,3589.32302405498,-2.6508509194675297e-30,0.0,50517.1282420693,2771.13402061856
3594,1982.076,0.0,0.0,-7.475724160666341e-14,759.892646048111,4233.95189003436,-2.2183334909357e-14,0.0,44796.8023129943,2741.968646048111
3595,583.425,0.0,0.0,-7.475724160666341e-14,2410.16924398625,4233.95189003436,1.33884315623309e-13,0.0,37186.1251835319,2993.59424398625
3596,0.0,0.0,0.0,0.0,3168.38487972509,4233.95189003436,1.55694807943485e-13,0.0,28706.9307164535,3168.38487972509
3597,0.0,0.0,0.0,0.0,3079.03780068729,4233.95189003436,2.7297342698573e-14,0.0,20330.081127998,3079.03780068729
3598,0.0,0.0,0.0,0.0,3092.78350515464,4233.95189003436,1.69202933451293e-13,0.0,11937.4861736005,3092.78350515464
3599,0.0,0.0,0.0,0.0,3044.6735395189,4233.95189003436,6.952780314065681e-14,0.0,3600.0,3044.6735395189
3600,0.0,0.0,0.0,0.0,0.0,0.0,2682.0,0.0,7200.0,2682.0
3601,0.0,0.0,0.0,0.0,0.0,0.0,2616.0,0.0,7200.0,2616.0
3602,0.0,0.0,0.0,0.0,0.0,0.0,2706.0,0.0,7200.0,2706.0
3603,0.0,0.0,0.0,0.0,0.0,0.0,2622.0,0.0,7200.0,2622.0
3604,38.7252,0.0,0.0,0.0,2413.85694158076,0.0,405.139446,0.0,4434.98632121334,2857.72158758076
3605,2090.343,0.0,0.0,0.0,728.943058419244,0.0,9.3666284655911e-15,0.0,3600.0,2819.286058419244
3606,2641.23711340206,1.6265597785974199e-13,-1.6265597785974199e-13,2492.39288659794,1.17077902319697e-13,0.0,3.0352496168403298e-30,0.0,3600.0,2641.23711340206
3607,2734.0206185567,2121.37268041237,0.0,3810.55670103093,-1.7700427499509099e-13,-7.64294306540785e-14,-3.2426744346710094e-30,0.0,5349.071775,2734.0206185567
3608,2665.9793814433,5064.73391752577,0.0,3810.55670103093,-1.63453945358231e-13,-7.64294306540785e-14,-5.41479297407974e-30,0.0,9524.94489,2665.9793814433
3609,2703.09278350515,7267.81051546392,0.0,3810.55670103093,-7.89768825568285e-14,-7.64294306540785e-14,-4.822969458876259e-30,0.0,15517.25466,2703.09278350515
3610,2659.79381443299,8952.49948453608,0.0,3810.55670103093,1.59316433720398e-13,-7.64294306540785e-14,8.840565936505619e-30,0.0,22898.590485,2659.79381443299
3611,2690.72164948454,9653.36164948453,0.0,3810.55670103093,6.128904128213531e-14,-7.64294306540785e-14,-5.9794816341622105e-31,0.0,30857.787165,2690.72164948454
3612,2715.46391752577,9617.7593814433,0.0,3810.55670103093,-2.19242806395792e-13,-7.64294306540785e-14,-9.0479907543363e-30,0.0,38787.629775,2715.46391752577
3613,2635.05154639175,8796.79175257732,0.0,3810.55670103093,-6.54265529199679e-14,-7.64294306540785e-14,4.0237211258421e-30,0.0,46040.584575,2635.05154639175
3614,2721.64948453608,7032.44381443299,0.0,3810.55670103093,-3.67383511561274e-14,-7.64294306540785e-14,9.82346860789029e-31,0.0,51838.8345,2721.64948453608
3615,2678.35051546392,4700.10278350515,0.0,3810.55670103093,2.01554965121099e-13,-7.64294306540785e-14,-7.39173599208328e-30,0.0,55714.069245,2678.35051546392
3616,2585.56701030928,1829.30628865979,0.0,3810.55670103093,-9.637691882406331e-15,-7.64294306540785e-14,-6.07187936996662e-31,0.0,57222.33228,2585.56701030928
3617,2567.01030927835,0.0,0.0,2003.48969072165,-5.18762232831074e-14,2007.85223367698,1.85160258643337e-30,0.0,54922.3869951466,2567.01030927835
3618,1383.282,0.0,0.0,0.0,1219.03374570447,4233.95189003436,-2.1026675963567802e-14,0.0,48676.126244014,2602.31574570447
3619,456.939,0.0,0.0,0.0,2323.90512027491,4233.95189003436,-8.31834066156835e-14,0.0,41164.2625437742,2780.84412027491
3620,74.7102,0.0,0.0,0.0,2810.45945704467,4233.95189003436,3.5915198738658e-14,0.0,33095.062833489,2885.16965704467
3621,0.0,0.0,0.0,0.0,2865.9793814433,3010.52449281114,-1.87267127349167e-13,0.0,26363.6723704255,2865.9793814433
3622,0.0,0.0,0.0,0.0,2893.47079037801,0.0,9.654405415627211e-14,0.0,23049.2728396374,2893.47079037801
3623,0.0,0.0,0.0,0.0,2975.94501718213,0.0,1.5398872402482399e-13,0.0,19640.4011131974,2975.94501718213
3624,0.0,0.0,0.0,0.0,2893.47079037801,0.0,9.654405415627211e-14,0.0,16326.0015824093,2893.47079037801
3625,0.0,0.0,0.0,0.0,2865.9793814433,0.0,-1.87267127349167e-13,0.0,13043.0927835052,2865.9793814433
3626,0.0,0.0,0.0,0.0,2762.88659793814,0.0,-6.057574602291611e-14,0.0,9878.27422916593,2762.88659793814
3627,0.0,0.0,0.0,0.0,2838.48797250859,0.0,-7.408387153072381e-14,0.0,6626.85616214578,2838.48797250859
3628,365.955,0.0,0.0,0.0,2232.55859106529,0.0,4.7166819056814704e-14,0.0,4069.51527890948,2598.51359106529
3629,1814.607,0.0,0.0,0.0,409.886838487973,0.0,-1.64954506258966e-14,0.0,3600.0,2224.493838487973
3630,2208.24742268041,0.0,0.0,2886.32257731959,-2.6363106499505902e-14,0.0,-1.0407950251167099e-30,0.0,3600.0,2208.24742268041
3631,2282.47422680412,2388.89907216495,0.0,3810.55670103093,1.42591019103298e-13,-7.64294306540785e-14,8.40695884838557e-30,0.0,5569.647285,2282.47422680412
3632,2338.14432989691,5007.24896907216,0.0,3810.55670103093,-2.35968221012892e-13,-7.64294306540785e-14,1.25560204057978e-29,0.0,9698.12406,2338.1443298969098
3633,2294.84536082474,7077.70793814433,0.0,3810.55670103093,2.3250952643346703e-15,-7.64294306540785e-14,4.98841313778767e-32,0.0,15533.694255,2294.84536082474
3634,2387.62886597938,8164.52443298969,0.0,3810.55670103093,2.1351775226784e-13,-7.64294306540785e-14,1.52091778870695e-31,0.0,22265.34465,2387.62886597938
3635,2406.18556701031,8679.24773195876,0.0,3810.55670103093,-2.49518550649752e-13,-7.64294306540785e-14,-7.309479303047609e-30,0.0,29421.384405,2406.1855670103096
3636,2313.40206185567,8547.9312371134,0.0,3810.55670103093,4.4563626665035705e-14,-7.64294306540785e-14,-1.0315552515362699e-30,0.0,36469.15371,2313.40206185567
3637,2387.62886597938,7775.57443298969,0.0,3810.55670103093,2.1351775226784e-13,-7.64294306540785e-14,1.52091778870695e-31,0.0,42880.11483,2387.62886597938
3638,2505.15463917526,6296.58865979382,0.0,3810.55670103093,1.44178561593418e-13,-7.64294306540785e-14,-1.3089874619771299e-30,0.0,48071.65218,2505.15463917526
3639,2449.48453608247,4226.0087628866,0.0,3810.55670103093,1.74629673913147e-14,-7.64294306540785e-14,5.5797954624942105e-31,0.0,51555.996405,2449.48453608247
3640,2498.96907216495,1417.81422680412,0.0,3810.55670103093,-3.83258936462469e-14,-7.64294306540785e-14,-3.20515952975361e-31,0.0,52724.984235,2498.96907216495
3641,2672.16494845361,0.0,0.0,1653.17505154639,1.90505098814342e-14,2397.09072164948,-8.938599210179621e-31,0.0,49979.1758482308,2672.16494845361
3642,1366.164,0.0,0.0,-7.475724160666341e-14,1368.63793814433,4233.95189003436,-2.91737515245239e-14,0.0,43561.5471790685,2734.80193814433
3643,446.256,0.0,0.0,-7.475724160666341e-14,2404.50364261168,4233.95189003436,-1.43066885196298e-13,0.0,35957.3598564499,2850.75964261168
3644,50.2563000000001,0.0,0.0,-7.475724160666341e-14,2899.48612714777,4233.95189003436,1.4475795873485e-13,0.0,27786.1822880855,2949.74242714777
3645,0.0,0.0,0.0,0.0,2955.3264604811,4233.95189003436,-5.88696621042553e-14,0.0,19551.0409931079,2955.3264604811
3646,0.0,0.0,0.0,0.0,2969.07216494845,4233.95189003436,8.303592864846451e-14,0.0,11300.1543321883,2969.07216494845
3647,0.0,0.0,0.0,0.0,2941.58075601375,3780.65397598661,1.96219184466908e-13,0.0,3600.0,2941.58075601375
3648,0.0,0.0,0.0,0.0,0.0,0.0,2358.0,0.0,7200.0,2358.0
3649,0.0,0.0,0.0,0.0,0.0,0.0,2520.0,0.0,7200.0,2520.0
3650,0.0,0.0,0.0,0.0,0.0,0.0,2466.0,0.0,7200.0,2466.0
3651,0.0,0.0,0.0,0.0,0.0,0.0,2436.0,0.0,7200.0,2436.0
3652,371.322,0.0,0.0,0.0,2283.69728522337,0.0,16.1499299999997,0.0,4584.08100203509,2671.169215223369
3653,1806.189,0.0,0.0,0.0,859.102714776632,0.0,9.57638794532713e-16,0.0,3600.0,2665.291714776632
3654,2616.49484536082,-1.49578778100329e-13,1.49578778100329e-13,2344.15515463917,-1.07665084320669e-13,0.0,-1.78159519382318e-30,0.0,3600.0,2616.49484536082
3655,2684.53608247423,1797.02721649485,0.0,3810.55670103093,-1.2121541395753e-13,-7.64294306540785e-14,3.90523345585547e-31,0.0,5081.64894,2684.53608247423
3656,2567.01030927835,4620.34298969072,0.0,3810.55670103093,-5.18762232831074e-14,-7.64294306540785e-14,1.85160258643337e-30,0.0,8891.121735,2567.01030927835
3657,2653.60824742268,6562.31505154639,0.0,3810.55670103093,-2.3188021519266902e-14,-7.64294306540785e-14,-1.1897716786196999e-30,0.0,14301.750495,2653.60824742268
3658,2393.81443298969,8130.19886597938,0.0,3810.55670103093,-1.09252626810789e-13,-7.64294306540785e-14,-3.0844580075875697e-30,0.0,21005.09946,2393.81443298969
3659,2573.19587628866,8590.80742268041,0.0,3810.55670103093,1.30628231956557e-13,-7.64294306540785e-14,8.631310774316031e-31,0.0,28088.22018,2573.19587628866
3660,2567.01030927835,8462.74298969072,0.0,3810.55670103093,-5.18762232831074e-14,0.0,1.85160258643337e-30,0.0,35065.751775,2567.01030927835
3661,2517.52577319588,7884.59752577319,0.0,3810.55670103093,3.91263775445419e-15,0.0,-2.46041953736201e-32,0.0,41566.602435,2517.52577319588
3662,2591.75257731959,6436.55072164949,0.0,3810.55670103093,1.72866763357259e-13,-7.64294306540785e-14,6.66844739709689e-30,0.0,46873.538505,2591.75257731959
3663,2548.45360824742,4398.83969072165,0.0,3810.55670103093,-9.41147546838085e-14,-7.64294306540785e-14,-3.9537137332319194e-30,0.0,50500.38183,2548.45360824742
3664,2560.82474226804,1584.16855670103,0.0,3810.55670103093,-2.34380678522772e-13,0.0,-1.9197544152819e-29,0.0,51806.528805,2560.82474226804
3665,2517.52577319588,0.0,0.0,1975.99422680412,3.91263775445419e-15,2038.40274914089,-2.46041953736201e-32,0.0,49471.5886570723,2517.52577319588
3666,1449.801,0.0,0.0,0.0,1076.3952233677,4233.95189003436,-2.58275263871473e-14,0.0,43388.7168204147,2526.1962233677
3667,504.288,0.0,0.0,0.0,2195.69374570447,4233.95189003436,-9.568933424172521e-14,0.0,36023.7160921915,2699.98174570447
3668,96.3834,0.0,0.0,0.0,2690.15819243986,2941.91489075125,-6.02501902725552e-14,0.0,29572.3150805179,2786.5415924398603
3669,0.0,0.0,0.0,0.0,2797.25085910653,0.0,-1.02806206465e-13,0.0,26368.1331113237,2797.25085910653
3670,0.0,0.0,0.0,0.0,2920.96219931271,0.0,-1.66392016621715e-14,0.0,23022.2428486516,2920.96219931271
3671,0.0,0.0,0.0,0.0,2824.74226804124,0.0,1.8100497504044e-13,0.0,19786.5701475734,2824.74226804124
3672,0.0,0.0,0.0,0.0,2756.01374570447,0.0,-1.31528541399276e-13,0.0,16629.6242762052,2756.01374570447
3673,0.0,0.0,0.0,0.0,2769.75945017182,0.0,1.0377049353443801e-14,0.0,13456.933038895,2769.75945017182
3674,0.0,0.0,0.0,0.0,2790.37800687285,0.0,-1.7375900184136e-13,0.0,10260.6237526718,2790.37800687285
3675,0.0,0.0,0.0,0.0,2810.99656357388,0.0,3.90993842877199e-14,0.0,7040.69641753561,2810.99656357388
3676,367.956,0.0,0.0,0.0,2237.20810996564,0.0,3.2623163033146404e-14,0.0,4478.02962490602,2605.16410996564
3677,1883.328,0.0,0.0,0.0,766.519862542955,0.0,-4.38857486128389e-14,0.0,3600.0,2649.847862542955
3678,2665.9793814433,0.0,0.0,2576.2806185567,-1.63453945358231e-13,0.0,-5.41479297407974e-30,0.0,3600.0,2665.9793814433
3679,2604.12371134021,2316.42958762887,0.0,3810.55670103093,3.26008395182947e-14,-7.64294306540785e-14,2.4434261016368497e-30,0.0,5509.896195,2604.12371134021
3680,2542.26804123711,5043.12525773196,0.0,3810.55670103093,2.2865562439482e-13,-7.64294306540785e-14,1.0301645177353399e-29,0.0,9667.95297,2542.2680412371105
3681,2567.01030927835,7032.49298969072,0.0,3810.55670103093,-5.18762232831074e-14,-7.64294306540785e-14,1.85160258643337e-30,0.0,15466.24344,2567.01030927835
3682,2641.23711340206,8197.20618556701,0.0,3810.55670103093,1.17077902319697e-13,-7.64294306540785e-14,3.0352496168403298e-30,0.0,22224.83994,2641.23711340206
3683,2529.8969072165,8820.79639175258,0.0,3810.55670103093,-1.3635328608451e-13,-7.64294306540785e-14,-9.7590300528972e-30,0.0,29497.586565,2529.8969072165
3684,2628.86597938144,3777.55731958763,0.0,3810.55670103093,-2.47931008159633e-13,-7.64294306540785e-14,5.01219263484387e-30,0.0,32612.182575,2628.8659793814395
3685,2567.01030927835,7950.61298969072,0.0,3810.55670103093,-5.18762232831074e-14,-7.64294306540785e-14,1.85160258643337e-30,0.0,39167.462985,2567.01030927835
3686,2628.86597938144,6648.25731958763,0.0,3810.55670103093,-2.47931008159633e-13,-7.64294306540785e-14,5.01219263484387e-30,0.0,44648.951145,2628.8659793814395
3687,2567.01030927835,4682.65298969072,0.0,3810.55670103093,-5.18762232831074e-14,-7.64294306540785e-14,1.85160258643337e-30,0.0,48509.798535,2567.01030927835
3688,2653.60824742268,1745.36505154639,0.0,3810.55670103093,-2.3188021519266902e-14,-7.64294306540785e-14,-1.1897716786196999e-30,0.0,49948.85202,2653.60824742268
3689,2758.76288659794,0.0,0.0,1938.15711340206,4.77387116452748e-14,2080.4439862543,1.5741703759925098e-30,0.0,47565.7546703387,2758.76288659794
3690,1465.359,0.0,0.0,-7.475724160666341e-14,1382.13261168385,4233.95189003436,-4.3701695397253404e-14,0.0,41132.6681849799,2847.49161168385
3691,471.135,0.0,0.0,-7.475724160666341e-14,2486.82594501718,4233.95189003436,-1.7702670272787e-13,0.0,33434.1826923665,2957.96094501718
3692,97.6284000000001,0.0,0.0,-7.475724160666341e-14,2784.99479037801,4233.95189003436,1.45009328616613e-13,0.0,25394.1521306112,2882.62319037801
3693,0.0,0.0,0.0,0.0,2687.2852233677,4233.95189003436,-4.70676205151085e-14,0.0,17466.0454715023,2687.2852233677
3694,0.0,0.0,0.0,0.0,2701.03092783505,4233.95189003436,9.48379702376113e-14,0.0,9522.19344645142,2701.03092783505
3695,0.0,0.0,0.0,0.0,2707.90378006873,2462.17109868336,1.65790765613971e-13,0.0,3600.0,2707.90378006873
3696,0.0,0.0,0.0,0.0,0.0,0.0,2340.0,0.0,7200.0,2340.0
3697,0.0,0.0,0.0,0.0,0.0,0.0,2376.0,0.0,7200.0,2376.0
3698,0.0,0.0,0.0,0.0,0.0,0.0,2340.0,0.0,7200.0,2340.0
3699,0.0,0.0,0.0,0.0,0.0,0.0,2328.0,0.0,7200.0,2328.0
3700,550.386,0.0,0.0,0.0,2020.76240549828,0.0,7.52123028844279e-14,0.0,4885.26643127345,2571.14840549828
3701,455.775,0.0,0.0,0.0,0.0,0.0,2059.89825,0.0,4885.26643127345,2515.6732500000003
3702,658.989,0.0,0.0,0.0,743.296254295533,0.0,1255.88304,0.0,4033.83887767032,2658.168294295533
3703,2170.473,0.0,0.0,0.0,378.741340206186,0.0,2.02269158581568e-14,0.0,3600.0,2549.214340206186
3704,2573.19587628866,56.2801237113404,0.0,0.0,1.30628231956557e-13,0.0,8.631310774316031e-31,0.0,3646.402962,2573.19587628866
3705,2635.05154639175,4589.03845360825,0.0,0.0,-6.54265529199679e-14,0.0,4.0237211258421e-30,0.0,7430.065167,2635.05154639175
3706,2616.49484536082,11821.9782301292,0.0,534.736924509969,-1.07665084320669e-13,0.0,-1.78159519382318e-30,0.0,17177.2862177415,2616.49484536082
3707,2628.86597938144,12000.0,0.0,990.994020618555,-2.47931008159633e-13,0.0,5.01219263484387e-30,0.0,27071.2862177415,2628.8659793814395
3708,2758.76288659794,12000.0,0.0,718.507113402062,4.77387116452748e-14,0.0,1.5741703759925098e-30,0.0,36965.2862177415,2758.76288659794
3709,2678.35051546392,12000.0,0.0,59.2394845360832,2.01554965121099e-13,0.0,-7.39173599208328e-30,0.0,46859.2862177415,2678.35051546392
3710,2764.94845360825,10507.0515463918,0.0,0.0,2.3024316688494e-13,0.0,-2.1451919381263398e-29,0.0,55522.3502177415,2764.9484536082505
3711,2659.79381443299,8407.50618556701,0.0,0.0,1.59316433720398e-13,0.0,8.840565936505619e-30,0.0,62454.3390677415,2659.79381443299
3712,2740.20618556701,5506.31381443299,0.0,0.0,5.5001802445737005e-15,0.0,-9.9092522125117e-32,0.0,66994.2948077415,2740.20618556701
3713,2641.23711340206,0.0,0.0,2057.48288659794,1.17077902319697e-13,0.0,3.0352496168403298e-30,0.0,66994.2948077415,2641.23711340206
3714,1460.535,0.0,0.0,0.0,1133.1970790378,0.0,-5.2329346049195304e-14,0.0,65696.2454617647,2593.7320790378
3715,434.802,0.0,0.0,0.0,2087.33340206186,0.0,-1.15435956967392e-13,0.0,63305.2564559664,2522.13540206186
3716,95.1408,0.0,0.0,0.0,2396.00621305842,0.0,4.4273928901820703e-14,0.0,60560.6903470794,2491.1470130584203
3717,0.0,0.0,0.0,0.0,2508.5910652921,0.0,9.31318863189505e-14,0.0,57687.1610626669,2508.5910652921
3718,0.0,0.0,0.0,0.0,2756.01374570447,0.0,-1.31528541399276e-13,0.0,54530.2151912986,2756.01374570447
3719,0.0,0.0,0.0,0.0,2646.04810996564,0.0,-7.57899554493846e-14,0.0,51499.2322474663,2646.04810996564
3720,0.0,0.0,0.0,0.0,2694.15807560137,0.0,2.3885174861251402e-14,0.0,48413.140522837,2694.15807560137
3721,0.0,0.0,0.0,0.0,2652.92096219931,0.0,-4.8371600730247e-15,0.0,45374.2848960337,2652.92096219931
3722,0.0,0.0,0.0,0.0,2639.17525773196,0.0,-1.46742750825744e-13,0.0,42351.1746351723,2639.17525773196
3723,0.0,0.0,0.0,0.0,2536.0824742268,0.0,-2.00513694994932e-14,0.0,39446.1546188759,2536.0824742268
3724,271.3428,0.0,0.0,0.0,2234.5904742268,0.0,8.4914458529942e-14,0.0,36886.4862635187,2505.9332742268
3725,0.0,0.0,0.0,0.0,2591.06529209622,0.0,1.50576556187503e-13,0.0,33918.4847834543,2591.06529209622
3726,354.852,0.0,0.0,0.0,2368.60659793814,0.0,1.83832694130249e-13,0.0,31205.3042588974,2723.45859793814
3727,2455.67010309278,796.089896907217,0.0,0.0,1.9996742263098e-13,0.0,2.32421031827943e-30,0.0,31861.6803788974,2455.67010309278
3728,1623.0,0.0,0.0,0.0,877.079037800687,0.0,-3.35712275084875e-14,0.0,30857.0079415542,2500.079037800687
3729,2319.58762886598,88.5573711340207,0.0,0.0,2.27068081904701e-13,0.0,-2.02002676053804e-30,0.0,30930.0234940542,2319.58762886598
3730,1324.983,0.0,0.0,0.0,1256.31900343643,0.0,-7.77277086527941e-15,0.0,29490.941015891,2581.30200343643
3731,942.87,0.0,0.0,0.0,1825.21890034364,0.0,8.78252473419104e-14,0.0,27400.1977165283,2768.08890034364
3732,1666.728,0.0,0.0,0.0,910.966597938145,0.0,-2.1346539473053802e-14,0.0,26356.7079136209,2577.6945979381453
3733,2246.55,0.0,0.0,0.0,266.719931271478,0.0,-1.33391610090579e-14,0.0,26051.1868010534,2513.269931271478
3734,2285.763,0.0,0.0,0.0,147.548556701031,0.0,-2.3526983797576604e-15,0.0,25882.173563137,2433.311556701031
3735,2111.991,0.0,0.0,0.0,388.73852233677,0.0,8.64861697340439e-15,0.0,25436.8831595439,2500.72952233677
3736,1370.574,0.0,0.0,0.0,1336.24652920962,0.0,9.696109964567091e-14,0.0,23906.2456690403,2706.82052920962
3737,858.264,0.0,0.0,0.0,1829.87848797251,0.0,-2.28974555085903e-14,0.0,21810.1649268037,2688.14248797251
3738,534.024,0.0,0.0,0.0,2224.50941580756,0.0,-8.10862321006888e-14,0.0,19262.0441755923,2758.53341580756
3739,138.5832,0.0,0.0,0.0,2643.2695257732,0.0,-1.57682408894054e-14,0.0,16234.2440315222,2781.8527257732
3740,13.48065,0.0,0.0,0.0,2809.76376804124,0.0,9.230263445666021e-14,0.0,13015.7288333077,2823.24441804124
3741,0.0,0.0,0.0,0.0,2756.01374570447,0.0,-1.31528541399276e-13,0.0,9858.78296193951,2756.01374570447
3742,0.0,0.0,0.0,0.0,2735.39518900344,0.0,5.26075097955275e-14,0.0,6725.45513948426,2735.39518900344
3743,0.0,0.0,0.0,0.0,2728.52233676976,0.0,-1.8345285580832402e-14,0.0,3600.0,2728.52233676976
3744,0.0,0.0,0.0,0.0,0.0,0.0,2346.0,0.0,7200.0,2346.0
3745,0.0,0.0,0.0,0.0,0.0,0.0,2346.0,0.0,7200.0,2346.0
3746,0.0,0.0,0.0,0.0,0.0,0.0,2322.0,0.0,7200.0,2322.0
3747,0.0,0.0,0.0,0.0,0.0,0.0,2196.0,0.0,7200.0,2196.0
3748,227.6778,0.0,0.0,0.0,0.0,0.0,1939.152534,0.0,7200.0,2166.830334
3749,71.8131,0.0,0.0,0.0,0.0,0.0,2072.341293,0.0,7200.0,2144.154393
3750,37.9032,0.0,0.0,0.0,0.0,0.0,2093.233896,0.0,7200.0,2131.1370960000004
3751,389.613,0.0,0.0,0.0,965.377525773196,0.0,975.30081,0.0,6094.18381927469,2330.291335773196
3752,689.148,0.0,0.0,0.0,1839.09099656357,0.0,1.12249605105382e-14,0.0,3987.55037533016,2528.23899656357
3753,2033.646,0.0,0.0,0.0,338.331477663231,0.0,-2.31027082306255e-14,0.0,3600.0,2371.977477663231
3754,2356.70103092784,1136.64896907216,0.0,0.0,-1.93729689612191e-13,0.0,-3.67628152279106e-30,0.0,4537.167075,2356.70103092784
3755,2375.25773195876,2494.70226804124,0.0,0.0,-1.5149115821149e-13,0.0,2.12903479687423e-30,0.0,6594.049095,2375.25773195876
3756,2319.58762886598,4530.88237113402,0.0,0.0,2.27068081904701e-13,0.0,-2.02002676053804e-30,0.0,10329.76161,2319.58762886598
3757,2449.48453608247,7930.15546391753,0.0,0.0,1.74629673913147e-14,0.0,5.5797954624942105e-31,0.0,16868.17479,2449.48453608247
3758,2369.07216494845,6426.35783505155,0.0,0.0,1.71279220867139e-13,0.0,-5.653224540794589e-30,0.0,22166.706825,2369.07216494845
3759,2529.8969072165,6696.9930927835,0.0,0.0,-1.3635328608451e-13,0.0,-9.7590300528972e-30,0.0,27688.37763,2529.8969072165
3760,2585.56701030928,3451.06298969072,0.0,0.0,-9.637691882406331e-15,0.0,-6.07187936996662e-31,0.0,30533.779065,2585.56701030928
3761,665.826,0.0,0.0,0.0,2133.04556701031,0.0,2.37979335207156e-14,0.0,28090.4279000397,2798.87156701031
3762,2130.741,0.0,0.0,0.0,470.997972508592,0.0,2.23803162180555e-14,0.0,27550.9113221376,2601.738972508592
3763,615.012,0.0,0.0,0.0,2271.97979381443,0.0,1.6410691435775699e-13,0.0,24948.4144220065,2886.99179381443
3764,117.1482,0.0,0.0,0.0,2887.01746391753,0.0,1.37914599676345e-13,0.0,21641.4070177482,3004.1656639175303
3765,0.0,0.0,0.0,0.0,2969.07216494845,0.0,8.303592864846451e-14,0.0,18240.4079742791,2969.07216494845
3766,0.0,0.0,0.0,0.0,3072.16494845361,0.0,-4.36554526777868e-14,0.0,14721.3186862452,3072.16494845361
3767,0.0,0.0,0.0,0.0,0.0,0.0,2622.0,0.0,14721.3186862452,2622.0
3768,0.0,0.0,0.0,0.0,2859.10652920962,0.0,1.38774514598356e-13,0.0,11446.2825703121,2859.10652920962
3769,0.0,0.0,0.0,0.0,2920.96219931271,0.0,-1.66392016621715e-14,0.0,8100.39230764003,2920.96219931271
3770,0.0,0.0,0.0,0.0,943.418979415105,0.0,1798.39523097061,0.0,7019.72910097897,2741.814210385716
3771,0.0,0.0,0.0,0.0,0.0,0.0,2550.0,0.0,7019.72910097897,2550.0
3772,521.433,0.0,0.0,0.0,2231.62656357388,0.0,4.41891246007821e-15,0.0,4463.45583228036,2753.05956357388
3773,1975.191,0.0,0.0,0.0,753.796941580756,0.0,-5.482197910600991e-15,0.0,3600.0,2728.987941580756
3774,2789.69072164948,-6.98659131022347e-14,6.98659131022347e-14,2295.78927835051,-5.02886807929879e-14,0.0,-2.3549391618657898e-30,0.0,3600.0,2789.69072164948
3775,2746.39175257732,1901.49154639175,0.0,3810.55670103093,1.88004635484239e-13,-7.64294306540785e-14,-5.219617452674539e-30,0.0,5167.77978,2746.39175257732
3776,2703.09278350515,4692.43051546392,0.0,3810.55670103093,-7.89768825568285e-14,-7.64294306540785e-14,-4.822969458876259e-30,0.0,9036.68874,2703.09278350515
3777,2573.19587628866,4166.88742268041,0.0,3810.55670103093,1.30628231956557e-13,-7.64294306540785e-14,8.631310774316031e-31,0.0,12472.28742,2573.19587628866
3778,2690.72164948454,4875.71164948454,0.0,3810.55670103093,6.128904128213531e-14,-7.64294306540785e-14,-5.9794816341622105e-31,0.0,16492.311675,2690.72164948454
3779,2746.39175257732,5311.05154639175,0.0,3810.55670103093,1.88004635484239e-13,-7.64294306540785e-14,-5.219617452674539e-30,0.0,20871.273675,2746.39175257732
3780,2678.35051546392,2701.89278350515,0.0,3810.55670103093,2.01554965121099e-13,-7.64294306540785e-14,-7.39173599208328e-30,0.0,23098.984275,2678.35051546392
3781,2690.72164948454,1091.24164948454,0.0,3810.55670103093,6.128904128213531e-14,-7.64294306540785e-14,-5.9794816341622105e-31,0.0,23998.713015,2690.72164948454
3782,2746.39175257732,4812.15154639175,0.0,3810.55670103093,1.88004635484239e-13,-7.64294306540785e-14,-5.219617452674539e-30,0.0,27966.331965,2746.39175257732
3783,2795.87628865979,0.0,0.0,3232.38371134021,1.32215774446677e-13,-1.32215774446677e-13,-8.8528152329311e-30,0.0,27966.331965,2795.87628865979
3784,2703.09278350515,0.0,0.0,3371.51721649484,-7.89768825568285e-14,0.0,-4.822969458876259e-30,0.0,27966.331965,2703.09278350515
3785,2764.94845360825,0.0,0.0,1170.93154639175,2.3024316688494e-13,2932.91683848797,-2.1451919381263398e-29,0.0,24606.7479575682,2764.9484536082505
3786,1961.157,0.0,0.0,0.0,817.500240549828,0.0,4.78364019339314e-14,0.0,23670.3215651858,2778.657240549828
3787,336.942,0.0,0.0,0.0,2587.81931271478,2473.09031403607,7.23542458173561e-14,0.0,17873.1742264105,2924.76131271478
3788,0.0,0.0,0.0,0.0,3065.29209621993,0.0,-1.14608248054147e-13,0.0,14361.9576213476,3065.29209621993
3789,0.0,0.0,0.0,0.0,3092.78350515464,0.0,1.69202933451293e-13,0.0,10819.2502844007,3092.78350515464
3790,0.0,0.0,0.0,0.0,3168.38487972509,0.0,1.55694807943485e-13,0.0,7189.94343477285,3168.38487972509
3791,0.0,0.0,0.0,0.0,3134.0206185567,0.0,1.97925268385569e-13,0.0,3600.0,3134.0206185567
3792,0.0,0.0,0.0,0.0,1856.76573883162,0.0,953.04351,0.0,5073.12057407604,2809.80924883162
3793,0.0,0.0,0.0,0.0,0.0,0.0,2670.0,0.0,5073.12057407604,2670.0
3794,0.0,0.0,0.0,0.0,0.0,0.0,2574.0,0.0,5073.12057407604,2574.0
3795,0.0,0.0,0.0,0.0,0.0,0.0,2232.0,0.0,5073.12057407604,2232.0
3796,539.409,0.0,0.0,0.0,0.0,0.0,1606.77327,0.0,5073.12057407604,2146.18227
3797,167.6079,0.0,0.0,0.0,0.0,0.0,2153.420337,0.0,5073.12057407604,2321.028237
3798,1273.497,0.0,0.0,0.0,1286.03426116839,0.0,-1.9998164437907202e-14,0.0,3600.0,2559.5312611683903
3799,2393.81443298969,2571.31533874974,0.0,575.480228260564,-1.09252626810789e-13,0.0,-3.0844580075875697e-30,0.0,5720.04949679916,2393.81443298969
3800,2387.62886597938,1474.85443298969,0.0,3810.55670103093,2.1351775226784e-13,0.0,1.52091778870695e-31,0.0,6936.06697679916,2387.62886597938
3801,2356.70103092784,2655.65226804124,0.0,3810.55670103093,-1.93729689612191e-13,0.0,-3.67628152279106e-30,0.0,9125.65227179916,2356.70103092784
3802,2356.70103092784,0.0,0.0,2244.96896907216,-1.93729689612191e-13,0.0,-3.67628152279106e-30,0.0,9125.65227179916,2356.70103092784
3803,2344.32989690722,2819.61340206186,0.0,3810.55670103093,-5.3463765773226904e-14,0.0,5.48739772668981e-31,0.0,11450.4235217992,2344.32989690722
3804,2350.51546391753,5377.52783505155,0.0,3810.55670103093,1.29040689466438e-13,0.0,1.05790773877943e-29,0.0,15884.1952217992,2350.51546391753
3805,2270.10309278351,5181.91020618557,0.0,3810.55670103093,-2.22417891376031e-13,0.0,1.03839018663891e-29,0.0,20156.6801867992,2270.10309278351
3806,2430.92783505155,6364.33546391752,0.0,3810.55670103093,-2.47755640093864e-14,0.0,2.6206778864767996e-31,0.0,25404.0747767992,2430.92783505155
3807,2443.29896907217,8247.05103092784,0.0,0.0,-1.6504148784835e-13,0.0,4.30115333628296e-30,0.0,32203.7683517992,2443.29896907217
3808,2665.9793814433,5316.2106185567,0.0,0.0,-1.63453945358231e-13,0.0,-5.41479297407974e-30,0.0,36586.9840067992,2665.9793814433
3809,2641.23711340206,540.682886597938,0.0,0.0,1.17077902319697e-13,0.0,3.0352496168403298e-30,0.0,37032.7770467992,2641.23711340206
3810,973.989,0.0,0.0,0.0,1811.26079037801,0.0,7.347591120488421e-14,0.0,34958.0224186457,2785.24979037801
3811,220.0608,0.0,0.0,0.0,2703.94160824742,0.0,1.25765960504949e-13,0.0,31860.7238983164,2924.00240824742
3812,23.08713,0.0,0.0,0.0,2805.96275360825,0.0,1.29585165271366e-13,0.0,28646.5626685246,2829.0498836082497
3813,0.0,0.0,0.0,0.0,2783.50515463918,0.0,1.52282640106164e-13,0.0,25458.1260652724,2783.50515463918
3814,0.0,0.0,0.0,0.0,2790.37800687285,0.0,-1.7375900184136e-13,0.0,22261.8167790492,2790.37800687285
3815,0.0,0.0,0.0,0.0,2824.74226804124,0.0,1.8100497504044e-13,0.0,19026.1440779711,2824.74226804124
3816,0.0,0.0,0.0,0.0,2810.99656357388,0.0,3.90993842877199e-14,0.0,15806.2167428349,2810.99656357388
3817,0.0,0.0,0.0,0.0,2893.47079037801,0.0,9.654405415627211e-14,0.0,12491.8172120468,2893.47079037801
3818,0.0,0.0,0.0,0.0,2756.01374570447,0.0,-1.31528541399276e-13,0.0,9334.87134067855,2756.01374570447
3819,0.0,0.0,0.0,0.0,2522.33676975945,0.0,-1.61956960252213e-13,0.0,6445.59669032408,2522.33676975945
3820,426.735,0.0,0.0,0.0,1890.11116838488,0.0,-1.89251082922495e-14,0.0,4280.52089606878,2316.84616838488
3821,1890.057,0.0,0.0,0.0,594.094742268042,0.0,3.06139020662997e-14,0.0,3600.0,2484.1517422680417
3822,2542.26804123711,3.17670571834393e-13,1.37076779052071e-13,2500.52195876289,2.2865562439482e-13,0.0,1.0301645177353399e-29,0.0,3600.0,2542.2680412371105
3823,2542.26804123711,2005.20525773196,0.0,3810.55670103093,2.2865562439482e-13,-7.64294306540785e-14,1.0301645177353399e-29,0.0,5253.291735,2542.2680412371105
3824,2517.52577319588,4683.0875257732,0.0,3810.55670103093,3.91263775445419e-15,-7.64294306540785e-14,-2.46041953736201e-32,0.0,9114.4974,2517.52577319588
3825,2529.8969072165,6542.35639175258,0.0,3810.55670103093,-1.3635328608451e-13,-7.64294306540785e-14,-9.7590300528972e-30,0.0,14508.670245,2529.8969072165
3826,2461.85567010309,7778.56762886598,0.0,3810.55670103093,-1.22802956447649e-13,-7.64294306540785e-14,1.01064696559482e-29,0.0,20922.099255,2461.85567010309
3827,2486.59793814433,8391.17536082474,0.0,3810.55670103093,1.01940030192717e-13,-7.64294306540785e-14,3.90450534248468e-30,0.0,27840.62334,2486.59793814433
3828,2554.63917525773,8279.18412371134,0.0,3810.55670103093,8.83897005558564e-14,-7.64294306540785e-14,-4.94218524223368e-30,0.0,34666.81065,2554.63917525773
3829,2517.52577319588,7710.65752577319,0.0,3810.55670103093,3.91263775445419e-15,-7.64294306540785e-14,-2.46041953736201e-32,0.0,41024.24778,2517.52577319588
3830,2567.01030927835,6415.87298969072,0.0,3810.55670103093,-5.18762232831074e-14,-7.64294306540785e-14,1.85160258643337e-30,0.0,46314.13506,2567.01030927835
3831,2498.96907216495,4516.57422680412,0.0,3810.55670103093,-3.83258936462469e-14,-7.64294306540785e-14,-3.20515952975361e-31,0.0,50038.05051,2498.96907216495
3832,2573.19587628866,1735.89742268041,0.0,3810.55670103093,1.30628231956557e-13,-7.64294306540785e-14,8.631310774316031e-31,0.0,51469.297935,2573.19587628866
3833,2567.01030927835,0.0,0.0,2134.46969072165,-5.18762232831074e-14,1862.31890034364,1.85160258643337e-30,0.0,49336.0574993257,2567.01030927835
3834,1604.22,0.0,0.0,-7.475724160666341e-14,1049.14845360825,4233.95189003436,-6.703056162818611e-14,0.0,43284.3961664018,2653.36845360825
3835,500.553,0.0,0.0,-7.475724160666341e-14,2254.82656357388,4233.95189003436,1.69078664959652e-13,0.0,35851.6602516157,2755.37956357388
3836,108.1761,0.0,0.0,-7.475724160666341e-14,2793.89368041237,4233.95189003436,-1.56927104767824e-13,0.0,27801.4362304854,2902.06978041237
3837,0.0,0.0,0.0,0.0,2762.88659793814,4233.95189003436,-6.057574602291611e-14,0.0,19786.7300586956,2762.88659793814
3838,0.0,0.0,0.0,0.0,2838.48797250859,4233.95189003436,-7.408387153072381e-14,0.0,11685.4243742249,2838.48797250859
3839,0.0,0.0,0.0,0.0,2852.23367697594,4206.34180172235,6.782171922199599e-14,0.0,3600.0,2852.23367697594
3840,0.0,0.0,0.0,0.0,2455.73532646048,0.0,322.14306,0.0,4387.01566270277,2777.87838646048
3841,0.0,0.0,0.0,0.0,0.0,0.0,2496.0,0.0,4387.01566270277,2496.0
3842,0.0,0.0,0.0,0.0,0.0,0.0,2346.0,0.0,4387.01566270277,2346.0
3843,44.3496,0.0,0.0,0.0,0.0,0.0,2320.980888,0.0,4387.01566270277,2365.330488
3844,385.368,0.0,0.0,0.0,0.0,0.0,1900.19304,0.0,4387.01566270277,2285.56104
3845,1892.982,0.0,0.0,0.0,687.064673539519,0.0,-2.2994824402752e-14,0.0,3600.0,2580.046673539519
3846,2560.82474226804,-3.25624372329889e-13,-1.29122978556575e-13,2605.98525773196,-2.34380678522772e-13,0.0,-1.9197544152819e-29,0.0,3600.0,2560.82474226804
3847,2418.55670103093,2328.23659793814,0.0,3810.55670103093,1.15490359829577e-13,-7.64294306540785e-14,-9.28642232105115e-30,0.0,5519.631075,2418.55670103093
3848,2455.67010309278,1396.40319587629,0.0,3810.55670103093,1.9996742263098e-13,-7.64294306540785e-14,2.32421031827943e-30,0.0,6670.96551,2455.67010309278
3849,2461.85567010309,7171.24762886598,0.0,3810.55670103093,-1.22802956447649e-13,-7.64294306540785e-14,1.01064696559482e-29,0.0,12583.65918,2461.85567010309
3850,2455.67010309278,8597.66319587629,0.0,3810.55670103093,1.9996742263098e-13,-7.64294306540785e-14,2.32421031827943e-30,0.0,19672.432485,2455.67010309278
3851,2548.45360824742,9181.43969072165,0.0,3810.55670103093,-9.41147546838085e-14,-7.64294306540785e-14,-3.9537137332319194e-30,0.0,27242.52951,2548.45360824742
3852,2573.19587628866,3853.20742268041,0.0,3810.55670103093,1.30628231956557e-13,-7.64294306540785e-14,8.631310774316031e-31,0.0,30419.49903,2573.19587628866
3853,2529.8969072165,2172.10639175258,0.0,3810.55670103093,-1.3635328608451e-13,-7.64294306540785e-14,-9.7590300528972e-30,0.0,32210.40075,2529.8969072165
3854,2678.35051546392,2064.78278350516,0.0,3810.55670103093,2.01554965121099e-13,-7.64294306540785e-14,-7.39173599208328e-30,0.0,33912.814155,2678.35051546392
3855,2529.8969072165,0.0,0.0,3682.68309278351,-1.3635328608451e-13,142.08178694158,-9.7590300528972e-30,0.0,33750.062967209,2529.8969072165
3856,2505.15463917526,1750.08865979381,0.0,3810.55670103093,1.44178561593418e-13,-7.64294306540785e-14,-1.3089874619771299e-30,0.0,35193.011067209,2505.15463917526
3857,2369.07216494845,0.0,0.0,1508.03783505155,1.71279220867139e-13,1779.18082662187,-5.653224540794589e-30,0.0,33155.0032474817,2369.07216494845
3858,1608.075,0.0,0.0,0.0,852.425257731959,0.0,1.58387529895733e-14,0.0,32178.5711080408,2460.500257731959
3859,536.304,0.0,0.0,0.0,2125.75615120275,0.0,5.92870021880908e-16,0.0,29743.5697893664,2662.06015120275
3860,118.2645,0.0,0.0,0.0,2452.78743986254,0.0,8.07545806933208e-14,0.0,26933.9621835673,2571.05193986254
3861,0.0,0.0,0.0,0.0,2460.48109965636,0.0,-6.543243991685521e-15,0.0,24115.5416799518,2460.48109965636
3862,0.0,0.0,0.0,0.0,2426.11683848797,0.0,3.56872164503982e-14,0.0,21336.4845911913,2426.11683848797
3863,0.0,0.0,0.0,0.0,2556.70103092783,0.0,1.92807016629586e-13,0.0,18407.8465259818,2556.70103092783
3864,0.0,0.0,0.0,0.0,2419.2439862543,0.0,-3.5265578925961603e-14,0.0,15636.6621201922,2419.2439862543
3865,0.0,0.0,0.0,0.0,2694.15807560137,0.0,2.3885174861251402e-14,0.0,12550.570395563,2694.15807560137
3866,0.0,0.0,0.0,0.0,2687.2852233677,0.0,-4.70676205151085e-14,0.0,9472.35135390465,2687.2852233677
3867,31.0365,0.0,0.0,0.0,2618.43596219931,0.0,-8.220546738933031e-14,0.0,6472.99744531438,2649.47246219931
3868,485.484,0.0,0.0,0.0,1914.18158075601,0.0,-4.161971819493e-14,0.0,4280.34958648733,2399.66558075601
3869,1927.305,0.0,0.0,0.0,593.945189003437,0.0,-9.51781730939516e-15,0.0,3600.0,2521.2501890034373
3870,2437.11340206186,726.296597938145,0.0,0.0,1.57728891230278e-13,0.0,-3.4811060013858595e-30,0.0,4198.831545,2437.11340206186
3871,2369.07216494845,5852.09783505155,0.0,0.0,1.71279220867139e-13,0.0,-5.653224540794589e-30,0.0,9023.88621,2369.07216494845
3872,2430.92783505155,7307.22216494845,0.0,0.0,-2.47755640093864e-14,0.0,2.6206778864767996e-31,0.0,15048.690885,2430.92783505155
3873,2430.92783505155,8289.78216494845,0.0,0.0,-2.47755640093864e-14,0.0,2.6206778864767996e-31,0.0,21883.61628,2430.92783505155
3874,2486.59793814433,7982.60711552821,0.0,1716.37494632746,1.01940030192717e-13,0.0,3.90450534248468e-30,0.0,28465.275846753,2486.59793814433
3875,2381.44329896907,3068.91,0.0,3810.55670103093,3.10132970281752e-14,0.0,1.14056328787246e-30,0.0,30995.592141753,2381.44329896907
3876,2517.52577319588,4550.74422680412,0.0,0.0,3.91263775445419e-15,0.0,-2.46041953736201e-32,0.0,34747.680756753,2517.52577319588
3877,2430.92783505155,3336.27216494845,0.0,0.0,-2.47755640093864e-14,0.0,2.6206778864767996e-31,0.0,37498.437156753,2430.92783505155
3878,2142.78,0.0,0.0,0.0,375.147079037801,0.0,4.47490414330396e-15,0.0,37068.7154167326,2517.9270790378014
3879,1608.951,0.0,0.0,0.0,927.053298969072,0.0,-9.60821946632771e-15,0.0,36006.7986939731,2536.004298969072
3880,2152.57731958763,1138.99268041237,0.0,0.0,-1.53078700701609e-13,0.0,-1.01926371410173e-29,0.0,36945.8981589731,2152.57731958763
3881,408.279,0.0,0.0,0.0,1828.14360824742,0.0,4.5311565358914105e-14,0.0,34851.8046787355,2236.42260824742
3882,70.9416,0.0,0.0,0.0,2168.59868041237,0.0,-5.61744452191484e-14,0.0,32367.7282979653,2239.54028041237
3883,0.0,0.0,0.0,0.0,2419.2439862543,4233.95189003436,-3.5265578925961603e-14,0.0,24746.6562747251,2419.2439862543
3884,0.0,0.0,0.0,0.0,2570.44673539519,4233.95189003436,-6.22818299415769e-14,0.0,16952.3852261231,2570.44673539519
3885,0.0,0.0,0.0,0.0,2577.31958762887,4233.95189003436,8.670965434782951e-15,0.0,9150.24149455014,2577.31958762887
3886,0.0,0.0,0.0,0.0,2432.98969072165,0.0,1.06640011826758e-13,0.0,6363.31172281858,2432.98969072165
3887,0.0,0.0,0.0,0.0,2412.37113402062,0.0,-1.06218374302322e-13,0.0,3600.0,2412.37113402062
3888,0.0,0.0,0.0,0.0,2405.49828178694,0.0,-1.77171169678681e-13,0.0,4444.56096015241,2405.49828178694
3889,0.0,0.0,0.0,0.0,737.301718213058,0.0,1492.3356,0.0,3600.0,2229.6373182130583
3890,0.0,0.0,0.0,0.0,0.0,0.0,2130.0,0.0,3600.0,2130.0
3891,0.0,0.0,0.0,0.0,0.0,0.0,2148.0,0.0,3600.0,2148.0
3892,606.681,0.0,0.0,0.0,0.0,0.0,1517.51943,0.0,3600.0,2124.20043
3893,579.375,0.0,0.0,0.0,0.0,0.0,1646.00625,0.0,3600.0,2225.38125
3894,638.343,0.0,0.0,0.0,0.0,0.0,1660.80729,0.0,3600.0,2299.15029
3895,2232.98969072165,858.48030927835,0.0,0.0,1.9837988014086e-13,0.0,-9.997461619612059e-30,0.0,4307.817015,2232.98969072165
3896,2344.32989690722,2414.45010309278,0.0,0.0,-5.3463765773226904e-14,0.0,5.48739772668981e-31,0.0,6298.531125,2344.32989690722
3897,2325.77319587629,803.376804123711,0.0,0.0,-9.5702297173928e-14,0.0,-5.256576546996309e-30,0.0,6960.9153,2325.77319587629
3898,2325.77319587629,101.958804123711,0.0,0.0,-9.5702297173928e-14,0.0,-5.256576546996309e-30,0.0,7044.980334,2325.77319587629
3899,2356.70103092784,81.4589690721646,0.0,0.0,0.0,0.0,-1.69126019031442e-13,0.0,7112.143254,2356.70103092784
3900,0.0,2142.876,0.0,0.0,0.0,0.0,2274.0,2019.99044469597,10544.4266376518,2274.0
3901,0.0,2241.948,0.0,0.0,0.0,0.0,2358.0,9758.052,20438.4266376518,2358.0
3902,762.51,12000.0,0.0,0.0,0.0,0.0,1510.3653,0.0,30332.4266376518,2272.8753
3903,0.0,10597.29,0.0,0.0,0.0,0.0,2154.0,0.0,39069.8922426518,2154.0
3904,2080.173,0.0,0.0,0.0,87.3220962199316,0.0,3.02570785532185e-15,0.0,38969.8669319761,2167.4950962199314
3905,868.644,0.0,0.0,0.0,1247.89841924399,0.0,-7.28166000043658e-14,0.0,37540.4300256256,2116.54241924399
3906,1754.397,0.0,0.0,0.0,380.566907216495,0.0,1.65353364906489e-14,0.0,37104.5000059045,2134.963907216495
3907,18.4674,0.0,0.0,0.0,2419.34320962199,0.0,-1.50316482444129e-13,0.0,34333.2019421909,2437.81060962199
3908,53.8851,0.0,0.0,0.0,2345.62594845361,0.0,-1.53175914710506e-13,0.0,31646.3451856575,2399.51104845361
3909,0.0,0.0,0.0,0.0,2439.86254295533,0.0,1.7759280720311799e-13,0.0,28851.542730955,2439.86254295533
3910,0.0,0.0,0.0,0.0,2522.33676975945,0.0,-1.61956960252213e-13,0.0,25962.2680806005,2522.33676975945
3911,0.0,0.0,0.0,0.0,2597.9381443299,0.0,-1.7546508576002099e-13,0.0,22986.3939175651,2597.9381443299
3912,0.0,0.0,0.0,0.0,2597.9381443299,0.0,-1.7546508576002099e-13,0.0,20010.5197545297,2597.9381443299
3913,0.0,0.0,0.0,0.0,2481.09965635739,0.0,-1.90679295186489e-13,0.0,17168.4812020012,2481.09965635739
3914,0.0,0.0,0.0,0.0,2371.13402061856,0.0,-1.3494070923659799e-13,0.0,14452.4055770086,2371.13402061856
3915,0.0,0.0,0.0,0.0,2336.76975945017,0.0,-9.27102487945139e-14,0.0,11775.693366871,2336.76975945017
3916,356.772,0.0,0.0,0.0,1940.35642611684,0.0,6.620189983073891e-14,0.0,9553.06286730987,2297.1284261168403
3917,348.792,0.0,0.0,0.0,1928.60453608247,0.0,-2.5905314274008502e-14,0.0,7343.89386836087,2277.39653608247
3918,537.477,0.0,0.0,0.0,1835.79302405498,0.0,1.076435478363e-14,0.0,5241.03817070338,2373.27002405498
3919,943.626,0.0,0.0,0.0,1432.62632302406,0.0,-7.79454255396955e-14,0.0,3600.0,2376.25232302406
3920,2294.84536082474,3.2302478635525104e-15,-3.2302478635525104e-15,1029.51463917526,2.3250952643346703e-15,0.0,4.98841313778767e-32,0.0,3600.0,2294.84536082474
3921,2338.14432989691,2663.49896907216,0.0,3810.55670103093,-2.35968221012892e-13,-7.64294306540785e-14,1.25560204057978e-29,0.0,5796.0549,2338.1443298969098
3922,2362.88659793814,8695.42670103093,0.0,3810.55670103093,-1.12252343725259e-14,-7.64294306540785e-14,-5.32699610245165e-31,0.0,12965.434215,2362.88659793814
3923,2331.9587628866,9527.26453608247,0.0,3810.55670103093,8.68021580657368e-14,-7.64294306540785e-14,4.77376106812902e-30,0.0,20820.663825,2331.9587628866
3924,2356.70103092784,9587.21226804124,0.0,3810.55670103093,-1.93729689612191e-13,-7.64294306540785e-14,-3.67628152279106e-30,0.0,28725.32034,2356.70103092784
3925,2418.55670103093,8768.60659793814,0.0,3810.55670103093,1.15490359829577e-13,-7.64294306540785e-14,-9.28642232105115e-30,0.0,35955.03648,2418.55670103093
3926,2468.0412371134,7201.87206185567,0.0,3810.55670103093,5.97014987920158e-14,-7.64294306540785e-14,-1.90081097718061e-30,0.0,41892.979995,2468.0412371134
3927,2505.15463917526,4978.32865979381,0.0,3810.55670103093,1.44178561593418e-13,-7.64294306540785e-14,-1.3089874619771299e-30,0.0,45997.611975,2505.15463917526
3928,2591.75257731959,2036.18072164948,0.0,3810.55670103093,1.72866763357259e-13,-7.64294306540785e-14,6.66844739709689e-30,0.0,47676.44298,2591.75257731959
3929,2523.71134020619,0.0,0.0,2364.39865979381,1.86417092994119e-13,1606.84226804124,4.4963288576881596e-30,0.0,45835.844734821,2523.71134020619
3930,1678.86,0.0,0.0,-7.475724160666341e-14,821.885223367698,4233.95189003436,-3.37829582559698e-14,0.0,40044.5078351623,2500.7452233676977
3931,531.309,0.0,0.0,-7.475724160666341e-14,2261.89034364261,4233.95189003436,-1.25130323269853e-13,0.0,32603.6805342723,2793.19934364261
3932,138.8973,0.0,0.0,-7.475724160666341e-14,2718.52190034364,4233.95189003436,-3.06412283984094e-14,0.0,24639.7930309756,2857.41920034364
3933,0.0,0.0,0.0,0.0,2852.23367697594,4233.95189003436,6.782171922199599e-14,0.0,16522.7419805629,2852.23367697594
3934,0.0,0.0,0.0,0.0,2893.47079037801,4233.95189003436,9.654405415627211e-14,0.0,8358.45483232421,2893.47079037801
3935,0.0,0.0,0.0,0.0,2941.58075601375,1212.55031260529,1.96219184466908e-13,0.0,3600.0,2941.58075601375
3936,0.0,0.0,0.0,0.0,2920.96219931271,0.0,-1.66392016621715e-14,0.0,3854.10973732793,2920.96219931271
3937,0.0,0.0,0.0,0.0,221.837800687285,0.0,2356.3356,0.0,3600.0,2578.173400687285
3938,0.0,0.0,0.0,0.0,0.0,0.0,2538.0,0.0,3600.0,2538.0
3939,0.0,41.4084,0.0,0.0,0.0,0.0,2538.0,4425.76241294597,7283.18233527395,2538.0
3940,443.538,0.0,0.0,0.0,2318.17656357388,0.0,8.415344254965951e-14,0.0,4627.76817310455,2761.71456357388
3941,1957.431,0.0,0.0,0.0,897.241615120275,0.0,2.1602704718617802e-14,0.0,3600.0,2854.672615120275
3942,2665.9793814433,2526.6606185567,0.0,0.0,-1.63453945358231e-13,0.0,-5.41479297407974e-30,0.0,5683.23168,2665.9793814433
3943,2350.51546391753,6256.45453608247,0.0,0.0,1.29040689466438e-13,0.0,1.05790773877943e-29,0.0,10841.678445,2350.51546391753
3944,2430.92783505155,5148.49546391752,0.0,3810.55670103093,-2.47755640093864e-14,0.0,2.6206778864767996e-31,0.0,15086.612955,2430.92783505155
3945,2319.58762886598,7335.14567010309,0.0,3810.55670103093,2.27068081904701e-13,0.0,-2.02002676053804e-30,0.0,21134.44056,2319.58762886598
3946,2313.40206185567,8694.3612371134,0.0,3810.55670103093,4.4563626665035705e-14,0.0,-1.0315552515362699e-30,0.0,28302.9414,2313.40206185567
3947,2270.10309278351,9359.41020618557,0.0,3810.55670103093,-2.22417891376031e-13,0.0,1.03839018663891e-29,0.0,36019.775115,2270.10309278351
3948,2208.24742268041,9392.67587628866,0.0,3810.55670103093,-2.6363106499505902e-14,0.0,-1.0407950251167099e-30,0.0,43764.036375,2208.24742268041
3949,2232.98969072165,8688.94360824742,0.0,3810.55670103093,1.9837988014086e-13,0.0,-9.997461619612059e-30,0.0,50928.07038,2232.98969072165
3950,2400.0,7127.41329896907,0.0,3810.55670103093,7.32518284288763e-14,0.0,-4.07292951658934e-30,0.0,56804.622645,2400.0
3951,2313.40206185567,8851.13947210242,0.0,74.7784660419111,4.4563626665035705e-14,0.0,-1.0315552515362699e-30,0.0,64102.3871397484,2313.40206185567
3952,2245.36082474227,2412.5124742268,0.0,3810.55670103093,5.81139563018963e-14,0.0,-3.203673790945e-30,0.0,66091.5036747484,2245.36082474227
3953,2115.46391752577,0.0,0.0,2822.83608247423,-2.37555763503011e-13,0.0,2.3434846790635904e-31,0.0,66091.5036747484,2115.4639175257694
3954,1657.308,0.0,0.0,0.0,598.409209621993,0.0,4.7009670993638406e-15,0.0,65406.0406625812,2255.717209621993
3955,497.115,0.0,0.0,0.0,1969.98676975945,0.0,-4.1293214590326503e-14,0.0,63149.4693341053,2467.10176975945
3956,130.332,0.0,0.0,0.0,2356.90487972509,0.0,-1.51336889900255e-13,0.0,60449.6928395749,2487.2368797250897
3957,0.0,0.0,0.0,0.0,2446.735395189,0.0,-1.48448834744405e-13,0.0,57647.0177019013,2446.735395189
3958,0.0,0.0,0.0,0.0,2453.60824742268,0.0,-7.74960393680454e-14,0.0,54836.4698812568,2453.60824742268
3959,0.0,0.0,0.0,0.0,2529.20962199313,0.0,-9.10041648758531e-14,0.0,51939.3225479313,2529.20962199313
3960,0.0,0.0,0.0,0.0,2371.13402061856,0.0,-1.3494070923659799e-13,0.0,49223.2469229387,2371.13402061856
3961,0.0,0.0,0.0,0.0,2453.60824742268,0.0,-7.74960393680454e-14,0.0,46412.6991022942,2453.60824742268
3962,0.0,0.0,0.0,0.0,2364.26116838488,0.0,1.91100932710926e-13,0.0,43704.4961602726,2364.26116838488
3963,0.0,0.0,0.0,0.0,2556.70103092783,0.0,1.92807016629586e-13,0.0,40775.8580950631,2556.70103092783
3964,346.656,0.0,0.0,0.0,2054.68920962199,0.0,7.95926688283934e-14,0.0,38422.2622077527,2401.34520962199
3965,1075.437,0.0,0.0,0.0,1457.99096219931,0.0,4.8974142007905804e-14,0.0,36752.1694675473,2533.42796219931
3966,814.845,0.0,0.0,0.0,1795.64759450172,0.0,-7.77553175721449e-14,0.0,34695.2993707527,2610.4925945017203
3967,737.406,0.0,0.0,0.0,1840.45381443299,0.0,-8.31326939475599e-14,0.0,32587.1048525018,2577.85981443299
3968,2387.62886597938,861.204432989691,0.0,3810.55670103093,2.1351775226784e-13,0.0,1.52091778870695e-31,0.0,33297.1679075018,2387.62886597938
3969,2356.70103092784,3430.25226804124,0.0,3810.55670103093,-1.93729689612191e-13,0.0,-3.67628152279106e-30,0.0,36125.4109025018,2356.70103092784
3970,2356.70103092784,383.512268041237,0.0,3810.55670103093,-1.93729689612191e-13,-7.64294306540785e-14,-3.67628152279106e-30,0.0,36441.6167675018,2356.70103092784
3971,1811.871,0.0,0.0,-7.475724160666341e-14,591.620996563574,4233.95189003436,-1.9526387624033998e-14,0.0,30914.0418687642,2403.491996563574
3972,1305.522,0.0,0.0,0.0,1161.10384879725,4233.95189003436,-3.15887692025334e-14,0.0,24734.1383878574,2466.62584879725
3973,2062.293,0.0,0.0,0.0,230.900103092783,4233.95189003436,9.505107995076371e-15,0.0,19619.7603888573,2293.193103092783
3974,1546.308,0.0,0.0,0.0,982.910927835052,0.0,1.95948340714748e-14,0.0,18493.8601278778,2529.218927835052
3975,2443.29896907217,2742.84432989691,0.0,3810.55670103093,-1.6504148784835e-13,0.0,4.30115333628296e-30,0.0,20755.3352778778,2443.29896907217
3976,2665.9793814433,3146.5206185567,0.0,0.0,-1.63453945358231e-13,0.0,-5.41479297407974e-30,0.0,23349.6415278778,2665.9793814433
3977,2311.767,0.0,0.0,0.0,366.077903780069,0.0,-1.57774630626405e-14,0.0,22930.3083047621,2677.8449037800688
3978,73.1046,0.0,0.0,0.0,2812.24345704467,0.0,6.3597899516393e-15,0.0,19708.9526838632,2885.34805704467
3979,0.0,0.0,0.0,0.0,2846.62084765178,0.0,-2.81399422028063e-14,0.0,16448.2186086607,2846.62084765178
3980,0.0,0.0,0.0,0.0,2911.34020618557,0.0,1.10672964492738e-13,0.0,13113.3501021481,2911.34020618557
3981,0.0,0.0,0.0,0.0,2675.48682703322,0.0,7.751219546575999e-14,0.0,10048.6458329233,2675.48682703322
3982,0.0,0.0,0.0,0.0,2742.84077892325,0.0,-1.35189920096005e-13,0.0,6906.7892705828,2742.84077892325
3983,0.0,0.0,0.0,0.0,2886.82703321879,0.0,-1.80408884217054e-13,0.0,3600.0,2886.82703321879
3984,0.0,0.0,0.0,0.0,0.0,0.0,2463.6,0.0,7200.0,2463.6
3985,0.0,0.0,0.0,0.0,0.0,0.0,2554.1,0.0,7200.0,2554.1
3986,0.0,0.0,0.0,0.0,0.0,0.0,2543.2,0.0,7200.0,2543.2
3987,0.0,0.0,0.0,0.0,0.0,0.0,2451.9,7168.60086324935,13110.5114117491,2451.9
3988,0.0,153.771,0.0,0.0,0.0,0.0,2414.6,0.0,13237.2956012491,2414.6
3989,885.399,0.0,0.0,0.0,0.0,0.0,1601.96297,0.0,13237.2956012491,2487.36197
3990,768.834,0.0,0.0,0.0,0.0,0.0,1800.43102,0.0,13237.2956012491,2569.26502
3991,248.2515,0.0,0.0,0.0,2671.93132302406,0.0,-1.92159299453777e-13,0.0,10176.6640743029,2920.18282302406
3992,354.099,0.0,0.0,0.0,2430.84074455899,0.0,1.74393549813628e-13,0.0,7392.19586747699,2784.9397445589902
3993,805.323,0.0,0.0,0.0,2082.97444444444,0.0,-8.40661328204027e-14,0.0,5006.19994027831,2888.29744444444
3994,2712.0618556701,1482.0281443299,0.0,0.0,1.03612529700344e-13,0.0,-3.84229323446728e-30,0.0,6228.13214527831,2712.0618556701
3995,1488.684,0.0,0.0,0.0,1357.81961053837,0.0,-7.73961879287228e-14,0.0,4672.78322140847,2846.5036105383697
3996,2778.86597938144,740.764020618557,0.0,0.0,-2.43352768882828e-13,0.0,8.201012391346749e-30,0.0,5283.54315640847,2778.8659793814395
3997,2725.02,0.0,0.0,0.0,40.0121420389461,0.0,2.2027040494502402e-15,0.0,5237.7102331107,2765.032142038946
3998,2817.42268041237,125.322319587628,0.0,0.0,-9.63234273685955e-14,0.0,-2.3799153136195096e-30,0.0,5341.0384856107,2817.42268041237
3999,1358.664,0.0,0.0,0.0,1519.92659793814,0.0,-6.93775231078708e-14,0.0,3600.0,2878.59059793814
4000,1340.67,0.0,0.0,0.0,0.0,0.0,1366.5501,0.0,3600.0,2707.2201
4001,870.273,0.0,0.0,0.0,0.0,0.0,1753.53519,0.0,3600.0,2623.80819
4002,68.5557,0.0,0.0,0.0,0.0,0.0,2524.000971,0.0,3600.0,2592.556671
4003,52.3716,0.0,0.0,0.0,0.0,0.0,2565.199548,0.0,3600.0,2617.571148
4004,139.602,0.0,0.0,0.0,0.0,0.0,2513.88606,0.0,3600.0,2653.48806
4005,0.0,0.0,0.0,0.0,0.0,0.0,2573.4,0.0,3600.0,2573.4
4006,0.0,0.0,0.0,0.0,0.0,0.0,2602.6,0.0,3600.0,2602.6
4007,0.0,0.0,0.0,0.0,0.0,0.0,2556.1,0.0,3600.0,2556.1
4008,0.0,0.0,0.0,0.0,0.0,0.0,2494.4,0.0,3600.0,2494.4
4009,0.0,0.0,0.0,0.0,0.0,0.0,2592.2,0.0,3600.0,2592.2
4010,0.0,0.0,0.0,0.0,0.0,0.0,2547.5,0.0,3600.0,2547.5
4011,0.0,0.0,0.0,0.0,0.0,0.0,2534.0,0.0,3600.0,2534.0
4012,471.036,0.0,0.0,0.0,0.0,0.0,1969.59508,0.0,3600.0,2440.63108
4013,591.042,0.0,0.0,0.0,0.0,0.0,1972.18926,0.0,3600.0,2563.23126
4014,2686.18556701031,12.1524329896906,0.0,0.0,1.60121952108619e-13,0.0,-4.33513573620798e-30,0.0,3610.019681,2686.18556701031
4015,2567.31958762887,1921.20371134021,0.0,3810.55670103093,-2.13346369839929e-13,0.0,-7.24522460227006e-30,0.0,5194.052141,2567.31958762887
4016,2526.111,0.0,0.0,0.0,86.9098854524623,0.0,-2.6877879736054302e-15,0.0,5094.49900760657,2613.020885452462
4017,2444.187,0.0,0.0,0.0,289.162210767469,0.0,2.25689017887864e-14,0.0,4763.27081657854,2733.349210767469
4018,2750.72164948454,947.541649484535,0.0,3810.55670103093,-1.29613362695564e-13,0.0,-7.92952201825901e-30,0.0,5544.51890657854,2750.72164948454
4019,2650.61855670103,0.0,0.0,1127.97144329897,2.47589711696707e-13,0.0,2.01802629699882e-29,0.0,5544.51890657854,2650.6185567010302
4020,2464.22680412371,0.0,0.0,3428.25319587629,-7.064039654997861e-14,0.0,-4.0887197393798594e-30,0.0,5544.51890657854,2464.22680412371
4021,2456.80412371134,7568.45917525773,0.0,3810.55670103093,-6.5657929686168e-14,0.0,3.51843913879954e-30,0.0,11784.7134965785,2456.80412371134
4022,2580.30927835052,946.395603816888,4.54747350886464e-13,3415.3251178326,-1.86904809205737e-13,0.0,1.22374245257892e-31,0.0,12565.0166719256,2580.30927835052
4023,2519.58762886598,2474.15237113402,0.0,0.0,2.3317240094044e-13,0.0,1.69234784136353e-29,0.0,14604.9553019256,2519.5876288659806
4024,2511.9587628866,5652.7812371134,0.0,0.0,-1.18843330120549e-14,0.0,1.60327191973159e-31,0.0,19265.6734319256,2511.9587628866
4025,2466.18556701031,0.0,0.0,2318.69443298969,4.9226822959348205e-14,0.0,-1.3829923236861799e-30,0.0,19265.6734319256,2466.18556701031
4026,1639.764,0.0,0.0,0.0,897.398533791524,0.0,-1.22756941788688e-14,0.0,18237.7255123476,2537.162533791524
4027,473.277,0.0,0.0,0.0,2171.61662084765,0.0,-1.78496121668474e-13,0.0,15750.1921551338,2644.8936208476503
4028,126.7899,0.0,0.0,0.0,2542.51294043528,0.0,1.95230728302592e-14,0.0,12837.8061981633,2669.3028404352804
4029,0.0,0.0,0.0,0.0,2584.65063001145,0.0,1.22370825703675e-13,0.0,9877.1525555385,2584.65063001145
4030,0.0,0.0,0.0,0.0,2723.94043528064,0.0,6.668432994288881e-14,0.0,6756.94587136823,2723.94043528064
4031,0.0,0.0,0.0,0.0,2756.01374570447,0.0,-1.31528541399276e-13,0.0,3600.0,2756.01374570447
4032,0.0,0.0,0.0,0.0,2632.98969072165,0.0,1.60458130173454e-14,0.0,4183.97515381254,2632.98969072165
4033,0.0,0.0,0.0,0.0,0.0,0.0,2483.0,0.0,4183.97515381254,2483.0
4034,0.0,0.0,0.0,0.0,0.0,0.0,2410.4,0.0,4183.97515381254,2410.4
4035,28.8915,0.0,0.0,0.0,0.0,0.0,2331.575245,0.0,4183.97515381254,2360.466745
4036,367.146,0.0,0.0,0.0,0.0,0.0,1868.36838,0.0,4183.97515381254,2235.51438
4037,1853.148,0.0,0.0,0.0,509.810309278351,0.0,49.5820399999994,0.0,3600.0,2412.5403492783503
4038,2370.92783505155,2.30799519537076e-13,2.23947831349388e-13,2697.54216494845,1.66126839968313e-13,0.0,4.8389393624586894e-30,0.0,3600.0,2370.92783505155
4039,2472.16494845361,2114.54835051546,0.0,3810.55670103093,1.29461908456945e-14,0.0,-5.5444912796885e-31,0.0,5343.445115,2472.16494845361
4040,2488.24742268041,4709.42587628866,0.0,3810.55670103093,-1.06370381327934e-13,0.0,2.44899911267758e-30,0.0,9226.36675,2488.24742268041
4041,2698.0412371134,6456.38206185567,0.0,3810.55670103093,-2.18318557953474e-14,0.0,-3.9219085189787904e-31,0.0,14549.65376,2698.0412371134
4042,2599.58762886598,7721.59567010309,0.0,3810.55670103093,1.3143375034477899e-13,-7.64294306540785e-14,9.72504765297219e-30,0.0,20916.10939,2599.58762886598
4043,2496.70103092784,8330.67226804124,0.0,3810.55670103093,1.89040901327419e-14,-7.64294306540785e-14,5.70005825350223e-31,0.0,27784.748675,2496.70103092784
4044,2567.01030927835,8155.72298969072,0.0,3810.55670103093,-5.18762232831074e-14,-7.64294306540785e-14,1.85160258643337e-30,0.0,34509.14228,2567.01030927835
4045,2688.0412371134,5857.68206185567,0.0,3810.55670103093,1.70596627941287e-13,-7.64294306540785e-14,6.564501723611381e-31,0.0,39338.80114,2688.0412371134
4046,2714.32989690722,4340.33340206185,0.0,3810.55670103093,4.6382545921355304e-14,0.0,7.76589549270686e-31,0.0,42917.40603,2714.32989690722
4047,2601.85567010309,2695.58762886598,0.0,3810.55670103093,8.98308232972836e-14,0.0,-2.17545668210111e-30,0.0,45139.91803,2601.85567010309
4048,2791.75257731959,0.0,0.0,3342.13742268041,1.78971082392998e-13,0.0,3.574334323016e-30,0.0,45139.91803,2791.75257731959
4049,2688.35051546392,0.0,0.0,1167.15948453608,-6.50057534702878e-15,0.0,-1.8509674062635402e-31,0.0,45139.91803,2688.35051546392
4050,1863.84,0.0,0.0,0.0,857.589003436426,4233.95189003436,4.9271855934727504e-14,0.0,39307.6833295753,2721.429003436426
4051,673.743,0.0,0.0,0.0,2033.41270332188,4233.95189003436,-9.62049769567097e-14,0.0,32128.5715387892,2707.15570332188
4052,141.72,0.0,0.0,0.0,2538.18052691867,0.0,1.45131560581267e-14,0.0,29221.1482548045,2679.9005269186696
4053,0.0,0.0,0.0,0.0,2822.79495990836,0.0,-2.77275181305676e-14,0.0,25987.7061472347,2822.79495990836
4054,0.0,0.0,0.0,0.0,2794.38717067583,0.0,-3.8392097188778803e-17,0.0,22786.8044626118,2794.38717067583
4055,0.0,0.0,0.0,0.0,2800.91638029782,0.0,1.23664485550097e-13,0.0,19578.4237291664,2800.91638029782
4056,0.0,0.0,0.0,0.0,2688.54524627721,0.0,-1.43235730009699e-14,0.0,16498.7613622968,2688.54524627721
4057,0.0,0.0,0.0,0.0,2558.1901489118,0.0,-3.82019924158218e-14,0.0,13568.4175491103,2558.1901489118
4058,0.0,0.0,0.0,0.0,2512.37113402062,0.0,1.81052881736232e-14,0.0,10690.5582890638,2512.37113402062
4059,16.60668,0.0,0.0,0.0,2456.57677021764,0.0,1.51701898634502e-13,0.0,7876.61009866555,2473.18345021764
4060,492.054,0.0,0.0,0.0,1861.06256586483,0.0,-6.85441702226356e-14,0.0,5744.80876319609,2353.11656586483
4061,1869.711,0.0,0.0,0.0,203.528442153494,0.0,-1.51429368217483e-15,0.0,5511.67194515085,2073.239442153494
4062,2302.0618556701,0.0,0.0,1056.4681443299,-2.05815402221301e-13,0.0,-4.35408233418716e-30,0.0,5511.67194515085,2302.0618556701
4063,2246.80412371134,1752.95917525773,0.0,3810.55670103093,1.05039178283233e-13,0.0,2.14296210769651e-30,0.0,6956.98678515085,2246.80412371134
4064,2419.48453608247,1142.7587628866,0.0,3810.55670103093,1.2072769774591099e-13,-7.64294306540785e-14,4.2281797573605e-30,0.0,7899.19138515085,2419.48453608247
4065,2347.83505154639,2462.01824742268,0.0,3810.55670103093,2.38348276125589e-13,-7.64294306540785e-14,1.18334757235717e-29,0.0,9929.12543015085,2347.8350515463903
4066,2390.51546391753,4151.86783505155,0.0,3810.55670103093,-1.66652524624793e-13,-7.64294306540785e-14,8.614938433455979e-30,0.0,13352.3404601509,2390.51546391753
4067,2462.98969072165,7959.53360824742,0.0,3810.55670103093,1.01219468822003e-13,-7.64294306540785e-14,-2.9882634996451596e-30,0.0,19914.9759201509,2462.98969072165
4068,2433.60824742268,6570.90505154639,0.0,3810.55670103093,-1.34083150668538e-13,-7.64294306540785e-14,-3.747032828161449e-30,0.0,25332.6871351509,2433.60824742268
4069,2380.41237113402,4683.79092783505,0.0,3810.55670103093,-8.36165845648178e-14,-7.64294306540785e-14,-4.578775735600209e-30,0.0,29194.4727551509,2380.41237113402
4070,2429.79381443299,2816.19948453608,0.0,3810.55670103093,-2.4879798927903897e-13,0.0,2.16209077873364e-29,0.0,31516.4292301509,2429.7938144329896
4071,2423.81443298969,2010.91886597938,0.0,3810.55670103093,-1.96890300433891e-13,-7.64294306540785e-14,1.51827519177604e-30,0.0,33174.4318351508,2423.81443298969
4072,2388.24742268041,583.77587628866,0.0,3810.55670103093,-1.09422540845804e-13,-7.64294306540785e-14,3.99605564971802e-30,0.0,33655.7550451508,2388.24742268041
4073,2255.77319587629,0.0,0.0,1564.99680412371,-2.02019187046394e-13,2495.06655211913,-4.6250179400351694e-30,0.0,30797.7177575001,2255.77319587629
4074,606.87,0.0,0.0,-7.475724160666341e-14,1933.26013745704,4233.95189003436,4.0950816315645e-14,0.0,23733.3282643828,2540.13013745704
4075,29.4129300000001,0.0,0.0,-7.475724160666341e-14,2548.87681317297,4233.95189003436,5.95521442171307e-14,0.0,15963.7650304683,2578.28974317297
4076,7.2795,0.0,0.0,0.0,2528.91052119129,755.263452354832,-1.34205694519822e-13,0.0,12201.8246254899,2536.1900211912903
4077,0.0,0.0,0.0,0.0,2520.5040091638,0.0,1.21802131064122e-13,0.0,9314.64935726104,2520.5040091638
4078,0.0,0.0,0.0,0.0,2512.14203894616,0.0,-1.72889006153294e-13,0.0,6437.05251998021,2512.14203894616
4079,0.0,0.0,0.0,0.0,2476.74684994273,0.0,8.53446146641494e-14,0.0,3600.0,2476.74684994273
4080,0.0,0.0,0.0,0.0,2455.21191294387,0.0,-1.5525498768741399e-13,0.0,4387.61521999556,2455.21191294387
4081,0.0,0.0,0.0,0.0,687.588087056128,0.0,1462.2356,0.0,3600.0,2149.823687056128
4082,0.0,0.0,0.0,0.0,0.0,0.0,1979.3,0.0,3600.0,1979.3
4083,0.0,0.0,0.0,0.0,0.0,0.0,2033.6,0.0,3600.0,2033.6
4084,0.0,353.145,0.0,0.0,0.0,0.0,2035.1,1498.74105911291,5126.8800557386,2035.1
4085,866.619,0.0,0.0,0.0,1332.96628865979,0.0,-4.65175164367441e-14,0.0,3600.0,2199.58528865979
4086,2092.0618556701,1435.9981443299,0.0,0.0,-3.86418078891274e-15,0.0,-2.0250166846787504e-31,0.0,4783.98047,2092.0618556701
4087,2296.18556701031,5416.48443298969,0.0,0.0,-4.45151696994943e-14,0.0,8.04449387694774e-31,0.0,9249.871885,2296.18556701031
4088,2295.77319587629,3618.24680412371,0.0,0.0,7.562433180668451e-15,0.0,-2.0902519536933803e-31,0.0,12233.116375,2295.77319587629
4089,2349.8969072165,5561.5830927835,0.0,0.0,-3.76667950067179e-14,0.0,-1.01354275519368e-30,0.0,16818.641635,2349.8969072165
4090,2447.73195876289,4101.08804123711,0.0,0.0,1.1638083523530599e-13,0.0,1.5446419879001899e-30,0.0,20199.988725,2447.73195876289
4091,2130.699,0.0,0.0,0.0,181.926655211913,0.0,-5.2759100995347e-15,0.0,19991.5962218936,2312.625655211913
4092,2353.71134020619,3629.63865979381,0.0,0.0,7.70480436037829e-14,0.0,-4.343865122437359e-30,0.0,22984.2332968936,2353.71134020619
4093,2322.47422680412,11015.8257731959,0.0,0.0,-1.53102194987932e-13,0.0,6.44281989404725e-30,0.0,32066.7816468936,2322.47422680412
4094,2307.11340206186,5888.74989690722,0.0,3810.55670103093,2.42314405335511e-13,0.0,-6.536782663709039e-30,0.0,36922.0559368936,2307.1134020618606
4095,2303.09278350515,7707.90721649484,0.0,0.0,-9.11855206283078e-14,0.0,1.3652566892855098e-30,0.0,43277.2254368936,2303.09278350515
4096,2359.8969072165,2206.69057918247,-9.09494701772928e-13,2933.44251360104,-2.45722335474846e-13,0.0,1.44572033393586e-29,0.0,45096.6418194295,2359.8969072165
4097,2392.78350515464,0.0,0.0,2165.92649484536,-2.23882508403782e-13,0.0,-8.803797031060239e-30,0.0,45096.6418194295,2392.78350515464
4098,1980.261,0.0,0.0,0.0,368.667617411226,0.0,1.40699320948045e-14,0.0,44674.342143128,2348.928617411226
4099,7.83084,0.0,0.0,0.0,2762.77672989691,0.0,2.0823834620914502e-14,0.0,41509.6494399242,2770.6075698969103
4100,117.0291,0.0,0.0,0.0,2743.27809049255,0.0,9.44582689230567e-14,0.0,38367.2919479511,2860.30719049255
4101,0.0,0.0,0.0,0.0,2787.97250859107,0.0,-2.82441225810163e-14,0.0,35173.7381007677,2787.97250859107
4102,0.0,0.0,0.0,0.0,2886.71248568156,0.0,1.21088405943371e-13,0.0,31867.0800415678,2886.71248568156
4103,0.0,0.0,0.0,0.0,2922.68041237113,0.0,1.09899718191843e-15,0.0,28519.2216081529,2922.68041237113
4104,0.0,0.0,0.0,0.0,2871.82130584192,0.0,9.968882840255221e-14,0.0,25229.6210287235,2871.82130584192
4105,0.0,0.0,0.0,0.0,2935.73883161512,0.0,-9.073677128481151e-14,0.0,21866.8044976638,2935.73883161512
4106,0.0,0.0,0.0,0.0,2892.78350515464,0.0,-1.37197305063178e-13,0.0,18553.1922351728,2892.78350515464
4107,0.0,0.0,0.0,0.0,2795.87628865979,0.0,1.65947036181286e-13,0.0,15350.5848025728,2795.87628865979
4108,505.518,0.0,0.0,0.0,1970.38664375716,0.0,-1.05970580865795e-14,0.0,13093.5554282805,2475.90464375716
4109,193.9917,0.0,0.0,0.0,2168.41701145475,0.0,1.81203349234691e-13,0.0,10609.6871448272,2362.40871145475
4110,106.1688,0.0,0.0,0.0,2365.31072623139,0.0,-7.94718766772615e-14,0.0,7900.28196014061,2471.47952623139
4111,399.234,0.0,0.0,0.0,2061.56130584192,0.0,9.77947701589733e-14,0.0,5538.81425585432,2460.79530584192
4112,831.21,0.0,0.0,0.0,1523.97056128293,0.0,-3.48095409185537e-14,0.0,3793.14350982576,2355.1805612829303
4113,2010.309,0.0,0.0,0.0,168.614284077892,0.0,-1.69000052338594e-15,0.0,3600.0,2178.923284077892
4114,2228.0412371134,0.0,0.0,285.481762886598,-1.55984440470787e-13,0.0,9.093627737820991e-31,0.0,3600.0,2228.0412371134
4115,2206.0824742268,8452.15082474227,0.0,3810.55670103093,1.40259420956142e-13,-7.64294306540785e-14,5.8279751034287596e-30,0.0,10568.798355,2206.0824742268
4116,2150.41237113402,8395.98092783505,0.0,3810.55670103093,1.35438267540389e-14,-7.64294306540785e-14,-5.6916473144001205e-31,0.0,17491.28463,2150.41237113402
4117,2173.09278350515,7638.75051546392,0.0,3810.55670103093,9.02705020841877e-15,-7.64294306540785e-14,-3.0424226514239704e-31,0.0,23789.43443,2173.09278350515
4118,2434.84536082474,6060.80793814433,0.0,3810.55670103093,2.14958875009267e-13,-7.64294306540785e-14,-8.099988785123819e-30,0.0,28786.570575,2434.84536082474
4119,2607.31958762887,3893.57371134021,0.0,3810.55670103093,-1.9391806344360302e-14,-7.64294306540785e-14,1.29399499656405e-30,0.0,31996.8221,2607.31958762887
4120,2602.0618556701,1357.77144329897,0.0,3810.55670103093,-1.96658923667691e-13,-7.64294306540785e-14,2.02355717881861e-30,0.0,33116.304655,2602.0618556701
4121,2621.23711340206,0.0,0.0,2071.18288659794,2.79141489376591e-14,1932.63757159221,1.47404241628854e-31,0.0,30902.5159131991,2621.23711340206
4122,1853.871,0.0,0.0,0.0,797.760744558992,4233.95189003436,-4.2238637930298204e-14,0.0,25138.8130098848,2651.631744558992
4123,656.502,0.0,0.0,0.0,2139.39640320733,0.0,-1.89467292693722e-13,0.0,22688.1871184675,2795.89840320733
4124,0.0,0.0,0.0,0.0,2889.23253150057,4233.95189003436,1.28823587409067e-13,0.0,14528.7547913942,2889.23253150057
4125,0.0,0.0,0.0,0.0,2873.42497136312,807.698694628285,2.1929880083183502e-14,0.0,10312.1182896859,2873.42497136312
4126,0.0,0.0,0.0,0.0,2923.71134020619,0.0,1.82090274130442e-13,0.0,6963.0789538254,2923.71134020619
4127,0.0,0.0,0.0,0.0,2935.96792668958,0.0,1.00257523042106e-13,0.0,3600.0,2935.96792668958
4128,0.0,0.0,0.0,0.0,0.0,0.0,2436.6,0.0,7200.0,2436.6
4129,0.0,0.0,0.0,0.0,0.0,0.0,2502.9,0.0,7200.0,2502.9
4130,0.0,0.0,0.0,0.0,0.0,0.0,2454.1,0.0,7200.0,2454.1
4131,0.0,0.0,0.0,0.0,0.0,0.0,2459.7,5573.20178949179,11795.104875436,2459.7
4132,0.0,568.242,0.0,0.0,0.0,0.0,2469.4,11431.758,21689.104875436,2469.4
4133,42.2022,0.0,0.0,0.0,0.0,0.0,2578.263866,0.0,21689.104875436,2620.466066
4134,1502.574,0.0,0.0,0.0,0.0,0.0,1064.50322,0.0,21689.104875436,2567.07722
4135,2756.80412371134,1701.49587628866,0.0,0.0,-5.6501451132558403e-14,0.0,-1.12273047232179e-30,0.0,23091.988225436,2756.80412371134
4136,2685.67010309278,1596.55989690722,0.0,0.0,1.1843406804361599e-13,0.0,-7.18597868056493e-30,0.0,24408.351860436,2685.67010309278
4137,392.394,0.0,0.0,0.0,2672.71227949599,0.0,1.35260180441847e-13,0.0,21346.8257670843,3065.10627949599
4138,719.763,0.0,0.0,0.0,2188.00674684994,0.0,1.61648592233553e-14,0.0,18840.5179241863,2907.76974684994
4139,2323.083,0.0,0.0,0.0,377.101363115693,0.0,1.79502659192034e-14,0.0,18408.5575998843,2700.184363115693
4140,2256.807,0.0,0.0,0.0,348.67950744559,0.0,-2.8480693226996002e-15,0.0,18009.1538112868,2605.4865074455897
4141,1109.094,0.0,0.0,0.0,1705.2449255441,0.0,4.64574954960002e-14,0.0,16055.8377453715,2814.3389255441
4142,2514.387,0.0,0.0,0.0,295.354650630012,0.0,-3.3975406477004605e-15,0.0,15717.5162669866,2809.7416506300124
4143,2432.118,0.0,0.0,0.0,246.100274914089,0.0,-3.9966247646211004e-15,0.0,15435.6144629613,2678.218274914089
4144,2614.94845360825,1146.30154639175,0.0,0.0,2.25664927608135e-13,0.0,-2.60312088951214e-30,0.0,16380.7400879613,2614.94845360825
4145,2612.78350515464,2129.13649484536,0.0,0.0,-1.12987379254511e-13,0.0,4.7722732426086e-30,0.0,18136.2131279613,2612.78350515464
4146,1922.892,0.0,0.0,0.0,803.774066437572,0.0,7.33950512177297e-15,0.0,17215.5097299801,2726.666066437572
4147,0.0,0.0,0.0,0.0,3013.05841924399,0.0,-1.4425961151110998e-13,0.0,13764.1255154967,3013.05841924399
4148,49.5105,0.0,0.0,0.0,2957.24491981672,0.0,1.06207034135893e-13,0.0,10376.674290048,3006.75541981672
4149,0.0,0.0,0.0,0.0,2896.33447880871,0.0,-6.223760211539e-15,0.0,7058.99447468867,2896.33447880871
4150,0.0,0.0,0.0,0.0,3019.70217640321,0.0,1.90446240424797e-13,0.0,3600.0,3019.70217640321
4151,0.0,0.0,0.0,0.0,0.0,0.0,2560.4,0.0,3600.0,2560.4
4152,0.0,0.0,0.0,0.0,0.0,0.0,2390.6,0.0,3600.0,2390.6
4153,0.0,0.0,0.0,0.0,0.0,0.0,2541.7,0.0,3600.0,2541.7
4154,0.0,0.0,0.0,0.0,0.0,0.0,2514.4,0.0,3600.0,2514.4
4155,37.6152,0.0,0.0,0.0,0.0,0.0,2493.913256,0.0,3600.0,2531.528456
4156,379.344,0.0,0.0,0.0,0.0,0.0,2077.33632,0.0,3600.0,2456.68032
4157,1798.698,0.0,0.0,0.0,0.0,0.0,806.86294,0.0,3600.0,2605.5609400000003
4158,2641.9587628866,-1.50214685790538e-13,1.50214685790538e-13,843.561237113402,-1.1209690384878099e-13,0.0,4.5845284274328396e-30,0.0,3600.0,2641.9587628866
4159,2690.20618556701,0.0,0.0,1178.38381443299,3.9741004856387805e-15,0.0,-1.4239823862839002e-32,0.0,3600.0,2690.20618556701
4160,2655.46391752577,2853.6593814433,0.0,3810.55670103093,-1.27133456865993e-14,-7.64294306540785e-14,-3.3023919159824503e-31,0.0,5952.84216,2655.46391752577
4161,2636.59793814433,5943.05536082474,0.0,3810.55670103093,1.06518269469522e-13,-7.64294306540785e-14,-3.92548402513953e-30,0.0,10852.891305,2636.59793814433
4162,2636.90721649485,19.0060824742259,0.0,3810.55670103093,-7.0578933818794e-14,-7.64294306540785e-14,3.4970759049682896e-30,0.0,10868.56182,2636.90721649485
4163,2653.60824742268,0.0,0.0,2680.69175257732,-2.3188021519266902e-14,1255.40549828179,-1.1897716786196999e-30,0.0,9430.52573949394,2653.60824742268
4164,2630.72164948454,6672.62164948454,0.0,3810.55670103093,-2.37456332326965e-13,-7.64294306540785e-14,-1.20338397048412e-29,0.0,14932.1022894939,2630.72164948454
4165,2207.62886597938,6703.04443298969,0.0,3810.55670103093,-1.93070590972662e-13,-7.64294306540785e-14,6.64950079911771e-30,0.0,20458.7624244939,2207.62886597938
4166,2236.70103092783,5842.25226804124,0.0,3810.55670103093,2.03702175074702e-13,-7.64294306540785e-14,5.4862881922103495e-30,0.0,25275.6994194939,2236.70103092783
4167,2197.01030927835,4253.60298969072,0.0,3810.55670103093,-1.67349591709183e-13,-7.64294306540785e-14,7.124330804515829e-30,0.0,28782.7950844939,2197.01030927835
4168,2097.9381443299,1980.45515463917,0.0,3810.55670103093,9.52865322141742e-14,-7.64294306540785e-14,4.0315258751634495e-30,0.0,30415.6803594939,2097.9381443299
4169,2258.35051546392,0.0,0.0,2441.74948453608,8.455551693608831e-14,1520.8969072165,4.1639250565829494e-30,0.0,28673.5304085014,2258.35051546392
4170,1689.291,0.0,0.0,-7.475724160666341e-14,577.190985108821,4233.95189003436,-1.4208739100658301e-14,0.0,23162.4847325069,2266.481985108821
4171,481.713,0.0,0.0,0.0,1892.59838487973,4107.55026884394,7.31656484462912e-14,0.0,16289.4622196505,2374.31138487973
4172,117.5184,0.0,0.0,0.0,2426.46867353952,0.0,-1.63036750902386e-13,0.0,13510.0021125033,2543.98707353952
4173,0.0,0.0,0.0,0.0,2768.49942726231,0.0,3.53859154018862e-14,0.0,10338.7542004044,2768.49942726231
4174,0.0,0.0,0.0,0.0,2962.08476517755,0.0,-8.34140138913541e-14,0.0,6945.75905128922,2962.08476517755
4175,0.0,0.0,0.0,0.0,2920.84765177549,0.0,-1.1213634882562999e-13,0.0,3600.0,2920.84765177549
4176,0.0,0.0,0.0,0.0,2201.24857961054,0.0,600.70999,0.0,4678.52396379091,2801.95856961054
4177,0.0,0.0,0.0,0.0,0.0,0.0,2610.2,0.0,4678.52396379091,2610.2
4178,0.0,0.0,0.0,0.0,0.0,0.0,2561.7,0.0,4678.52396379091,2561.7
4179,29.28384,0.0,0.0,0.0,0.0,0.0,2473.7946752,0.0,4678.52396379091,2503.0785152
4180,366.897,0.0,0.0,0.0,0.0,0.0,2017.70991,0.0,4678.52396379091,2384.60691
4181,1772.913,0.0,0.0,0.0,941.551420389462,0.0,-2.03827152127377e-14,0.0,3600.0,2714.4644203894622
4182,2664.63917525773,-1.4030041277807e-13,1.4030041277807e-13,2186.24082474227,-1.0098662366290799e-13,0.0,3.4809263205939496e-30,0.0,3600.0,2664.63917525773
4183,2673.29896907217,1496.50432989691,0.0,3810.55670103093,-2.46574842435713e-13,-7.64294306540785e-14,1.68285825856928e-29,0.0,4833.86782,2673.2989690721697
4184,2608.14432989691,3823.47896907216,0.0,3810.55670103093,-1.23547012104686e-13,-7.64294306540785e-14,-2.18846039937127e-30,0.0,7986.32623,2608.14432989691
4185,2648.45360824742,4825.96969072165,0.0,3810.55670103093,-9.106259516593861e-14,-7.64294306540785e-14,-5.500770270272359e-30,0.0,11965.33824,2648.45360824742
4186,2768.65979381443,5337.53350515464,0.0,3810.55670103093,2.35565461818781e-13,-7.64294306540785e-14,1.60694486788131e-29,0.0,16366.134615,2768.6597938144305
4187,2469.17525773196,5975.62804123711,0.0,3810.55670103093,-2.2155091025662499e-13,-7.64294306540785e-14,-6.2248132861034296e-30,0.0,21293.039935,2469.17525773196
4188,2251.34020618557,6442.3430927835,0.0,3810.55670103093,2.18333241882426e-14,-7.64294306540785e-14,3.79571685804105e-31,0.0,26604.751815,2251.34020618557
4189,2272.47422680412,6395.16907216495,0.0,3810.55670103093,-1.70255331478361e-13,-7.64294306540785e-14,-3.811287528939e-30,0.0,31877.568715,2272.47422680412
4190,2259.69072164948,5623.33257731959,0.0,3810.55670103093,3.77152519722593e-14,-7.64294306540785e-14,7.864368913521891e-31,0.0,36514.006425,2259.69072164948
4191,2293.60824742268,4211.93505154639,0.0,3810.55670103093,1.74184960636317e-13,-7.64294306540785e-14,5.28239379266024e-30,0.0,39986.746875,2293.60824742268
4192,2257.9381443299,1885.52515463917,0.0,3810.55670103093,1.36633119816251e-13,-7.64294306540785e-14,1.0037206176098299e-29,0.0,41541.362365,2257.9381443299
4193,2228.86597938144,0.0,0.0,2515.51402061856,2.45135188087181e-13,1438.9363115693,-1.96079303119191e-29,0.0,39893.0962578187,2228.8659793814404
4194,1690.209,0.0,0.0,0.0,562.654375715922,4233.95189003436,-1.41208744684535e-14,0.0,34398.7019098802,2252.8633757159223
4195,487.821,0.0,0.0,0.0,1870.69144329897,4233.95189003436,-7.55756498390899e-14,0.0,27405.9833149966,2358.51244329897
4196,113.1903,0.0,0.0,0.0,2224.06117869416,2478.78743170112,-2.2424620065397e-14,0.0,22018.98605223,2337.25147869416
4197,0.0,0.0,0.0,0.0,2234.8224513173,0.0,-8.652488068016361e-14,0.0,19459.0519728287,2234.8224513173
4198,0.0,0.0,0.0,0.0,2178.57961053837,0.0,-6.2523178438066e-14,0.0,16963.5426824068,2178.57961053837
4199,0.0,0.0,0.0,0.0,2193.35624284078,0.0,-1.36620748060706e-13,0.0,14451.1071235972,2193.35624284078
4200,0.0,0.0,0.0,0.0,2015.00572737686,0.0,-4.9171323497573305e-14,0.0,12142.9676878849,2015.00572737686
4201,0.0,0.0,0.0,0.0,2056.35738831615,0.0,-1.52325516843071e-13,0.0,9787.46094296372,2056.35738831615
4202,0.0,0.0,0.0,0.0,2050.05727376861,0.0,1.42339575279793e-13,0.0,7439.17082409933,2050.05727376861
4203,26.3907,0.0,0.0,0.0,1882.13175372279,0.0,1.6303637113642102e-14,0.0,5283.23525282465,1908.52245372279
4204,364.08,0.0,0.0,0.0,1469.46437571592,0.0,-6.94671620214466e-14,0.0,3600.0,1833.54437571592
4205,1691.03092783505,0.0,0.0,100.767072164948,1.21934716705762e-13,0.0,-9.628384529177619e-30,0.0,3600.0,1691.0309278350503
4206,1700.92783505155,0.0,-2.27373675443232e-13,3268.99216494845,4.93105213543743e-14,0.0,9.83739070193304e-31,0.0,3600.0,1700.92783505155
4207,1744.43298969072,2675.15030927835,9.09494701772928e-13,3810.55670103093,3.76158207962133e-14,-3.76158207962133e-14,2.03581593997265e-30,0.0,5805.66143,1744.43298969072
4208,1713.81443298969,5154.45886597938,0.0,3810.55670103093,-2.58269333223461e-14,2.58269333223461e-14,-3.7719942984070904e-31,0.0,10055.512765,1713.81443298969
4209,1844.22680412371,6769.38649484536,0.0,3810.55670103093,6.67067817541645e-14,-6.67067817541645e-14,3.42539996268987e-30,0.0,15636.87193,1844.22680412371
4210,1892.37113402062,7582.15216494845,9.09494701772928e-13,3810.55670103093,6.55717140461787e-14,-6.55717140461787e-14,4.19401350321995e-31,0.0,21888.35639,1892.37113402062
4211,1801.75257731959,7968.42072164948,9.09494701772928e-13,3810.55670103093,-5.1792524888081305e-14,5.1792524888081305e-14,-1.2910705817506899e-30,0.0,28458.319275,1801.75257731959
4212,1765.25773195876,7929.97556701031,9.09494701772928e-13,3810.55670103093,3.04378967836723e-14,-3.04378967836723e-14,-1.3090830780932698e-30,0.0,34996.58413,1765.25773195876
4213,1711.44329896907,7773.28,0.0,3810.55670103093,-9.361654995151021e-14,9.361654995151021e-14,3.56519929491588e-32,0.0,41405.65349,1711.44329896907
4214,1680.41237113402,6817.70092783505,-9.09494701772928e-13,3810.55670103093,-1.0498170118990699e-13,1.0498170118990699e-13,-4.7681891004442e-30,0.0,47026.847905,1680.41237113402
4215,1680.51546391753,5161.11783505155,-9.09494701772928e-13,3810.55670103093,1.22243708524993e-14,-1.22243708524993e-14,-1.6287860705051401e-31,0.0,51282.18956,1680.51546391753
4216,1685.46391752577,2714.3493814433,4.54747350886464e-13,3810.55670103093,1.06137745939253e-13,-1.06137745939253e-13,2.95270712281214e-30,0.0,53520.170625,1685.46391752577
4217,1784.63917525773,0.0,-2.27373675443232e-13,3117.30082474227,-3.14787775759521e-14,770.284306987401,-1.7409244353950798e-30,0.0,52637.8289216926,1784.63917525773
4218,1713.147,0.0,0.0,-7.475724160666341e-14,52.6316265750286,4233.95189003436,-9.154781349440301e-16,0.0,47727.6530721973,1765.7786265750285
4219,482.085,0.0,0.0,-7.475724160666341e-14,1334.68218785796,4233.95189003436,-9.017021407256831e-14,0.0,41348.9198787353,1816.76718785796
4220,119.6448,0.0,0.0,-7.475724160666341e-14,1858.81391065292,4233.95189003436,-8.74888799513066e-15,0.0,34369.8067049812,1978.45871065292
4221,0.0,0.0,0.0,0.0,2002.52004581901,4233.95189003436,-1.75885616367939e-14,0.0,27226.0816925489,2002.52004581901
4222,0.0,0.0,0.0,0.0,1996.56357388316,4233.95189003436,-3.19236840093794e-14,0.0,20089.1796720248,1996.56357388316
4223,0.0,0.0,0.0,0.0,2037.80068728522,4233.95189003436,-3.2013490751033203e-15,0.0,12905.0415536748,2037.80068728522
4224,0.0,0.0,0.0,0.0,1998.85452462772,0.0,-7.443849177124e-14,0.0,4910.36136926951,1998.85452462772
4225,0.0,0.0,0.0,0.0,1143.94547537228,0.0,727.7356,0.0,3600.0,1871.68107537228
4226,0.0,0.0,0.0,0.0,0.0,0.0,1682.8,0.0,3600.0,1682.8
4227,18.10539,0.0,0.0,0.0,0.0,0.0,1639.3377717,0.0,3600.0,1657.4431617
4228,396.249,0.0,0.0,0.0,0.0,0.0,1205.43847,0.0,3600.0,1601.68747
4229,1759.11,0.0,0.0,0.0,0.0,0.0,82.5633,0.0,3600.0,1841.6733
4230,1917.31958762887,1.61693081888867e-14,-1.61693081888867e-14,2799.61041237113,1.16384820873165e-14,0.0,-2.01784678016283e-31,0.0,3600.0,1917.31958762887
4231,1898.65979381443,2066.78350515464,0.0,3810.55670103093,1.04831295803356e-13,0.0,-3.978967790283459e-30,0.0,5304.063,1898.65979381443
4232,1884.74226804124,4329.53103092783,0.0,3810.55670103093,8.0965925618577e-14,0.0,5.444969658816129e-30,0.0,8873.761335,1884.74226804124
4233,1957.31958762887,5878.36371134021,0.0,3810.55670103093,-3.14173148447675e-14,0.0,3.3546664688952804e-31,0.0,13720.472215,1957.31958762887
4234,1971.03092783505,6794.65237113402,0.0,3810.55670103093,1.84868567800929e-14,0.0,-6.42425680388855e-31,0.0,19322.663095,1971.03092783505
4235,2041.54639175258,7244.90690721649,0.0,3810.55670103093,-7.0518729710091e-14,0.0,-5.047758476405449e-30,0.0,25296.08884,2041.54639175258
4236,2049.69072164948,7406.86257731959,0.0,3810.55670103093,-2.07844721202461e-14,0.0,1.0548628536217599e-30,0.0,31403.047035,2049.69072164948
4237,2171.03092783505,6833.21237113402,0.0,3810.55670103093,-2.20232712977567e-13,0.0,-7.61086689054007e-30,0.0,37037.030635,2171.03092783505
4238,2104.43298969072,6004.52030927835,0.0,3810.55670103093,-1.44130104627877e-13,0.0,1.0818815981356299e-30,0.0,41987.75763,2104.43298969072
4239,2126.0824742268,4306.50082474227,0.0,3810.55670103093,2.41998071551804e-13,0.0,-9.011212384162349e-30,0.0,45538.46756,2126.0824742268005
4240,2049.58762886598,1962.92567010309,0.0,3810.55670103093,1.14646872996495e-13,0.0,-9.313164203623109e-30,0.0,47156.899775,2049.58762886598
4241,2026.18556701031,0.0,2.27373675443232e-13,2690.14443298969,9.57010385514464e-14,0.0,1.44755645401497e-31,0.0,47156.899775,2026.18556701031
4242,1821.393,0.0,0.0,0.0,221.934467353952,2524.2168518669,7.698614132596671e-15,0.0,44011.2510702797,2043.327467353952
4243,561.249,0.0,0.0,0.0,1601.81955326461,4233.95189003436,-5.28611473646652e-14,0.0,37326.5186037287,2163.0685532646103
4244,120.7152,0.0,0.0,0.0,2027.61312256586,0.0,2.70212530085805e-14,0.0,35003.9377073188,2148.32832256586
4245,0.0,0.0,0.0,0.0,2164.71935853379,0.0,9.70685209696388e-14,0.0,32524.3049942217,2164.71935853379
4246,0.0,0.0,0.0,0.0,2209.27835051546,0.0,6.57701064286362e-14,0.0,29993.6310531959,2209.27835051546
4247,0.0,0.0,0.0,0.0,2118.55670103093,0.0,3.65051219493589e-14,0.0,27566.8765273873,2118.55670103093
4248,0.0,0.0,0.0,0.0,2108.5910652921,0.0,4.6946608494544e-14,0.0,25151.5373918866,2108.5910652921
4249,0.0,0.0,0.0,0.0,2126.68957617411,0.0,-8.717171060337471e-14,0.0,22715.4668578957,2126.68957617411
4250,0.0,0.0,0.0,0.0,2098.85452462772,0.0,7.87616274859952e-14,0.0,20311.2806899372,2098.85452462772
4251,0.0,0.0,0.0,0.0,2048.45360824742,0.0,-1.76895913724722e-13,0.0,17964.8275304327,2048.45360824742
4252,444.714,0.0,0.0,0.0,1604.26966781214,0.0,-7.38205999828498e-15,0.0,16127.1761354589,2048.98366781214
4253,1746.999,0.0,0.0,0.0,168.168350515464,0.0,1.1667410771770401e-14,0.0,15934.5434315466,1915.167350515464
4254,1971.44329896907,0.0,-2.27373675443232e-13,2610.12670103093,-2.5777217734323e-14,1333.81111111111,-1.00188895415094e-30,0.0,14406.6956524961,1971.44329896907
4255,2299.38144329897,1562.4118556701,0.0,3810.55670103093,-9.65078155621493e-14,-7.64294306540785e-14,-3.0996839984097998e-30,0.0,15694.9042274961,2299.38144329897
4256,2351.64948453608,3978.72381443299,0.0,3810.55670103093,-1.52211719582203e-13,-7.64294306540785e-14,-4.7637340452556e-30,0.0,18975.3620124961,2351.64948453608
4257,2304.22680412371,5688.83649484536,0.0,3810.55670103093,1.3283690464134399e-13,-7.64294306540785e-14,1.03081417819463e-29,0.0,23665.8077024961,2304.22680412371
4258,2414.84536082474,6533.41793814433,0.0,3810.55670103093,1.10168064895736e-13,-7.64294306540785e-14,-2.7325538846193598e-30,0.0,29052.610792496,2414.84536082474
4259,2339.69072164948,6937.25257731959,0.0,3810.55670103093,-6.40233986234022e-14,-7.64294306540785e-14,4.60681525481621e-30,0.0,34772.375542496,2339.69072164948
4260,2484.43298969072,6711.21030927835,0.0,3810.55670103093,-2.36712276669928e-13,-7.64294306540785e-14,-2.17765278977759e-29,0.0,40305.768442496,2484.43298969072
4261,2468.96907216495,6311.50422680412,0.0,3810.55670103093,4.93117799768559e-14,-7.64294306540785e-14,5.86155409724568e-31,0.0,45509.603677496,2468.96907216495
4262,2479.07216494845,5481.50113402062,0.0,3810.55670103093,-1.80971033516254e-14,-7.64294306540785e-14,1.51847410012678e-32,0.0,50029.101362496,2479.07216494845
4263,2532.37113402062,3730.38216494845,0.0,3810.55670103093,4.08288742213138e-14,-7.64294306540785e-14,1.3157714365963598e-30,0.0,53104.801457496,2532.37113402062
4264,2624.63917525773,0.0,0.0,2889.63082474227,1.94706590428323e-13,1023.25097365407,5.44506527493227e-30,0.0,51932.6926675143,2624.63917525773
4265,2593.71134020619,0.0,0.0,2054.51865979381,-2.28167908183202e-13,1951.15337915235,7.11726996795469e-30,0.0,49697.6945241554,2593.7113402061896
4266,1791.807,0.0,0.0,-7.475724160666341e-14,792.837583046965,4233.95189003436,2.42594168452239e-14,0.0,43939.6309811069,2584.644583046965
4267,568.554,0.0,0.0,-7.475724160666341e-14,2126.57802978236,4233.95189003436,-1.77666631575977e-13,0.0,36653.8006033099,2695.13202978236
4268,0.0,0.0,0.0,0.0,2897.59450171821,4233.95189003436,-3.12326262599814e-14,0.0,28484.7898452887,2897.59450171821
4269,0.0,0.0,0.0,0.0,2989.46162657503,4233.95189003436,4.7147106888045804e-14,0.0,20210.5475582218,2989.46162657503
4270,0.0,0.0,0.0,0.0,3019.81672394044,4233.95189003436,-1.68803963298209e-13,0.0,11901.5342546997,3019.81672394044
4271,0.0,0.0,0.0,0.0,3013.28751431844,4233.95189003436,1.04487596378388e-13,0.0,3600.0,3013.28751431844
4272,0.0,0.0,0.0,0.0,2861.28293241695,0.0,-1.97734658988905e-13,0.0,3922.47086779272,2861.28293241695
4273,0.0,0.0,0.0,0.0,0.0,0.0,2568.4,0.0,3922.47086779272,2568.4
4274,0.0,0.0,0.0,0.0,0.0,0.0,2580.2,0.0,3922.47086779272,2580.2
4275,0.0,0.0,0.0,0.0,0.0,0.0,2559.1,0.0,3922.47086779272,2559.1
4276,420.06,0.0,0.0,0.0,0.0,0.0,2077.3418,0.0,3922.47086779272,2497.4018
4277,1444.452,0.0,0.0,0.0,281.517067583047,0.0,950.51716,0.0,3600.0,2676.486227583047
4278,2757.9381443299,1779.0518556701,0.0,0.0,1.5189391740559998e-13,0.0,-8.716885633231029e-30,0.0,5066.828255,2757.9381443299
4279,2756.28865979381,4883.09134020619,0.0,0.0,-1.29443448660549e-13,0.0,-3.9912265514375e-30,0.0,9092.937065,2756.28865979381
4280,2699.38144329897,3555.9018556701,0.0,3810.55670103093,-9.992623422216361e-14,0.0,-3.7873321518874e-30,0.0,12024.778145,2699.38144329897
4281,2671.85567010309,5297.68762886598,0.0,3810.55670103093,1.8052065643825599e-13,0.0,2.6935627056219197e-30,0.0,16392.721595,2671.85567010309
4282,2719.27835051546,3287.78494845361,0.0,3810.55670103093,-8.89009110537978e-14,0.0,4.1587271319900495e-30,0.0,19103.500285,2719.27835051546
4283,2676.90721649485,6842.25608247423,0.0,3810.55670103093,1.39002686408269e-13,0.0,3.781015228086469e-30,0.0,24744.940425,2676.90721649485
4284,2648.96907216495,6939.82422680412,0.0,3810.55670103093,-3.3747654369442104e-14,0.0,-2.6411007585360196e-30,0.0,30466.8255,2648.96907216495
4285,2592.88659793814,5435.90670103093,0.0,3810.55670103093,-1.08385645691383e-13,0.0,2.34444508817407e-30,0.0,34948.730575,2592.88659793814
4286,2741.23711340206,3353.20545970409,0.0,3644.21742689384,1.20130061837567e-13,0.0,-9.5306160443272e-30,0.0,37713.448476526,2741.23711340206
4287,2673.09278350515,5357.72721649484,0.0,0.0,2.4287847797768e-14,0.0,-1.1527692477651799e-30,0.0,42130.894566526,2673.09278350515
4288,2596.90721649485,84.024783505155,0.0,0.0,2.4074133700393e-13,0.0,1.09794459887495e-29,0.0,42200.173000526,2596.9072164948507
4289,2656.59793814433,1133.60206185567,0.0,0.0,2.11309079583053e-13,0.0,-9.29291892564399e-30,0.0,43134.827900526,2656.59793814433
4290,2134.698,0.0,0.0,0.0,617.11676975945,0.0,1.8490305766078e-14,0.0,42427.9358389459,2751.81476975945
4291,168.8568,0.0,0.0,0.0,2897.94834364261,0.0,-4.8967144395031e-14,0.0,39108.4073811651,3066.80514364261
4292,0.0,0.0,0.0,0.0,3027.14776632302,0.0,2.6488105332643104e-15,0.0,35640.8841665912,3027.14776632302
4293,0.0,0.0,0.0,0.0,2993.81443298969,0.0,1.68117634361291e-13,0.0,32211.5434644266,2993.81443298969
4294,0.0,0.0,0.0,0.0,3095.76174112257,0.0,1.6193226624694e-13,0.0,28665.4246315256,3095.76174112257
4295,0.0,0.0,0.0,0.0,3080.98510882016,0.0,-1.03211687891722e-13,0.0,25136.2320670123,3080.98510882016
4296,0.0,0.0,0.0,0.0,2946.39175257732,0.0,-9.481057405377891e-14,0.0,21761.2128773475,2946.39175257732
4297,0.0,0.0,0.0,0.0,3060.82474226804,0.0,6.59185146330331e-14,0.0,18255.1135162158,3060.82474226804
4298,0.0,0.0,0.0,0.0,2848.22451317297,0.0,-1.05898890522175e-13,0.0,14992.5424816534,2848.22451317297
4299,0.0,0.0,0.0,0.0,2596.44902634593,0.0,5.55439232853877e-14,0.0,12018.374066595,2596.44902634593
4300,0.0,0.0,0.0,0.0,2750.05727376861,0.0,-1.74740120553152e-13,0.0,8868.25118713499,2750.05727376861
4301,240.2673,0.0,0.0,0.0,2464.99509621993,0.0,7.8502529092752e-14,0.0,6044.66001162533,2705.26239621993
4302,509.643,0.0,0.0,0.0,2134.18819014891,0.0,7.51864138773131e-14,0.0,3600.0,2643.83119014891
4303,2435.15463917526,5.26011067430942e-14,-5.26011067430942e-14,3434.01536082474,3.7861671720951604e-14,0.0,-6.774288550159961e-31,0.0,3600.0,2435.15463917526
4304,2227.01030927835,5093.87298969072,0.0,3810.55670103093,2.50287568986007e-13,-7.64294306540785e-14,1.3975142281335998e-29,0.0,7799.89828,2227.01030927835
4305,2293.40206185567,6907.5212371134,0.0,3810.55670103093,-6.02271834484956e-14,-7.64294306540785e-14,4.33587964896819e-30,0.0,13495.14954,2293.40206185567
4306,2286.80412371134,7674.46917525773,0.0,3810.55670103093,-1.90654035807998e-13,-7.64294306540785e-14,-1.0839985970768899e-29,0.0,19822.749375,2286.80412371134
4307,2326.39175257732,7807.44154639175,0.0,3810.55670103093,8.66322440307214e-14,-7.64294306540785e-14,8.35465601307518e-31,0.0,26259.98493,2326.39175257732
4308,2286.80412371134,7747.09917525773,0.0,3810.55670103093,-1.90654035807998e-13,-7.64294306540785e-14,-1.0839985970768899e-29,0.0,32647.4682,2286.80412371134
4309,2386.0824742268,1531.54082474227,0.0,3810.55670103093,4.15729298783505e-14,-7.64294306540785e-14,2.5918923677887797e-30,0.0,33910.22361,2386.0824742268
4310,2579.58762886598,578.855670103092,0.0,3810.55670103093,4.2269996962741e-14,-7.64294306540785e-14,-1.4269045653346099e-30,0.0,34387.49011,2579.58762886598
4311,2677.01030927835,1692.89298969072,0.0,3810.55670103093,2.48395230084928e-13,-7.64294306540785e-14,7.004561297274579e-30,0.0,35783.28038,2677.01030927835
4312,2686.70103092783,0.0,0.0,1535.07896907216,2.17436892905116e-13,2528.30859106529,-6.984870786535189e-30,0.0,32887.165155412,2686.70103092783
4313,2746.49484536082,0.0,0.0,557.375154639175,-2.07877655157396e-13,3614.6461626575,6.774659463184159e-30,0.0,28746.6769965833,2746.49484536082
4314,1302.402,0.0,0.0,0.0,1507.29674684994,4233.95189003436,-5.939551651072971e-14,0.0,22170.2180768991,2809.69874684994
4315,0.0,0.0,0.0,0.0,2855.44100801833,1959.22306154527,-1.45449090979322e-13,0.0,16655.138959415,2855.44100801833
4316,0.0,0.0,0.0,0.0,2816.60939289805,0.0,7.73081321499412e-14,0.0,13428.7822665192,2816.60939289805
4317,0.0,0.0,0.0,0.0,2731.04238258877,0.0,-6.83630176777172e-14,0.0,10300.4404766122,2731.04238258877
4318,0.0,0.0,0.0,0.0,2905.95647193585,0.0,-1.33535926366449e-13,0.0,6971.73890509349,2905.95647193585
4319,0.0,0.0,0.0,0.0,2943.52806414662,0.0,6.571015387661321e-14,0.0,3600.0,2943.52806414662
4320,0.0,0.0,0.0,0.0,0.0,0.0,2404.2,0.0,7200.0,2404.2
4321,0.0,0.0,0.0,0.0,0.0,0.0,2540.6,0.0,7200.0,2540.6
4322,0.0,0.0,0.0,0.0,0.0,0.0,2470.8,0.0,7200.0,2470.8
4323,0.0,0.0,0.0,0.0,0.0,0.0,2366.7,0.0,7200.0,2366.7
4324,409.293,0.0,0.0,0.0,0.0,0.0,1991.08579,0.0,7200.0,2400.37879
4325,0.0,0.0,0.0,0.0,0.0,0.0,2552.3,0.0,7200.0,2552.3
4326,387.216,0.0,0.0,0.0,0.0,0.0,2209.50048,0.0,7200.0,2596.71648
4327,787.74,0.0,0.0,0.0,2000.44925544101,0.0,-3.94981957285088e-15,0.0,4908.53464439747,2788.18925544101
4328,2539.539,0.0,0.0,0.0,312.997903780069,0.0,2.3293363511420902e-14,0.0,4550.00325404229,2852.536903780069
4329,2842.26804123711,5515.70195876289,0.0,0.0,2.3781210294843e-13,0.0,1.66792846903592e-29,0.0,9097.69951904229,2842.2680412371105
4330,2389.377,0.0,0.0,0.0,523.258087056128,0.0,3.0374384051612203e-14,0.0,8498.32026697342,2912.635087056128
4331,2827.42268041237,8054.41731958763,0.0,0.0,2.0089586648156998e-13,0.0,4.32009993426214e-30,0.0,15139.1873469734,2827.42268041237
4332,2800.542,0.0,0.0,0.0,78.3210309278353,0.0,-1.4951221932906902e-15,0.0,15049.472534914,2878.863030927835
4333,2744.94845360825,4571.75154639175,0.0,0.0,1.25452356771408e-13,0.0,5.9531337674952e-30,0.0,18818.881684914,2744.94845360825
4334,2709.07216494845,1927.99783505155,0.0,0.0,-1.15257514670482e-13,0.0,-1.2397239821271498e-30,0.0,20408.515899914,2709.07216494845
4335,2663.19587628866,1885.19412371134,0.0,0.0,-1.79165959107232e-13,0.0,-1.88336271280632e-30,0.0,21962.858454914,2663.19587628866
4336,2722.16494845361,5530.44505154639,0.0,0.0,2.05765896403691e-14,0.0,1.08731409149359e-30,0.0,26522.710399914,2722.16494845361
4337,2659.509,0.0,0.0,0.0,43.3863344788087,0.0,-6.33473123772162e-16,0.0,26473.0124222751,2702.8953344788088
4338,805.941,0.0,0.0,0.0,2013.90289805269,0.0,3.1226628359574204e-15,0.0,24166.1362503934,2819.84389805269
4339,0.0,0.0,0.0,0.0,2950.74455899198,0.0,2.61599534194658e-14,0.0,20786.1310281804,2950.74455899198
4340,5.58624,0.0,0.0,0.0,2828.95916059565,0.0,1.00274618130592e-14,0.0,17545.6279805336,2834.54540059565
4341,0.0,0.0,0.0,0.0,2692.43986254296,0.0,6.1469760171614405e-15,0.0,14461.5044266471,2692.43986254296
4342,0.0,0.0,0.0,0.0,0.0,0.0,2431.5,0.0,14461.5044266471,2431.5
4343,0.0,0.0,0.0,0.0,0.0,0.0,2462.5,0.0,14461.5044266471,2462.5
4344,0.0,0.0,0.0,0.0,2729.89690721649,0.0,5.2142995534183905e-14,0.0,11334.4747505686,2729.89690721649
4345,0.0,0.0,0.0,0.0,2854.75372279496,0.0,1.78039871251111e-14,0.0,8064.42466718376,2854.75372279496
4346,0.0,0.0,0.0,0.0,827.481909709153,0.0,1693.10829282391,0.0,7116.56451860512,2520.590202533063
4347,0.0,0.0,0.0,0.0,0.0,0.0,2355.8,0.0,7116.56451860512,2355.8
4348,423.675,0.0,0.0,0.0,2161.55240549828,0.0,8.387522215524661e-14,0.0,4640.55947221533,2585.2274054982804
4349,1654.185,0.0,0.0,0.0,908.408419243987,0.0,8.88961512267625e-15,0.0,3600.0,2562.5934192439872
4350,2509.07216494845,-1.68607630861318e-13,1.68607630861318e-13,66.5658350515466,-1.21361833706222e-13,0.0,1.85438909195373e-30,0.0,3600.0,2509.07216494845
4351,2476.28865979381,1356.22463917526,0.0,3810.55670103093,-3.3809117100626704e-14,0.0,7.91912721242911e-31,0.0,4718.207215,2476.28865979381
4352,2392.0618556701,0.0,0.0,781.038144329897,5.2922977646968006e-15,0.0,-2.29422877835997e-32,0.0,4718.207215,2392.0618556701
4353,2580.1030927835,0.0,0.0,878.986907216495,8.395788102774391e-14,0.0,1.42393837902234e-30,0.0,4718.207215,2580.1030927835
4354,2682.68041237113,575.512886597938,0.0,3810.55670103093,-1.31690089790197e-13,0.0,-4.60106256298357e-30,0.0,5192.71759,2682.68041237113
4355,2666.39175257732,0.0,0.0,1643.25824742268,-2.31158604969887e-13,725.122745665527,1.62501221493433e-29,0.0,4362.10734296045,2666.3917525773195
4356,2631.9587628866,2727.52453608247,0.0,3810.55670103093,9.59586366193464e-14,0.0,1.32591457007691e-31,0.0,6610.95132296045,2631.9587628866
4357,2580.61855670103,7670.72474226804,0.0,3810.55670103093,1.56899878555734e-13,0.0,4.292434458138049e-30,0.0,12935.4638729604,2580.61855670103
4358,2674.0206185567,6164.17268041237,0.0,3810.55670103093,1.38981289826082e-14,0.0,-4.3154001375884203e-32,0.0,18017.8242479604,2674.0206185567
4359,2488.76288659794,0.0,0.0,2334.78711340206,-6.468249726293121e-14,0.0,5.29984205703453e-30,0.0,18017.8242479604,2488.76288659794
4360,2538.96907216495,1595.58422680412,0.0,3810.55670103093,1.71255726580816e-13,0.0,1.09822324942699e-29,0.0,19333.3834429604,2538.96907216495
4361,2536.0824742268,0.0,0.0,2181.1475257732,4.6151169155155304e-14,0.0,2.7130756222812103e-31,0.0,19333.3834429604,2536.0824742268
4362,2174.217,0.0,0.0,0.0,414.902073310424,0.0,1.1480420300299e-14,0.0,18858.1233360757,2589.119073310424
4363,604.476,0.0,0.0,0.0,2150.58222222222,0.0,-1.7398601275746998e-13,0.0,16394.684364458,2755.05822222222
4364,0.0,0.0,0.0,0.0,2774.11225658648,0.0,1.31347576826688e-13,0.0,13217.0070945995,2774.11225658648
4365,0.0,0.0,0.0,0.0,2726.2313860252,0.0,-1.74327696480913e-13,0.0,10094.1761827722,2726.2313860252
4366,0.0,0.0,0.0,0.0,2840.09163802978,0.0,-1.51842819850092e-13,0.0,6840.92115639216,2840.09163802978
4367,0.0,0.0,0.0,0.0,2829.32416953035,0.0,9.59753595167185e-14,0.0,3600.0,2829.32416953035
4368,0.0,0.0,0.0,0.0,2699.54180985109,0.0,-1.28900371603445e-13,0.0,4107.74134037676,2699.54180985109
4369,0.0,0.0,0.0,0.0,443.258190148912,0.0,2077.4356,0.0,3600.0,2520.693790148912
4370,0.0,0.0,0.0,0.0,0.0,0.0,2388.6,0.0,3600.0,2388.6
4371,0.0,0.0,0.0,0.0,0.0,0.0,2389.8,0.0,3600.0,2389.8
4372,521.952,0.0,0.0,0.0,0.0,0.0,1891.80656,0.0,3600.0,2413.75856
4373,0.0,0.0,0.0,0.0,0.0,0.0,2574.4,0.0,3600.0,2574.4
4374,2769.38144329897,610.838556701031,0.0,0.0,2.2017712381796402e-14,0.0,1.0993403705943898e-30,0.0,4103.63639,2769.38144329897
4375,2817.62886597938,3171.84113402062,0.0,0.0,1.22461659984723e-13,0.0,-6.951632299370379e-30,0.0,6718.819405,2817.62886597938
4376,2814.94845360825,6004.75154639175,0.0,0.0,2.31769246643875e-13,0.0,-5.6972339635930295e-30,0.0,11669.737055,2814.9484536082505
4377,2849.07216494845,6794.72783505155,0.0,0.0,8.174920834295681e-14,0.0,2.9977367986347496e-30,0.0,17271.990155,2849.07216494845
4378,2788.14432989691,7376.51567010309,0.0,0.0,-2.22233503182477e-13,0.0,8.4861427052304e-32,0.0,23353.927325,2788.14432989691
4379,2775.05154639175,7914.42845360825,0.0,0.0,1.47207226824965e-13,0.0,2.7606039119198396e-30,0.0,29879.373585,2775.05154639175
4380,2742.0618556701,7544.8181443299,0.0,0.0,1.59748560772413e-14,0.0,7.60439964896341e-31,0.0,36100.076145,2742.0618556701
4381,2680.92783505155,233.278164948454,0.0,0.0,-1.71451652147118e-14,0.0,-8.508712729216531e-31,0.0,36292.413992,2680.92783505155
4382,478.989,0.0,0.0,0.0,2498.48873997709,0.0,1.15851308528607e-13,0.0,33430.4566724386,2977.47773997709
4383,2528.229,0.0,0.0,0.0,218.348075601375,0.0,1.13018005187395e-14,0.0,33180.3443292526,2746.577075601375
4384,2302.623,0.0,0.0,0.0,484.485326460481,0.0,-2.40367986377868e-14,0.0,32625.3783195613,2787.1083264604813
4385,787.398,0.0,0.0,0.0,2127.40428407789,0.0,-6.30688314301191e-14,0.0,30188.4891052682,2914.8022840778904
4386,82.9488,0.0,0.0,0.0,2851.0190882016,0.0,4.82654255908017e-14,0.0,26922.7169538345,2933.9678882016
4387,0.0,0.0,0.0,0.0,2855.09736540664,0.0,-3.49460951458151e-14,0.0,23652.2732363012,2855.09736540664
4388,0.0,0.0,0.0,0.0,2863.80297823597,0.0,-1.89999477523209e-13,0.0,20371.8574536712,2863.80297823597
4389,0.0,0.0,0.0,0.0,2889.11798396335,0.0,3.33264402456083e-14,0.0,17062.4439554314,2889.11798396335
4390,0.0,0.0,0.0,0.0,2815.00572737686,0.0,-1.84174443291992e-13,0.0,13837.9242218955,2815.00572737686
4391,0.0,0.0,0.0,0.0,0.0,0.0,2416.5,0.0,13837.9242218955,2416.5
4392,0.0,0.0,0.0,0.0,2699.77090492554,0.0,1.19846836286054e-13,0.0,10745.4031395065,2699.77090492554
4393,0.0,0.0,0.0,0.0,2630.01145475372,0.0,2.33164802216978e-14,0.0,7732.78978927316,2630.01145475372
4394,0.0,0.0,0.0,0.0,0.0,0.0,2307.6,0.0,7732.78978927316,2307.6
4395,0.0,0.0,0.0,0.0,1308.66019393925,0.0,1096.33965069103,0.0,6233.75176643324,2404.99984463028
4396,359.88,0.0,0.0,0.0,1928.88476517755,0.0,-6.95605621722394e-14,0.0,4024.26177195724,2288.76476517755
4397,1672.74,0.0,0.0,0.0,370.380526918671,0.0,4.352750208125171e-15,0.0,3600.0,2043.120526918671
4398,2218.76288659794,-2.2433902380997099e-13,2.2433902380997099e-13,2694.66711340206,-1.61476649439644e-13,0.0,3.5249357433923794e-30,0.0,3600.0,2218.76288659794
4399,2147.21649484536,2480.68680412371,0.0,3810.55670103093,6.5536472616694e-14,0.0,3.33496865466456e-30,0.0,5645.32627,2147.21649484536
4400,2077.31958762887,5375.5337113402,0.0,3810.55670103093,-1.76211762372513e-13,0.0,8.82514975680702e-30,0.0,10077.453815,2077.31958762887
4401,2044.63917525773,7663.07412371134,0.0,3810.55670103093,2.0733497909741402e-14,0.0,-3.25896688427891e-32,0.0,16395.65843,2044.63917525773
4402,2045.56701030928,9144.86628865979,0.0,3810.55670103093,2.59708358260752e-14,0.0,-2.91498995590003e-31,0.0,23935.600685,2045.56701030928
4403,2073.50515463918,9757.8481443299,0.0,3810.55670103093,1.98721176603786e-13,-7.64294306540785e-14,8.885319272064259e-30,0.0,31980.94648,2073.50515463918
4404,2082.88659793814,9674.75670103093,0.0,3810.55670103093,-1.76041848337498e-13,-7.64294306540785e-14,-9.27417302462567e-30,0.0,39957.78338,2082.88659793814
4405,2147.01030927835,8839.75298969072,0.0,3810.55670103093,-1.68875671468118e-13,-7.64294306540785e-14,-8.630354613154589e-30,0.0,47246.15972,2147.01030927835
4406,2143.50515463918,1904.9181443299,0.0,3810.55670103093,6.02141776828525e-14,-7.64294306540785e-14,-1.12997203303075e-30,0.0,48816.76473,2143.50515463918
4407,2152.78350515464,0.0,0.0,2514.28649484536,8.1333443383203e-14,1440.30022909508,1.77268612680189e-30,0.0,47166.9362888831,2152.78350515464
4408,2094.0206185567,1053.23268041237,0.0,3810.55670103093,-1.44447906804479e-13,-7.64294306540785e-14,9.638880167903189e-30,0.0,48035.3266338831,2094.0206185567
4409,2038.65979381443,0.0,2.27373675443232e-13,2412.08020618557,6.482765838914191e-14,1553.8627720504,-8.56719580870431e-31,0.0,46255.4150965974,2038.65979381443
4410,1732.428,0.0,0.0,0.0,638.653883161512,4233.95189003436,3.36489127817457e-14,0.0,40673.9651845746,2371.081883161512
4411,490.722,0.0,0.0,0.0,2232.53111111111,4233.95189003436,1.09921904664942e-13,0.0,33266.7681614985,2723.2531111111102
4412,125.0535,0.0,0.0,0.0,2594.84319014891,4233.95189003436,1.3249567114835e-14,0.0,25444.5515748051,2719.89669014891
4413,0.0,0.0,0.0,0.0,2732.53150057274,4233.95189003436,1.55375324163339e-13,0.0,17464.6164194705,2732.53150057274
4414,0.0,0.0,0.0,0.0,2707.56013745705,4233.95189003436,-1.20700675876405e-13,0.0,9513.28534559723,2707.56013745705
4415,0.0,0.0,0.0,0.0,2709.50744558992,2452.79066111646,8.80318172946025e-14,0.0,3600.0,2709.50744558992
4416,0.0,0.0,0.0,0.0,2681.83892325315,0.0,28.4546200000003,0.0,4128.01956099296,2710.2935432531503
4417,0.0,0.0,0.0,0.0,0.0,0.0,2308.0,0.0,4128.01956099296,2308.0
4418,0.0,0.0,0.0,0.0,0.0,0.0,2309.6,0.0,4128.01956099296,2309.6
4419,0.0,0.0,0.0,0.0,0.0,0.0,2245.9,0.0,4128.01956099296,2245.9
4420,452.529,0.0,0.0,0.0,0.0,0.0,1744.04687,0.0,4128.01956099296,2196.57587
4421,1918.434,0.0,0.0,0.0,460.96107674685,0.0,1.96908464231648e-14,0.0,3600.0,2379.39507674685
4422,2374.94845360825,896.821546391752,0.0,0.0,2.5606045076826e-14,0.0,2.1587942882994996e-31,0.0,4339.429365,2374.94845360825
4423,2425.87628865979,5919.34371134021,0.0,0.0,1.67424060206011e-14,0.0,-8.253847338168661e-31,0.0,9219.928255,2425.87628865979
4424,2481.03092783505,8626.67907216495,0.0,0.0,8.61430594262078e-14,0.0,5.466787870347339e-30,0.0,16332.62515,2481.03092783505
4425,2424.43298969072,4786.23030927835,0.0,3810.55670103093,-3.01828159607356e-14,0.0,2.0920862106369397e-30,0.0,20278.87204,2424.43298969072
4426,2557.62886597938,0.0,0.0,1839.92113402062,-1.82388032660117e-13,0.0,6.744207481539709e-30,0.0,20278.87204,2557.62886597938
4427,2545.77319587629,4093.28680412371,0.0,0.0,-4.34224756150565e-16,0.0,3.51809305671429e-33,0.0,23653.78701,2545.77319587629
4428,2581.85567010309,10933.7443298969,0.0,0.0,-1.49599868162478e-14,0.0,4.372759373715761e-31,0.0,32668.65921,2581.85567010309
4429,1453.854,0.0,0.0,0.0,1282.65935853379,0.0,8.68614679890346e-14,0.0,31199.4045037757,2736.51335853379
4430,2518.45360824742,601.126391752578,0.0,0.0,-6.47708106070566e-15,0.0,-2.92340089500215e-31,0.0,31695.0332137757,2518.45360824742
4431,2562.88659793814,5770.21340206186,0.0,0.0,-5.1209153367861606e-15,0.0,-1.8343483303633302e-31,0.0,36452.5741637757,2562.88659793814
4432,2522.37113402062,5793.80886597938,0.0,0.0,2.3325735795794797e-13,0.0,1.8892626147046e-29,0.0,41229.5695737757,2522.3711340206205
4433,2523.09278350515,2349.59721649485,0.0,0.0,1.9709608520963202e-14,0.0,1.1678155577954899e-30,0.0,43166.8124787757,2523.09278350515
4434,1745.946,0.0,0.0,0.0,729.475807560138,3611.52331493342,-3.61071602704752e-14,0.0,38194.3048928725,2475.421807560138
4435,507.528,0.0,0.0,0.0,2266.66419243986,0.0,1.75466155725061e-13,0.0,35597.8968832048,2774.1921924398603
4436,113.3526,0.0,0.0,0.0,2773.13628636884,0.0,1.3566279275723101e-14,0.0,32421.3375631947,2886.48888636884
4437,0.0,0.0,0.0,0.0,2741.58075601375,0.0,-1.10181054047562e-13,0.0,29280.9243260655,2741.58075601375
4438,0.0,0.0,0.0,0.0,2893.01260022909,0.0,5.3796989263739703e-14,0.0,25967.0496408088,2893.01260022909
4439,0.0,0.0,0.0,0.0,2973.53951890034,0.0,-9.749083403871531e-14,0.0,22560.9333534087,2973.53951890034
4440,0.0,0.0,0.0,0.0,2890.83619702176,0.0,-6.688274472882651e-15,0.0,19249.5516844261,2890.83619702176
4441,0.0,0.0,0.0,0.0,2852.80641466208,0.0,-1.90928506045896e-13,0.0,15981.7321945497,2852.80641466208
4442,0.0,0.0,0.0,0.0,2717.75486827033,0.0,-1.67521543537905e-13,0.0,12868.6109250534,2717.75486827033
4443,0.0,0.0,0.0,0.0,2856.47193585338,0.0,3.55421859692011e-14,0.0,9596.59267092579,2856.47193585338
4444,14.84499,0.0,0.0,0.0,2656.5868954181,0.0,2.70016664945738e-14,0.0,6553.53780790391,2671.4318854181
4445,191.4672,0.0,0.0,0.0,2578.43850630012,0.0,-8.40955065472213e-14,0.0,3600.0,2769.90570630012
4446,2626.80412371134,1337.39587628866,0.0,0.0,2.8084062972674602e-14,0.0,1.33099742741858e-30,0.0,4702.6829,2626.80412371134
4447,2445.36082474227,939.749175257732,0.0,0.0,6.421827533763599e-14,0.0,4.72102225910121e-30,0.0,5477.506095,2445.36082474227
4448,2639.48453608247,649.698762886598,0.0,3810.55670103093,2.15995770163689e-13,-7.64294306540785e-14,1.2672097774593299e-30,0.0,6013.182725,2639.48453608247
4449,2681.03092783505,0.0,0.0,694.509072164949,9.224737846194751e-14,795.846799287702,2.3726747962664597e-30,0.0,5101.55981630847,2681.03092783505
4450,2732.0618556701,3416.00144329897,0.0,3810.55670103093,2.08403339813875e-13,0.0,1.80908098915536e-30,0.0,7918.05300630847,2732.0618556701
4451,2614.32989690722,24.3034020618552,0.0,3810.55670103093,4.33303864034854e-14,0.0,2.3236460863111296e-30,0.0,7938.09116130847,2614.32989690722
4452,2646.0824742268,7629.7275257732,0.0,0.0,-1.58852211795103e-13,0.0,3.17618799561283e-30,0.0,14228.8015063085,2646.0824742268
4453,2317.31958762887,9313.26041237113,0.0,0.0,-2.36603825366098e-13,0.0,-1.44052189511754e-29,0.0,21907.5847163085,2317.3195876288696
4454,2379.48453608247,3453.65546391753,0.0,0.0,-8.885392248115161e-14,0.0,3.9442404342423295e-30,0.0,24755.1236463085,2379.48453608247
4455,2301.64948453608,4823.44051546392,0.0,0.0,-1.38110742609645e-13,0.0,-3.981379209356e-30,0.0,28732.0503513085,2301.64948453608
4456,2227.31958762887,2157.93041237113,0.0,0.0,7.31903656976917e-14,0.0,-6.39916036810407e-31,0.0,30511.2639763085,2227.31958762887
4457,2227.83505154639,0.0,0.0,307.278948453608,1.30505306494188e-13,0.0,7.729158036989469e-30,0.0,30511.2639763085,2227.83505154639
4458,48.1422,0.0,0.0,0.0,2576.52012142039,4233.95189003436,-1.31847386126402e-13,0.0,22710.0360135883,2624.66232142039
4459,0.0,0.0,0.0,0.0,2596.21993127148,4233.95189003436,-1.93203284604111e-13,0.0,14886.242403845,2596.21993127148
4460,43.0179,0.0,0.0,0.0,2510.62157731959,0.0,-1.41848815763275e-14,0.0,12010.3872179119,2553.63947731959
4461,0.0,0.0,0.0,0.0,2450.51546391753,0.0,-1.65722519327152e-13,0.0,9203.38210460434,2450.51546391753
4462,0.0,0.0,0.0,0.0,2474.11225658648,0.0,3.98651995975756e-14,0.0,6369.34744642967,2474.11225658648
4463,0.0,0.0,0.0,0.0,2417.6403207331,0.0,4.24933693934071e-14,0.0,3600.0,2417.6403207331
4464,0.0,0.0,0.0,0.0,0.0,0.0,2024.5,0.0,7200.0,2024.5
4465,0.0,0.0,0.0,0.0,0.0,0.0,2090.7,0.0,7200.0,2090.7
4466,0.0,0.0,0.0,0.0,0.0,0.0,2093.9,0.0,7200.0,2093.9
4467,0.0,0.0,0.0,0.0,0.0,0.0,2142.5,0.0,7200.0,2142.5
4468,0.0,100.3563,0.0,0.0,0.0,0.0,2022.7,0.0,7282.74376935,2022.7
4469,0.0,0.0,0.0,0.0,0.0,0.0,2135.7,4571.63637276171,11052.057958692,2135.7
4470,233.9013,0.0,0.0,0.0,0.0,0.0,1918.715739,0.0,11052.057958692,2152.617039
4471,614.94,0.0,0.0,0.0,0.0,0.0,1574.0082,0.0,11052.057958692,2188.9482
4472,2032.695,0.0,0.0,0.0,306.398453608248,0.0,1.82794196732208e-14,0.0,10701.0860759793,2339.093453608248
4473,1751.715,0.0,0.0,0.0,607.029152348225,0.0,-6.270021793351349e-16,0.0,10005.7491317087,2358.744152348225
4474,318.27,0.0,0.0,0.0,2171.45257731959,0.0,-7.48140170662033e-14,0.0,7518.40368231625,2489.72257731959
4475,298.875,0.0,0.0,0.0,2223.93041237113,0.0,-2.1515357651276302e-14,0.0,4970.94616528173,2522.80541237113
4476,1319.961,0.0,0.0,0.0,1196.83600229095,0.0,-2.53862069103211e-14,0.0,3600.0,2516.7970022909503
4477,2461.03092783505,808.789072164948,0.0,0.0,-1.86477506873236e-14,0.0,-1.84586353275292e-31,0.0,4266.84659,2461.03092783505
4478,2538.55670103093,3845.77329896907,0.0,0.0,2.23333329460979e-13,0.0,-5.1821046344689595e-30,0.0,7437.686675,2538.55670103093
4479,2572.47422680412,360.967773195876,0.0,0.0,-1.61098852924751e-13,0.0,2.5663519840667596e-30,0.0,7735.304604,2572.47422680412
4480,2531.75257731959,1552.23742268041,0.0,0.0,-1.25878610251842e-13,0.0,-4.7674441443280895e-30,0.0,9015.124359,2531.75257731959
4481,2475.67010309278,713.509896907216,0.0,0.0,-2.00516601573783e-13,0.0,5.7275062644455594e-30,0.0,9603.413269,2475.67010309278
4482,1985.01,0.0,0.0,0.0,568.431042382589,0.0,8.96781501037685e-15,0.0,8952.28950911158,2553.441042382589
4483,901.326,0.0,0.0,0.0,1818.3433906071,0.0,-1.63241093698348e-14,0.0,6869.42193682395,2719.6693906071
4484,0.0,0.0,0.0,0.0,2791.63802978236,0.0,1.98226569434081e-13,0.0,3671.6693253894,2791.63802978236
4485,0.0,0.0,0.0,0.0,62.5673210649482,0.0,2344.3787287103,0.0,3600.0,2406.9460497752484
4486,0.0,0.0,0.0,0.0,0.0,0.0,2499.8,0.0,3600.0,2499.8
4487,0.0,0.0,0.0,0.0,0.0,0.0,2479.5,0.0,3600.0,2479.5
4488,0.0,0.0,0.0,0.0,0.0,0.0,2413.6,0.0,3600.0,2413.6
4489,0.0,0.0,0.0,0.0,0.0,0.0,2482.9,0.0,3600.0,2482.9
4490,0.0,0.0,0.0,0.0,0.0,0.0,2372.9,0.0,3600.0,2372.9
4491,0.0,0.0,0.0,0.0,0.0,0.0,2334.2,0.0,3600.0,2334.2
4492,290.6604,0.0,0.0,0.0,0.0,0.0,1931.159412,0.0,3600.0,2221.819812
4493,1559.952,0.0,0.0,0.0,0.0,0.0,907.34656,0.0,3600.0,2467.29856
4494,2526.70103092783,-1.38912606902372e-13,1.38912606902372e-13,2251.81896907216,-9.998769695334821e-14,0.0,-3.5431867210846603e-31,0.0,3600.0,2526.70103092783
4495,2574.22680412371,1874.93649484536,0.0,3810.55670103093,2.4525811354955e-13,-5.81704264972372e-13,1.76012792250314e-29,0.0,5145.88514,2574.2268041237103
4496,2532.37113402062,4643.64216494845,9.09494701772928e-13,3810.55670103093,4.08288742213138e-14,-5.81704264972372e-13,1.3157714365963598e-30,0.0,8974.568105,2532.37113402062
4497,2534.12371134021,6725.56958762887,9.09494701772928e-13,3810.55670103093,-7.37160503541716e-14,-5.81704264972372e-13,3.0749847085979896e-30,0.0,14519.80023,2534.12371134021
4498,2579.27835051546,7898.83494845361,9.09494701772928e-13,3810.55670103093,2.03740143519563e-13,-5.81704264972372e-13,-3.3488865007582794e-30,0.0,21032.389645,2579.27835051546
4499,2449.89690721649,8481.27639175258,0.0,3810.55670103093,-5.02416922203417e-14,-5.81704264972372e-13,-2.56942585961351e-30,0.0,28025.20203,2449.89690721649
4500,2427.31958762887,8467.7937113402,0.0,3810.55670103093,7.929468473343141e-14,-5.81704264972372e-13,-3.73402911089129e-30,0.0,35006.897945,2427.31958762887
4501,2428.0412371134,6001.46206185567,9.09494701772928e-13,3810.55670103093,-1.49880121435047e-13,-5.81704264972372e-13,-2.1847503002987896e-30,0.0,39955.103415,2428.0412371134
4502,2508.35051546392,6646.64278350516,-9.09494701772928e-13,3810.55670103093,9.218591573076291e-14,-5.81704264972372e-13,-5.2131208480817e-30,0.0,45435.26039,2508.35051546392
4503,2498.55670103093,4711.89659793814,0.0,3810.55670103093,1.37517092339159e-14,-5.81704264972372e-13,4.33606044764143e-32,0.0,49320.219135,2498.55670103093
4504,2559.07216494845,1998.06113402062,9.09494701772928e-13,3810.55670103093,0.0,0.0,3.22845896637295e-13,0.0,50967.62054,2559.0721649484503
4505,2512.37113402062,0.0,0.0,2433.54886597938,-6.39619358922176e-14,1530.00870561283,1.17380177503727e-30,0.0,49215.0332483473,2512.37113402062
4506,1711.272,0.0,0.0,-7.475724160666341e-14,885.52824742268,4233.95189003436,8.280537584366741e-15,0.0,43350.7948320162,2596.80024742268
4507,476.13,0.0,0.0,-7.475724160666341e-14,2281.16139747995,4233.95189003436,1.0091334238900599e-13,0.0,35887.8930135576,2757.2913974799503
4508,111.6495,0.0,0.0,-7.475724160666341e-14,2641.1225486827,4233.95189003436,9.15483201223614e-14,0.0,28012.6645614189,2752.7720486827
4509,0.0,0.0,0.0,0.0,2672.85223367698,4233.95189003436,-2.57201331633948e-14,0.0,20101.0905365491,2672.85223367698
4510,0.0,0.0,0.0,0.0,2773.08132875143,4233.95189003436,-4.9643700121835e-14,0.0,12074.7065516857,2773.08132875143
4511,0.0,0.0,0.0,0.0,2883.96334478809,4233.95189003436,-1.98881562866616e-14,0.0,3921.30994822354,2883.96334478809
4512,0.0,0.0,0.0,0.0,2796.56357388316,0.0,2.6939580768526403e-15,0.0,3996.60529910291,2796.56357388316
4513,0.0,0.0,0.0,0.0,0.0,0.0,2547.0,0.0,3996.60529910291,2547.0
4514,0.0,0.0,0.0,0.0,0.0,0.0,2409.9,0.0,3996.60529910291,2409.9
4515,0.0,0.0,0.0,0.0,0.0,0.0,2354.1,0.0,3996.60529910291,2354.1
4516,54.5802,0.0,0.0,0.0,0.0,0.0,2135.157206,0.0,3996.60529910291,2189.737406
4517,1562.055,0.0,0.0,0.0,346.236426116839,0.0,526.14225,0.0,3600.0,2434.4336761168397
4518,2499.58762886598,584.56237113402,0.0,0.0,1.28381590826909e-13,0.0,2.53295065885536e-31,0.0,4081.971675,2499.58762886598
4519,2470.92783505155,0.0,0.0,343.420164948454,1.69178999486183e-13,0.0,-7.72692629870884e-30,0.0,4081.971675,2470.92783505155
4520,2587.31958762887,0.0,0.0,1651.38041237113,-1.24182616457892e-13,420.761272274999,-7.112081508090349e-30,0.0,3600.0,2587.31958762887
4521,2667.73195876289,6467.49134020619,0.0,3810.55670103093,2.27275964384578e-13,-7.64294306540785e-14,-6.916905986685159e-30,0.0,8932.44661,2667.73195876289
4522,2685.77319587629,7780.16010309278,0.0,3810.55670103093,2.12199554988782e-13,-7.64294306540785e-14,1.5381453833073398e-30,0.0,15347.188615,2685.77319587629
4523,2634.84536082474,8377.71793814433,0.0,3810.55670103093,2.21063194045007e-13,-7.64294306540785e-14,1.08435163890495e-29,0.0,22254.617055,2634.84536082474
4524,2547.73195876289,8301.66134020619,0.0,3810.55670103093,1.19432994753176e-13,-7.64294306540785e-14,1.10163945749868e-29,0.0,29099.33683,2547.73195876289
4525,2446.39175257732,2940.75154639175,0.0,3810.55670103093,1.78848156930629e-13,0.0,1.04403612825739e-29,0.0,31523.98648,2446.39175257732
4526,2714.43298969072,1982.92030927835,0.0,3810.55670103093,1.71402146329508e-13,0.0,9.51836674790172e-30,0.0,33158.904275,2714.43298969072
4527,2615.25773195876,1784.43556701031,0.0,3810.55670103093,4.85677243198192e-14,0.0,-6.8996552146785904e-31,0.0,34630.1714,2615.25773195876
4528,2612.57731958763,1772.05597938144,0.0,3810.55670103093,1.57875310978971e-13,0.0,-4.9449717477540495e-30,0.0,36091.231555,2612.57731958763
4529,2462.57731958763,0.0,0.0,1792.83268041237,1.53297071702166e-13,0.0,-8.133791504256929e-30,0.0,36091.231555,2462.57731958763
4530,2022.726,0.0,0.0,0.0,505.676723940435,388.372494594038,1.43701525771086e-14,0.0,35067.120193563,2528.402723940435
4531,488.262,0.0,0.0,0.0,2268.71232531501,0.0,1.4227323732519e-13,0.0,32468.3660981277,2756.97432531501
4532,96.1992,0.0,0.0,0.0,2696.43387857961,0.0,-8.29764099588821e-14,0.0,29379.6674972347,2792.63307857961
4533,0.0,0.0,0.0,0.0,2775.14318442153,0.0,-1.42408497111252e-13,0.0,26200.8093249306,2775.14318442153
4534,0.0,0.0,0.0,0.0,2817.18213058419,0.0,-1.2368917955537e-13,0.0,22973.7965751205,2817.18213058419
4535,0.0,0.0,0.0,0.0,2885.68155784651,0.0,-2.14995744257161e-15,0.0,19668.3194183662,2885.68155784651
4536,0.0,0.0,0.0,0.0,2751.54639175258,0.0,4.8998221287903804e-14,0.0,16516.4907909291,2751.54639175258
4537,0.0,0.0,0.0,0.0,2820.5040091638,0.0,1.55531594730654e-13,0.0,13285.6729110164,2820.5040091638
4538,0.0,0.0,0.0,0.0,2750.97365406644,0.0,-3.14930772055063e-14,0.0,10134.5003404935,2750.97365406644
4539,0.0,0.0,0.0,0.0,2807.56013745704,0.0,3.62298659953994e-15,0.0,6918.50934684286,2807.56013745704
4540,467.076,0.0,0.0,0.0,2126.73113402062,0.0,-1.05816278168155e-13,0.0,4482.39120936219,2593.80713402062
4541,1794.231,0.0,0.0,0.0,770.327525773196,0.0,4.17272039601592e-14,0.0,3600.0,2564.558525773196
4542,2444.12371134021,3.27982651444998e-13,1.26764699441466e-13,1306.02628865979,2.36078140709618e-13,0.0,5.8214784988359096e-30,0.0,3600.0,2444.1237113402103
4543,2520.10309278351,1567.41020618557,0.0,3810.55670103093,-2.14787492581357e-13,0.0,1.00685596172446e-30,0.0,4892.329715,2520.10309278351
4544,2536.28865979381,4124.86463917526,0.0,3810.55670103093,-2.4033857780982e-13,-7.64294306540785e-14,4.4703214231478396e-30,0.0,8293.28061,2536.288659793809
4545,2644.63917525773,5748.53412371134,0.0,3810.55670103093,-2.05777433776439e-13,-7.64294306540785e-14,8.848361221098409e-30,0.0,13032.946995,2644.63917525773
4546,2590.61855670103,4847.86474226804,0.0,3810.55670103093,-5.11556619123938e-14,-7.64294306540785e-14,-2.2744376955638897e-30,0.0,17030.011475,2590.61855670103
4547,2502.26804123711,7435.51525773196,0.0,3810.55670103093,1.90740041677573e-14,-7.64294306540785e-14,-1.0011032698918199e-30,0.0,23160.593805,2502.26804123711
4548,2544.84536082474,6072.63793814433,0.0,3810.55670103093,9.95549405900928e-15,-7.64294306540785e-14,3.1429621032442996e-31,0.0,28167.483785,2544.84536082474
4549,2626.70103092783,7129.43226804124,0.0,3810.55670103093,-9.693553743547831e-14,-7.64294306540785e-14,-1.90137520914891e-30,0.0,34045.70069,2626.70103092783
4550,2687.62886597938,6031.73443298969,0.0,3810.55670103093,2.2267423082144998e-13,-7.64294306540785e-14,6.52973129187646e-30,0.0,39018.86573,2687.62886597938
4551,2536.90721649485,4352.27608247423,0.0,3810.55670103093,-7.363109333666391e-14,-7.64294306540785e-14,5.04413244200874e-30,0.0,42607.31736,2536.90721649485
4552,2608.65979381443,1715.91350515464,0.0,3810.55670103093,-6.62320713081892e-14,-7.64294306540785e-14,-4.8381954496984796e-30,0.0,44022.088045,2608.65979381443
4553,2634.22680412371,0.0,0.0,2155.27319587629,5.43557095718512e-14,1839.20389461627,-7.491037539385131e-31,0.0,41915.3252791165,2634.22680412371
4554,2142.639,0.0,0.0,0.0,598.556895761741,4233.95189003436,1.97078920219016e-14,0.0,36379.8054786628,2741.195895761741
4555,468.243,0.0,0.0,0.0,2367.12977090493,4233.95189003436,3.60371817203474e-14,0.0,28818.429005651,2835.37277090493
4556,93.3498,0.0,0.0,0.0,2870.50480412371,4233.95189003436,3.2383881894524303e-14,0.0,20680.4488290667,2963.85460412371
4557,0.0,0.0,0.0,0.0,2936.65521191294,4233.95189003436,-6.29955550623277e-14,0.0,12466.6949894936,2936.65521191294
4558,0.0,0.0,0.0,0.0,2781.67239404353,2108.4368678669,3.90472940986149e-14,0.0,6865.19526221939,2781.67239404353
4559,0.0,0.0,0.0,0.0,2850.51546391753,0.0,5.0083520377906e-14,0.0,3600.0,2850.51546391753
4560,0.0,0.0,0.0,0.0,0.0,0.0,2476.1,0.0,7200.0,2476.1
4561,0.0,0.0,0.0,0.0,0.0,0.0,2367.2,0.0,7200.0,2367.2
4562,0.0,0.0,0.0,0.0,0.0,0.0,2291.2,0.0,7200.0,2291.2
4563,0.0,0.0,0.0,0.0,0.0,0.0,2304.9,0.0,7200.0,2304.9
4564,290.2656,0.0,0.0,0.0,0.0,0.0,1946.742368,0.0,7200.0,2237.007968
4565,1463.49,0.0,0.0,0.0,0.0,0.0,804.3147,0.0,7200.0,2267.8047
4566,2419.48453608247,2169.13546391753,0.0,0.0,0.0,0.0,1.0539528013218e-13,0.0,8988.45219,2419.48453608247
4567,2494.74226804124,3278.21773195876,0.0,0.0,0.0,0.0,-8.81408119457586e-14,0.0,11691.34271,2494.74226804124
4568,1576.833,0.0,0.0,0.0,0.0,0.0,968.37199,0.0,11691.34271,2545.20499
4569,2544.12371134021,5088.95628865979,0.0,0.0,2.39130300227488e-13,0.0,-6.74438716233162e-30,0.0,15887.18717,2544.1237113402103
4570,2519.27835051546,2348.40164948454,0.0,0.0,-9.500523008953751e-14,0.0,-3.76596891805616e-30,0.0,17823.44433,2519.27835051546
4571,2532.16494845361,2606.14505154639,0.0,0.0,-1.93583269863498e-13,0.0,-5.1401472691592394e-30,0.0,19972.210925,2532.16494845361
4572,2490.10309278351,2260.45690721649,0.0,0.0,-1.1152276222676e-13,0.0,1.92235389180377e-30,0.0,21835.957645,2490.10309278351
4573,2519.69072164949,1302.39927835051,0.0,0.0,-1.470828329697e-13,0.0,1.3795590865556098e-30,0.0,22909.78585,2519.69072164949
4574,2617.293,0.0,0.0,0.0,72.0799427262321,0.0,2.7002044026968803e-15,0.0,22827.2200507718,2689.3729427262324
4575,2674.32989690722,2162.12010309278,0.0,0.0,-1.47572017574214e-13,0.0,-5.007927768531659e-30,0.0,24609.8880757718,2674.32989690722
4576,2660.82474226804,1939.19525773196,0.0,0.0,-2.3132851900490197e-13,0.0,1.23118266825218e-29,0.0,26208.7545657718,2660.82474226804
4577,2563.60824742268,566.62175257732,0.0,0.0,-2.34295721505265e-13,0.0,-1.72283964194083e-29,0.0,26675.9342007718,2563.60824742268
4578,1701.837,0.0,0.0,0.0,961.876414662085,0.0,-1.5230703072678e-14,0.0,25574.1284565999,2663.713414662085
4579,535.779,0.0,0.0,0.0,2215.91565864834,0.0,-8.610371853974581e-14,0.0,23035.8516425697,2751.69465864834
4580,17.86944,0.0,0.0,0.0,2727.10955693013,0.0,8.03323799603997e-14,0.0,19912.0148075982,2744.97899693013
4581,0.0,0.0,0.0,0.0,2760.02290950745,0.0,4.2192068344895e-14,0.0,16750.4765378302,2760.02290950745
4582,0.0,0.0,0.0,0.0,2724.97136311569,0.0,1.89922693328831e-13,0.0,13629.0889512143,2724.97136311569
4583,0.0,0.0,0.0,0.0,2709.27835051546,0.0,-1.02962477032315e-13,0.0,10525.6773240488,2709.27835051546
4584,0.0,0.0,0.0,0.0,2696.56357388316,0.0,-1.21629704399092e-13,0.0,7436.83016037967,2696.56357388316
4585,0.0,0.0,0.0,0.0,0.0,0.0,2351.4,0.0,7436.83016037967,2351.4
4586,0.0,0.0,0.0,0.0,0.0,0.0,2228.6,0.0,7436.83016037967,2228.6
4587,0.0,0.0,0.0,0.0,0.0,0.0,2229.3,0.0,7436.83016037967,2229.3
4588,27.40227,0.0,0.0,0.0,820.411769759451,0.0,1610.2003231,0.0,6497.06868299199,2458.014362859451
4589,29.85561,0.0,0.0,0.0,2529.140960252,0.0,-2.96133944739338e-14,0.0,3600.0,2558.996570252
4590,2318.14432989691,623.691670103093,0.0,0.0,1.8014285992336399e-13,0.0,3.65214646494754e-30,0.0,4114.233782,2318.14432989691
4591,2373.29896907216,0.0,0.0,1329.81103092783,2.33916456597477e-13,448.926091686,7.1807902207006e-30,0.0,3600.0,2373.2989690721606
4592,2444.32989690722,1679.60340206186,0.0,3810.55670103093,-5.04116062553571e-14,-7.64294306540785e-14,-9.983167643714621e-31,0.0,4984.833005,2444.32989690722
4593,2458.55670103093,0.0,0.0,1606.98329896907,-1.95829910993147e-13,1208.959213365,-5.74998328070531e-30,0.0,3600.0,2458.55670103093
4594,2514.43298969072,3319.20030927835,0.0,3810.55670103093,1.65297827293769e-13,0.0,-9.42513842627158e-30,0.0,6336.680655,2514.43298969072
4595,2493.60824742268,8617.23505154639,0.0,3810.55670103093,1.80289279672056e-13,0.0,2.1882807185793597e-30,0.0,13441.590955,2493.60824742268
4596,2516.90721649485,8576.56608247423,0.0,3810.55670103093,-1.78421903450195e-13,0.0,1.0411567342513199e-29,0.0,20512.96969,2516.90721649485
4597,2522.78350515464,5658.28979381443,0.0,3810.55670103093,1.81179755077785e-13,0.0,-9.01827322072349e-30,0.0,25178.229625,2522.78350515464
4598,2468.86597938144,4087.88731958763,0.0,3810.55670103093,-4.44537069683097e-14,0.0,-2.62856409208416e-30,0.0,28548.69272,2468.86597938144
4599,2560.41237113402,2690.05092783505,0.0,3810.55670103093,-1.8230307564260998e-13,0.0,8.713355214950459e-30,0.0,30766.63971,2560.41237113402
4600,2432.26804123711,568.165257731958,0.0,3810.55670103093,-7.161582897321531e-14,0.0,5.1486864665122394e-30,0.0,31235.091965,2432.26804123711
4601,2560.0,0.0,0.0,1505.0,-1.14598416030953e-13,354.389105605363,9.086058339781619e-30,0.0,30829.1479723249,2560.0
4602,220.5204,0.0,0.0,0.0,2545.58443528064,4233.95189003436,-1.44635264768879e-13,0.0,23063.3560762023,2766.10483528064
4603,466.359,0.0,0.0,-7.475724160666341e-14,2254.67556701031,4233.95189003436,1.74080617595625e-13,0.0,15630.7931242611,2721.0345670103097
4604,66.5811,0.0,0.0,0.0,2605.86063344788,0.0,1.01035376746679e-13,0.0,12645.8439450539,2672.44173344788
4605,0.0,0.0,0.0,0.0,2613.28751431844,0.0,-1.1131844332667e-13,0.0,9652.38745671665,2613.28751431844
4606,0.0,0.0,0.0,0.0,2640.32073310424,0.0,1.29745673286238e-13,0.0,6627.9650820268,2640.32073310424
4607,0.0,0.0,0.0,0.0,2643.41351660939,0.0,-1.21269370515958e-13,0.0,3600.0,2643.41351660939
4608,0.0,0.0,0.0,0.0,483.464375715922,0.0,1785.1356,0.0,6646.20346424293,2268.599975715922
4609,0.0,0.0,0.0,0.0,2659.33562428408,0.0,2.33685704108028e-14,0.0,3600.0,2659.33562428408
4610,0.0,0.0,0.0,0.0,0.0,0.0,2333.4,0.0,3600.0,2333.4
4611,0.0,0.0,0.0,0.0,0.0,0.0,2366.9,0.0,3600.0,2366.9
4612,284.6517,0.0,0.0,0.0,0.0,0.0,1943.087851,0.0,3600.0,2227.739551
4613,1397.169,0.0,0.0,0.0,0.0,0.0,1089.14607,0.0,3600.0,2486.31507
4614,2664.94845360825,1754.02154639175,0.0,0.0,2.2719100736707e-13,0.0,-8.88605372009591e-30,0.0,5046.190765,2664.94845360825
4615,2718.65979381443,5194.95020618557,0.0,0.0,2.4966643879134e-13,0.0,1.6851803514712698e-29,0.0,9329.42721,2718.6597938144305
4616,2717.83505154639,7993.66494845361,0.0,0.0,-1.67080246498122e-13,0.0,-1.2055619014102199e-30,0.0,15920.20396,2717.83505154639
4617,2707.21649484536,0.0,0.0,880.663505154639,-1.2573219050314998e-13,0.0,-6.23130989069627e-30,0.0,15920.20396,2707.21649484536
4618,2704.53608247423,0.0,0.0,1754.93391752577,-1.64246038439982e-14,0.0,5.324930071446351e-31,0.0,15920.20396,2704.53608247423
4619,2783.09278350516,8567.54051546392,0.0,3810.55670103093,-1.65088476420996e-13,0.0,-6.503169090096409e-30,0.0,22984.141115,2783.09278350516
4620,2794.63917525773,10593.1562809914,1.81898940354586e-12,1757.91454375083,-2.1682625123112799e-13,0.0,-4.49985927596873e-30,0.0,31718.1984686774,2794.63917525773
4621,1066.104,0.0,0.0,0.0,1570.88100801833,0.0,-6.38300416823897e-14,0.0,29918.7929612109,2636.98500801833
4622,2463.40206185567,844.42793814433,0.0,0.0,4.91418659418405e-14,0.0,2.1572645049666098e-30,0.0,30615.0237962109,2463.40206185567
4623,1000.164,0.0,0.0,0.0,1565.79715922108,0.0,2.09929346656615e-15,0.0,28821.4417123379,2565.96115922108
4624,2403.40206185567,5684.47793814433,0.0,0.0,-2.4960350766726e-13,0.0,-9.27862703645836e-30,0.0,33508.2937723379,2403.4020618556697
4625,2332.37113402062,2351.37886597938,0.0,0.0,3.4724555185574103e-14,0.0,-1.0995200513863e-30,0.0,35447.0056473379,2332.37113402062
4626,1576.65,0.0,0.0,0.0,811.396907216495,0.0,-3.2551034033161e-14,0.0,34517.5704729777,2388.046907216495
4627,422.076,0.0,0.0,0.0,2033.31761741123,0.0,-2.9812032633793704e-14,0.0,32188.4552182111,2455.39361741123
4628,69.6174,0.0,0.0,0.0,2560.33347308133,0.0,5.002813226939881e-15,0.0,29255.6562799736,2629.95087308133
4629,0.0,0.0,0.0,0.0,2712.02749140893,0.0,3.80140851977176e-14,0.0,26149.0955796197,2712.02749140893
4630,0.0,0.0,0.0,0.0,2714.31844215349,0.0,-1.45245027663504e-13,0.0,23039.9106516088,2714.31844215349
4631,0.0,0.0,0.0,0.0,2644.90263459336,0.0,4.4716057762516505e-14,0.0,20010.239821605,2644.90263459336
4632,0.0,0.0,0.0,0.0,2659.67926689576,0.0,-8.713442542270441e-14,0.0,16963.6427232135,2659.67926689576
4633,0.0,0.0,0.0,0.0,2708.82016036655,0.0,1.93531981836455e-13,0.0,13860.7559415794,2708.82016036655
4634,0.0,0.0,0.0,0.0,2690.72164948454,0.0,-1.15912228269285e-14,0.0,10778.6005584356,2690.72164948454
4635,0.0,0.0,0.0,0.0,2643.64261168385,0.0,6.97249238109589e-14,0.0,7750.37305364315,2643.64261168385
4636,233.4165,0.0,0.0,0.0,2323.12256013746,0.0,1.90118361161029e-13,0.0,5089.2933742188,2556.53906013746
4637,1384.089,0.0,0.0,0.0,1300.15311569301,0.0,9.8488600591816e-14,0.0,3600.0,2684.24211569301
4638,2584.53608247423,-1.72644566390543e-13,-2.82102784495921e-13,2007.98391752577,-1.24267573475399e-13,0.0,-9.081229241501099e-30,0.0,3600.0,2584.53608247423
4639,2606.80412371134,1747.91917525773,0.0,3810.55670103093,-7.67067471408568e-14,-7.64294306540785e-14,1.1890277658594899e-30,0.0,5041.15936,2606.80412371134
4640,2727.73195876289,4507.95134020619,0.0,3810.55670103093,3.63735604068782e-14,-7.64294306540785e-14,2.2797338446627e-30,0.0,8757.96524,2727.73195876289
4641,2683.19587628866,6825.07742268041,0.0,3810.55670103093,-7.43751489937006e-14,-7.64294306540785e-14,3.76801151081631e-30,0.0,14385.241575,2683.19587628866
4642,2653.71134020619,2327.74195876289,0.0,3810.55670103093,8.62045221573924e-14,-7.64294306540785e-14,2.0337743905684097e-30,0.0,16304.46482,2653.71134020619
4643,2647.62886597938,8933.79443298969,0.0,3810.55670103093,1.3092610594386801e-14,-7.64294306540785e-14,-6.4096373382114905e-31,0.0,23670.37833,2647.62886597938
4644,2697.73195876289,73.4113402061857,0.0,3810.55670103093,1.39638290761475e-13,-7.64294306540785e-14,8.704636336805549e-30,0.0,23730.90598,2697.73195876289
4645,2555.05154639175,8212.35175257732,0.0,3810.55670103093,3.63120976756936e-14,-7.64294306540785e-14,2.03342762378086e-31,0.0,30501.99,2555.05154639175
4646,2530.51546391753,6838.28783505155,0.0,3810.55670103093,3.03541983886462e-14,-7.64294306540785e-14,1.83359009009079e-30,0.0,36140.15832,2530.51546391753
4647,2472.57731958763,4736.76597938144,0.0,3810.55670103093,-3.91314120344682e-14,-7.64294306540785e-14,1.8363765956111497e-30,0.0,40045.62187,2472.57731958763
4648,2367.62886597938,0.0,0.0,2476.29113402062,1.24353998885802e-13,1482.51729667812,1.8948684690987e-32,0.0,38347.4348176768,2367.62886597938
4649,2330.10309278351,0.0,0.0,2472.08690721649,9.19545389645629e-14,1487.18865979382,5.30040628900283e-30,0.0,36643.8968339497,2330.10309278351
4650,1577.019,0.0,0.0,-7.475724160666341e-14,789.566517754869,4233.95189003436,-1.72420895023697e-14,0.0,30889.5802156344,2366.585517754869
4651,431.514,0.0,0.0,-7.475724160666341e-14,2147.80231386025,4233.95189003436,1.41603710648504e-13,0.0,23579.437943132,2579.31631386025
4652,67.5438000000001,0.0,0.0,-7.475724160666341e-14,2553.81731271478,4233.95189003436,-1.24611756801736e-13,0.0,15804.2154886656,2621.36111271478
4653,0.0,0.0,0.0,0.0,2564.37571592211,2766.99489823738,-1.43237642696331e-13,0.0,9697.2617496513,2564.37571592211
4654,0.0,0.0,0.0,0.0,2664.94845360825,0.0,1.19330231835605e-13,0.0,6644.62892764873,2664.94845360825
4655,0.0,0.0,0.0,0.0,2657.96105383734,0.0,-1.04872624266794e-13,0.0,3600.0,2657.96105383734
4656,0.0,0.0,0.0,0.0,2636.99885452463,0.0,1.89766422761516e-13,0.0,4179.3827554128,2636.99885452463
4657,0.0,0.0,0.0,0.0,505.801145475373,0.0,1942.9356,0.0,3600.0,2448.736745475373
4658,0.0,0.0,0.0,0.0,0.0,0.0,2297.9,0.0,3600.0,2297.9
4659,0.0,0.0,0.0,0.0,0.0,0.0,2283.5,0.0,3600.0,2283.5
4660,252.7098,0.0,0.0,0.0,0.0,0.0,1952.071494,0.0,3600.0,2204.781294
4661,1344.513,0.0,0.0,0.0,0.0,0.0,1072.92239,0.0,3600.0,2417.43539
4662,2536.49484536082,1901.43515463917,0.0,0.0,-5.9264337250074804e-15,0.0,-9.25689952236546e-32,0.0,5167.733285,2536.49484536082
4663,2563.40206185567,3825.45793814433,0.0,0.0,5.21940254597104e-14,0.0,6.1020796792617105e-31,0.0,8321.823355,2563.40206185567
4664,2617.62886597938,617.16443298969,0.0,3810.55670103093,1.16357340948983e-13,0.0,-3.8575192252895e-30,0.0,8830.67543,2617.62886597938
4665,2587.42268041237,3537.6006185567,0.0,3810.55670103093,-1.47900727812324e-14,0.0,-1.1338331578704699e-30,0.0,11747.42714,2587.42268041237
4666,2638.86597938144,2245.86731958763,0.0,3810.55670103093,4.9288285690532805e-14,0.0,6.933987585984291e-31,0.0,13599.144745,2638.86597938144
4667,2714.0206185567,5039.28268041237,0.0,3810.55670103093,2.2347974920967099e-13,0.0,-6.645970380837139e-30,0.0,17754.033315,2714.0206185567
4668,2682.16494845361,4853.69835051546,0.0,3810.55670103093,-1.7337797385519999e-13,0.0,-7.45190550734053e-30,0.0,21755.907605,2682.16494845361
4669,2506.49484536082,5324.23845360825,0.0,3810.55670103093,8.17112398980954e-14,0.0,8.14102367476274e-31,0.0,26145.74221,2506.49484536082
4670,2477.01030927835,4634.26304873183,0.0,2446.15664198982,2.42290911049188e-13,0.0,-1.1938943876898699e-29,0.0,29966.6920936794,2477.01030927835
4671,2338.45360824742,5136.61639175258,0.0,0.0,1.0783646674857999e-13,0.0,-5.31153762957618e-30,0.0,34201.8323086794,2338.45360824742
4672,2352.57731958763,1457.18268041237,0.0,0.0,-1.46974381665869e-13,0.0,8.750868033156049e-30,0.0,35403.2794286794,2352.57731958763
4673,2390.20618556701,0.0,0.0,457.83481443299,-5.18237806797076e-15,0.0,-1.9379920454711401e-31,0.0,35403.2794286794,2390.20618556701
4674,1432.194,0.0,0.0,0.0,1056.21056128293,0.0,-3.74594389972974e-14,0.0,34193.4162427883,2488.40456128293
4675,627.864,0.0,0.0,0.0,1930.20838487972,0.0,1.4115301611780701e-14,0.0,31982.4100745412,2558.07238487972
4676,0.0,0.0,0.0,0.0,2487.2852233677,0.0,4.3526578294304304e-14,0.0,29133.2861073388,2487.2852233677
4677,0.0,0.0,0.0,0.0,2513.86025200458,0.0,-1.55150807309204e-13,0.0,26253.7210993152,2513.86025200458
4678,0.0,0.0,0.0,0.0,2637.11340206186,0.0,-1.11730867398908e-13,0.0,23232.9726433452,2637.11340206186
4679,0.0,0.0,0.0,0.0,2594.61626575029,0.0,-1.15444336284742e-13,0.0,20260.9036104124,2594.61626575029
4680,0.0,0.0,0.0,0.0,2466.78121420389,0.0,-7.38346606713167e-14,0.0,17435.2664807401,2466.78121420389
4681,0.0,0.0,0.0,0.0,2150.28636884307,0.0,1.18416008321352e-13,0.0,14972.1664018821,2150.28636884307
4682,0.0,0.0,0.0,0.0,2105.49828178694,0.0,-4.12798714645622e-14,0.0,12560.3699737184,2105.49828178694
4683,0.0,0.0,0.0,0.0,2061.85567010309,0.0,-1.51861002581727e-13,0.0,10198.5650824204,2061.85567010309
4684,20.17719,0.0,0.0,0.0,1962.80426769759,0.0,-2.0160221460767502e-14,0.0,7950.22113316774,1982.98145769759
4685,40.2624,0.0,0.0,0.0,2159.38771134021,0.0,1.83006299379223e-13,0.0,5476.69569062455,2199.65011134021
4686,619.707,0.0,0.0,0.0,1638.35533791523,0.0,-7.03040197828471e-14,0.0,3600.0,2258.06233791523
4687,2169.69072164948,-5.01622754347801e-13,4.68754034613371e-14,82.3942783505159,-1.73392448013738e-13,0.0,6.785430398817779e-30,0.0,3600.0,2169.69072164948
4688,2181.85567010309,0.0,0.0,515.138329896907,-2.7168624887727203e-14,0.0,1.1160975234698e-30,0.0,3600.0,2181.85567010309
4689,2250.72164948454,0.0,0.0,3304.97835051546,-1.60501217016407e-13,0.0,-5.7124704624997194e-30,0.0,3600.0,2250.72164948454
4690,2268.55670103093,3671.93659793814,0.0,3810.55670103093,1.10912120552773e-13,-7.64294306540785e-14,-1.45643295342694e-30,0.0,6627.511725,2268.55670103093
4691,2216.18556701031,1461.16773195876,0.0,3810.55670103093,5.72234808961672e-14,-7.64294306540785e-14,-3.0159289757692396e-30,0.0,7832.24452,2216.18556701031
4692,2153.40206185567,5210.4412371134,0.0,3810.55670103093,2.48040927856359e-13,-7.64294306540785e-14,1.3365306269789899e-29,0.0,12128.25332,2153.4020618556706
4693,1960.20618556701,5070.39711340206,0.0,3810.55670103093,8.58737142151463e-14,-7.64294306540785e-14,2.7778714521463e-30,0.0,16308.79574,1960.20618556701
4694,1973.09278350515,0.0,0.0,1068.72721649485,-4.8907971930677304e-15,2823.85696863859,3.07552442170252e-32,0.0,13074.1371275847,1973.09278350515
4695,1892.68041237113,4681.62288659794,0.0,3810.55670103093,-9.58984325106434e-14,0.0,2.3413832857456597e-30,0.0,16934.1351975847,1892.68041237113
4696,1356.42,0.0,0.0,0.0,505.695990836197,0.0,1.32333184247745e-14,0.0,16354.8728942213,1862.115990836197
4697,1749.8969072165,0.0,0.0,1332.36309278351,-5.5979752113937e-14,0.0,-2.7500126570781198e-30,0.0,16354.8728942213,1749.8969072165
4698,37.7118,0.0,0.0,0.0,1876.19651088202,0.0,-1.41749785049647e-14,0.0,14205.7359974493,1913.90831088202
4699,561.165,0.0,0.0,0.0,1297.44553264605,0.0,-6.11325292029966e-14,0.0,12719.5440929291,1858.61053264605
4700,43.434,0.0,0.0,0.0,1850.82361970218,0.0,4.67160952050388e-14,0.0,10599.4712181271,1894.25761970218
4701,0.0,0.0,0.0,0.0,1904.9255441008,0.0,8.06908771695106e-14,0.0,8417.42592133353,1904.9255441008
4702,0.0,0.0,0.0,0.0,2115.578465063,0.0,4.37757891537114e-14,0.0,5994.082891479,2115.578465063
4703,0.0,0.0,0.0,0.0,2090.03436426117,0.0,-3.13028991807209e-14,0.0,3600.0,2090.03436426117
4704,0.0,0.0,0.0,0.0,1997.82359679267,0.0,-5.69325500578219e-14,0.0,4911.54227171516,1997.82359679267
4705,0.0,0.0,0.0,0.0,1144.97640320733,0.0,730.5356,0.0,3600.0,1875.51200320733
4706,0.0,0.0,0.0,0.0,0.0,0.0,1822.2,0.0,3600.0,1822.2
4707,0.0,0.0,0.0,0.0,0.0,0.0,1838.9,0.0,3600.0,1838.9
4708,356.76,0.0,0.0,0.0,0.0,0.0,1423.0428,0.0,3600.0,1779.8028
4709,1623.021,0.0,0.0,0.0,0.0,0.0,296.36963,0.0,3600.0,1919.39063
4710,2039.79381443299,1.83267314011121e-13,4.4106361432110804e-14,647.26718556701,3.62126664996475e-14,0.0,1.4527218109985498e-30,0.0,3600.0,2039.79381443299
4711,2026.18556701031,0.0,2.27373675443232e-13,2514.73443298969,9.57010385514464e-14,0.0,1.44755645401497e-31,0.0,3600.0,2026.18556701031
4712,1998.55670103093,3329.33659793814,0.0,3810.55670103093,6.3044400103134306e-15,-7.64294306540785e-14,2.07625300530941e-31,0.0,6345.038025,1998.55670103093
4713,1992.78350515464,4431.60979381443,0.0,3810.55670103093,1.65462706838858e-14,-7.64294306540785e-14,1.2631705368615499e-30,0.0,9998.9003,1992.78350515464
4714,2032.26804123711,6179.13525773196,0.0,3810.55670103093,-9.16379954104415e-14,-7.64294306540785e-14,3.068392487889e-30,0.0,15093.59732,2032.26804123711
4715,1807.83505154639,7812.99824742268,0.0,3810.55670103093,2.13193866749243e-14,-7.64294306540785e-14,6.316402122979839e-33,0.0,21535.414375,1807.83505154639
4716,1764.0206185567,7738.97268041237,0.0,3810.55670103093,-5.0339655003492504e-14,-7.64294306540785e-14,-1.3326659770868199e-30,0.0,27916.19735,1764.0206185567
4717,1742.57731958763,7053.79597938144,0.0,3810.55670103093,3.49546733292925e-14,0.0,-1.96654403875002e-31,0.0,33732.052135,1742.57731958763
4718,1814.0206185567,2974.74268041237,0.0,3810.55670103093,-4.8813575244557605e-14,0.0,-2.10619424560704e-30,0.0,36184.727475,1814.0206185567
4719,1805.56701030928,6185.08298969072,0.0,0.0,7.07358420881663e-14,0.0,3.64712717779065e-30,0.0,41284.3284,1805.56701030928
4720,1814.43298969072,0.0,2.27373675443232e-13,3471.89701030928,-1.08704706490467e-13,0.0,-5.2291863677802796e-30,0.0,41284.3284,1814.43298969072
4721,1867.21649484536,0.0,2.27373675443232e-13,2720.53350515464,-1.07093669714025e-13,0.0,1.4758376591738e-30,0.0,41284.3284,1867.21649484536
4722,248.1465,0.0,0.0,0.0,1788.771930126,4233.95189003436,-2.7745322608073e-14,0.0,34385.4465899652,2036.918430126
4723,466.686,0.0,0.0,0.0,1436.67191294387,4233.95189003436,-1.2227246925277999e-14,0.0,27889.8866781917,1903.35791294387
4724,52.9932,0.0,0.0,0.0,1851.31339747995,4233.95189003436,5.67214069446464e-14,0.0,20919.3651575568,1904.30659747995
4725,0.0,0.0,0.0,0.0,1890.03436426117,673.484010496666,5.92912996286919e-14,0.0,17982.9179928857,1890.03436426117
4726,0.0,0.0,0.0,0.0,1860.82474226804,0.0,-4.3760862058896e-14,0.0,15851.3890784893,1860.82474226804
4727,0.0,0.0,0.0,0.0,1826.68957617411,0.0,1.9843130829454e-14,0.0,13758.9611561822,1826.68957617411
4728,0.0,0.0,0.0,0.0,1780.29782359679,0.0,-6.209380063709211e-14,0.0,11719.6738439293,1780.29782359679
4729,0.0,0.0,0.0,0.0,1780.87056128293,0.0,7.6150411418899e-14,0.0,9679.73047476215,1780.87056128293
4730,0.0,0.0,0.0,0.0,1745.36082474227,0.0,4.0389666410942203e-14,0.0,7680.46263427845,1745.36082474227
4731,0.0,0.0,0.0,0.0,1744.6735395189,0.0,-2.37309309278563e-14,0.0,5681.98206209185,1744.6735395189
4732,233.5269,0.0,0.0,0.0,1440.18202405498,0.0,-7.065604630430941e-14,0.0,4032.28902193723,1673.70892405498
4733,1272.0,0.0,0.0,0.0,377.388316151203,0.0,-3.0812893283084e-15,0.0,3600.0,1649.388316151203
4734,1685.77319587629,-8.77284493754989e-14,8.77284493754989e-14,1021.33080412371,-6.314592898331631e-14,0.0,-3.39383106854921e-30,0.0,3600.0,1685.77319587629
4735,1631.44329896907,2523.33,0.0,3810.55670103093,8.12210064415138e-15,-7.64294306540785e-14,3.4732705103280203e-31,0.0,5680.485585,1631.44329896907
4736,1716.28865979381,1410.59463917526,0.0,3810.55670103093,-1.09095718541416e-13,-7.64294306540785e-14,4.05974507517137e-30,0.0,6843.520865,1716.28865979381
4737,1704.94845360825,7592.24484536082,0.0,3810.55670103093,-1.0683733026860599e-13,-7.64294306540785e-14,-3.64814743081482e-30,0.0,13103.32674,1704.94845360825
4738,1725.25773195876,9001.04556701031,0.0,3810.55670103093,8.13072220815031e-14,-7.64294306540785e-14,2.2901323022382698e-30,0.0,20524.68881,1725.25773195876
4739,1764.22680412371,4074.02649484536,0.0,3810.55670103093,-8.41919848093207e-14,0.0,3.99038702256115e-30,0.0,23883.723655,1764.22680412371
4740,1738.55670103093,4880.41730312138,0.0,894.615995847689,-6.15348922068737e-14,0.0,3.31119295840487e-30,0.0,27907.6277214236,1738.55670103093
4741,1805.77319587629,7598.47680412371,0.0,0.0,4.46970406480849e-14,0.0,7.104866180329861e-31,0.0,34172.5718464236,1805.77319587629
4742,1796.49484536082,3932.24515463917,0.0,0.0,1.57642465819876e-14,0.0,5.581174555424261e-31,0.0,37414.7079764236,1796.49484536082
4743,1817.52577319588,1919.24422680412,0.0,0.0,-1.74524788706347e-14,0.0,-2.1401756021761503e-31,0.0,38997.1248414236,1817.52577319588
4744,1783.71134020619,4892.87865979381,0.0,0.0,-3.67161154922859e-14,0.0,1.2726871723839e-30,0.0,43031.3032964236,1783.71134020619
4745,1762.0618556701,0.0,0.0,1834.0381443299,8.243054264632741e-14,0.0,2.5950503080113e-30,0.0,43031.3032964236,1762.0618556701
4746,1796.70103092784,0.0,0.0,245.749969072165,-1.02745548580938e-14,3960.89636884307,3.76179176816538e-31,0.0,38494.1940537626,1796.70103092784
4747,388.374,0.0,0.0,-7.475724160666341e-14,1583.70815578465,4233.95189003436,9.171633791244581e-14,0.0,31830.2077469825,1972.08215578465
4748,0.0,0.0,0.0,0.0,1985.45246277205,4233.95189003436,9.90238157477067e-14,0.0,24706.0332305948,1985.45246277205
4749,0.0,0.0,0.0,0.0,1969.41580756014,4233.95189003436,-3.66967243152527e-16,0.0,17600.2283078062,1969.41580756014
4750,0.0,0.0,0.0,0.0,1890.1489117984,4233.95189003436,-4.3708771869791e-14,0.0,10585.2216619496,1890.1489117984
4751,0.0,0.0,0.0,0.0,1864.14662084765,4233.95189003436,6.583915034647641e-14,0.0,3600.0,1864.14662084765
4752,0.0,0.0,0.0,0.0,1435.1217812142,0.0,360.538685,0.0,5556.10334339725,1795.6604662142
4753,0.0,0.0,0.0,0.0,0.0,0.0,1538.4,0.0,5556.10334339725,1538.4
4754,0.0,0.0,0.0,0.0,0.0,0.0,1532.7,0.0,5556.10334339725,1532.7
4755,0.0,0.0,0.0,0.0,0.0,0.0,1485.0,0.0,5556.10334339725,1485.0
4756,266.0565,0.0,0.0,0.0,1410.22359106529,0.0,6.4805447392518e-14,0.0,3940.7269504244,1676.28009106529
4757,1251.363,0.0,0.0,0.0,297.454627720504,0.0,5.587449840974491e-15,0.0,3600.0,1548.817627720504
4758,1575.15463917526,2813.69536082474,0.0,0.0,-3.26635608719609e-14,0.0,1.38717103861082e-30,0.0,5919.891825,1575.15463917526
4759,1660.72164948454,2639.53835051546,0.0,0.0,-1.18605240701113e-13,0.0,9.154671436275719e-30,0.0,8096.191195,1660.7216494845395
4760,1655.56701030928,4731.07298969072,0.0,0.0,6.61576028113615e-14,0.0,4.58307421287764e-31,0.0,11996.960875,1655.56701030928
4761,1688.35051546392,3369.27278350515,0.0,3810.55670103093,-2.92086421599804e-14,0.0,-1.23833177272288e-30,0.0,14774.926285,1688.35051546392
4762,1709.8969072165,5566.34639175258,0.0,3810.55670103093,-5.110426816106191e-15,-7.64294306540785e-14,1.60527152995473e-31,0.0,19364.378885,1709.8969072165
4763,1677.11340206186,4559.89989690722,0.0,3810.55670103093,8.24422897894889e-14,-7.64294306540785e-14,5.29613091460614e-30,0.0,23124.01635,1677.11340206186
4764,1745.36082474227,3399.4424742268,0.0,3810.55670103093,4.2853158712547e-14,0.0,-9.77795667806334e-31,0.0,25926.85667,1745.36082474227
4765,1789.69072164948,2584.92257731959,0.0,3810.55670103093,-8.08102759716864e-14,0.0,-3.412587477652e-30,0.0,28058.125335,1789.69072164948
4766,1807.803,0.0,0.0,0.0,48.8328636884307,0.0,-1.3982897263381701e-15,0.0,28002.188492287,1856.6358636884308
4767,1950.20618556701,576.377223323505,0.0,1808.41659110948,3.34783091583806e-14,0.0,-4.78156596650121e-32,0.0,28477.4115129172,1950.20618556701
4768,1843.60824742268,321.209752577319,0.0,0.0,-1.0000070271899099e-13,0.0,2.8515889438289697e-30,0.0,28742.2489539172,1843.60824742268
4769,1901.85567010309,0.0,0.0,308.406329896907,6.06521783064478e-14,0.0,3.8541895039697803e-31,0.0,28742.2489539172,1901.85567010309
4770,636.693,0.0,0.0,0.0,1286.37776632302,0.0,-5.90038637269603e-15,0.0,27268.7349031463,1923.07076632302
4771,0.0,0.0,0.0,0.0,2062.313860252,0.0,-1.09113937689195e-13,0.0,24906.405166317,2062.313860252
4772,50.6787,0.0,0.0,0.0,2039.91026460481,0.0,2.68157234455032e-14,0.0,22569.738196552,2090.58896460481
4773,0.0,0.0,0.0,0.0,2106.9873997709,0.0,1.24705556813913e-13,0.0,20156.2360204112,2106.9873997709
4774,0.0,0.0,0.0,0.0,2152.34822451317,0.0,-1.43969550548716e-13,0.0,17690.7741366619,2152.34822451317
4775,0.0,0.0,0.0,0.0,2105.49828178694,0.0,-4.12798714645622e-14,0.0,15278.9777084982,2105.49828178694
4776,0.0,0.0,0.0,0.0,2015.34936998855,0.0,6.76993561121516e-14,0.0,12970.4446386373,2015.34936998855
4777,0.0,0.0,0.0,0.0,2036.65521191294,0.0,-8.119255452514381e-14,0.0,10637.5062515663,2036.65521191294
4778,0.0,0.0,0.0,0.0,1916.49484536082,0.0,-7.50955769504311e-15,0.0,8442.20860510491,1916.49484536082
4779,0.0,0.0,0.0,0.0,1947.19358533792,0.0,6.30308136090781e-14,0.0,6211.74630803971,1947.19358533792
4780,210.3624,0.0,0.0,0.0,1596.16090721649,0.0,-3.6500294507361804e-14,0.0,4383.38329862792,1806.52330721649
4781,1213.671,0.0,0.0,0.0,683.893619702176,0.0,3.16829116181733e-14,0.0,3600.0,1897.564619702176
4782,1860.72164948454,-1.67152503869012e-13,1.67152503869012e-13,2426.06835051546,-1.20314450031121e-13,0.0,-2.20796176459018e-30,0.0,3600.0,1860.72164948454
4783,1870.82474226804,2060.95855670103,0.0,3810.55670103093,4.92870270680512e-14,0.0,1.0909824190671698e-30,0.0,5299.26033,1870.82474226804
4784,1833.29896907216,4803.25432989691,0.0,3810.55670103093,1.6887567146811802e-14,-7.64294306540785e-14,8.630354613154591e-31,0.0,9259.543525,1833.29896907216
4785,1887.42268041237,6655.6906185567,0.0,3810.55670103093,-2.8341661040574502e-14,-7.64294306540785e-14,-1.3188332390247799e-30,0.0,14747.16044,1887.42268041237
4786,1858.76288659794,7445.54041237113,0.0,3810.55670103093,2.02692759844462e-14,-7.64294306540785e-14,-1.03053447683415e-30,0.0,20886.00851,1858.76288659794
4787,1853.81443298969,7508.53886597938,0.0,3810.55670103093,-7.3644099102307e-14,-7.64294306540785e-14,-2.76876906618092e-30,0.0,27076.798805,1853.81443298969
4788,1785.05154639175,7182.71175257732,0.0,3810.55670103093,-9.13699088218616e-14,-7.64294306540785e-14,6.454880044952251e-31,0.0,32998.944645,1785.05154639175
4789,1639.07216494845,1274.00113402062,0.0,3810.55670103093,5.41417437499803e-16,-7.64294306540785e-14,-2.52678745305253e-32,0.0,34049.35858,1639.07216494845
4790,1617.11340206186,1153.48989690722,0.0,3810.55670103093,2.85208049737883e-14,0.0,-2.2654324907485e-30,0.0,35000.411,1617.11340206186
4791,1582.98969072165,202.923608247422,0.0,3810.55670103093,-7.40965738844407e-14,0.0,-1.0656332675774298e-30,0.0,35167.721515,1582.98969072165
4792,1538.76288659794,2493.46041237113,0.0,3810.55670103093,-9.367801268269481e-14,0.0,3.46866547272809e-30,0.0,37223.579625,1538.76288659794
4793,1521.13402061856,0.0,2.27373675443232e-13,2491.24597938144,1.21958210992085e-13,1465.90080183276,-4.2262233159879294e-30,0.0,35544.4263582958,1521.1340206185605
4794,1430.61855670103,0.0,0.0,9.81644329896903,1.13986515734484e-13,4223.04473081329,8.30565994525459e-30,0.0,30707.0326231145,1430.6185567010302
4795,410.748,0.0,0.0,0.0,1112.68549828179,4233.95189003436,-9.28382961648534e-14,0.0,24582.5911702896,1523.43349828179
4796,28.68717,0.0,0.0,0.0,1580.72559576174,4233.95189003436,1.6222979574397102e-14,0.0,17922.0213125621,1609.4127657617398
4797,0.0,0.0,0.0,0.0,1641.92439862543,4233.95189003436,5.02103681274687e-14,0.0,11191.3497333412,1641.92439862543
4798,0.0,0.0,0.0,0.0,1827.49140893471,3028.16469750472,-4.79128001115208e-14,0.0,5629.31524715632,1827.49140893471
4799,0.0,0.0,0.0,0.0,1771.59221076747,0.0,-7.66611801403495e-14,0.0,3600.0,1771.59221076747
4800,0.0,0.0,0.0,0.0,1719.2439862543,0.0,2.55639846824605e-14,0.0,5230.64835480608,1719.2439862543
4801,0.0,0.0,0.0,0.0,867.530962199313,0.0,795.94547,0.0,4236.91300291683,1663.476432199313
4802,0.0,0.0,0.0,0.0,0.0,0.0,1560.5,0.0,4236.91300291683,1560.5
4803,0.0,0.0,0.0,0.0,0.0,0.0,1560.1,0.0,4236.91300291683,1560.1
4804,296.946,0.0,0.0,0.0,0.0,0.0,1233.76238,0.0,4236.91300291683,1530.70838
4805,1294.629,0.0,0.0,0.0,556.025051546392,0.0,-4.22132994310218e-14,0.0,3600.0,1850.654051546392
4806,1781.85567010309,-1.22830437301649e-13,-1.04543238141583e-13,124.587329896907,-4.7190791324953404e-14,0.0,1.79050582587833e-30,0.0,3600.0,1781.85567010309
4807,1721.44329896907,0.0,0.0,3458.56670103093,-4.12211448947445e-14,0.0,-2.64806545730307e-30,0.0,3600.0,1721.44329896907
4808,1782.98969072165,3000.43360824742,0.0,3810.55670103093,-6.7992254848701e-14,0.0,-4.1597463416583195e-30,0.0,6073.85751,1782.98969072165
4809,1818.24742268041,5753.49587628866,0.0,3810.55670103093,1.38236604857804e-14,0.0,-2.90988608238942e-31,0.0,10817.61486,1818.24742268041
4810,1836.80412371134,6477.34917525773,0.0,3810.55670103093,5.60621918864815e-14,-7.64294306540785e-14,4.92314936279922e-33,0.0,16158.189255,1836.80412371134
4811,1835.9793814433,0.0,-2.27373675443232e-13,3555.5006185567,-9.24200195123397e-14,283.395647193585,-3.9136287446190105e-31,0.0,15833.5665205285,1835.9793814433
4812,1793.19587628866,1154.46742268041,0.0,3810.55670103093,-4.16356512320167e-14,-7.64294306540785e-14,1.23870477245889e-30,0.0,16785.4249105285,1793.19587628866
4813,1668.86597938144,3646.30731958763,0.0,3810.55670103093,-7.66845114770153e-14,-7.64294306540785e-14,1.47936807745437e-30,0.0,19791.8052955285,1668.86597938144
4814,1660.0,6222.90329896907,0.0,3810.55670103093,1.02756037101618e-13,-7.64294306540785e-14,-6.63127501101799e-31,0.0,24922.5890655285,1660.0
4815,1610.82474226804,1928.91855670103,0.0,3810.55670103093,-1.07387767833891e-14,-7.64294306540785e-14,-6.217656311748191e-31,0.0,26512.9824155285,1610.82474226804
4816,1588.65979381443,1736.31350515464,0.0,3810.55670103093,5.10929405587276e-14,0.0,5.95630273748014e-31,0.0,27944.5729005285,1588.65979381443
4817,1585.67010309278,0.0,0.0,2855.01989690722,6.923325661555451e-14,0.0,4.3134120974370096e-30,0.0,27944.5729005285,1585.67010309278
4818,1416.876,0.0,0.0,0.0,133.826208476518,3394.33070184068,-4.99187143447607e-15,0.0,23903.1560502225,1550.702208476518
4819,391.242,0.0,0.0,0.0,1233.21335624284,0.0,5.51686933580748e-14,0.0,22490.5405218802,1624.45535624284
4820,15.26088,0.0,0.0,0.0,1662.42490996564,0.0,-5.57093484055471e-14,0.0,20586.2737292506,1677.68578996564
4821,0.0,0.0,0.0,0.0,1703.09278350515,0.0,2.9173273190084303e-14,0.0,18635.4228890385,1703.09278350515
4822,0.0,0.0,0.0,0.0,1940.77892325315,0.0,3.48250831252506e-14,0.0,16412.3084294129,1940.77892325315
4823,0.0,0.0,0.0,0.0,1930.81328751432,0.0,4.52665696704356e-14,0.0,14200.6093600952,1930.81328751432
4824,0.0,0.0,0.0,0.0,1811.34020618557,0.0,-4.43035116038971e-14,0.0,12125.76376309,1811.34020618557
4825,0.0,0.0,0.0,0.0,1835.85337915235,0.0,4.82811184439533e-14,0.0,10022.8389301549,1835.85337915235
4826,0.0,0.0,0.0,0.0,1790.72164948454,0.0,-5.86646790710352e-14,0.0,7971.61138206262,1790.72164948454
4827,0.0,0.0,0.0,0.0,1747.07903780069,0.0,2.92514084737417e-14,0.0,5970.37537083617,1747.07903780069
4828,179.8197,0.0,0.0,0.0,1467.55428522337,0.0,5.08101192857129e-14,0.0,4289.32807962956,1647.37398522337
4829,1157.364,0.0,0.0,0.0,601.783413516609,0.0,-2.24641933259367e-14,0.0,3600.0,1759.147413516609
4830,1770.51546391753,0.0,2.27373675443232e-13,2461.04453608247,-3.71188746863965e-14,0.0,2.35113344667716e-30,0.0,3600.0,1770.51546391753
4831,1804.43298969072,2168.90030927835,4.54747350886464e-13,3810.55670103093,9.153730561191391e-14,-9.153730561191391e-14,4.0879747832637496e-30,0.0,5388.258305,1804.43298969072
4832,1847.31958762887,4872.0337113402,0.0,3810.55670103093,-8.686487941940299e-14,8.686487941940299e-14,4.5662406341822e-30,0.0,9405.2501,1847.31958762887
4833,1862.26804123711,6840.86525773196,0.0,3810.55670103093,5.94439007241158e-14,-5.94439007241158e-14,-1.8886467887868097e-30,0.0,15045.543505,1862.26804123711
4834,1826.18556701031,8205.64773195876,0.0,3810.55670103093,8.95967195157067e-14,-8.95967195157067e-14,3.2388687194823795e-30,0.0,21811.10006,1826.18556701031
4835,1877.52577319588,8836.9575257732,0.0,3810.55670103093,2.8655477579319104e-14,-2.8655477579319104e-14,-9.209742816479831e-31,0.0,29097.17154,1877.52577319588
4836,1819.07216494845,8883.11113402062,0.0,3810.55670103093,-9.81450736402919e-14,9.81450736402919e-14,1.7315472741995897e-30,0.0,36421.29667,1819.07216494845
4837,1645.67010309278,8342.54319587629,0.0,3810.55670103093,1.23154741431255e-13,-1.23154741431255e-13,-4.6532381833989895e-30,0.0,43299.723535,1645.6701030927802
4838,1576.39175257732,7129.20154639175,0.0,3810.55670103093,4.81139909152039e-14,-4.81139909152039e-14,1.4107539376043598e-30,0.0,49177.75021,1576.39175257732
4839,1531.9587628866,5293.47453608247,0.0,3810.55670103093,6.23848819227781e-14,-6.23848819227781e-14,-4.88740488380163e-30,0.0,53542.219965,1531.9587628866
4840,1499.48453608247,2685.6187628866,9.09494701772928e-13,3810.55670103093,-1.1532548028448801e-14,1.1532548028448801e-14,1.0415410245887302e-31,0.0,55756.512635,1499.48453608247
4841,1463.9175257732,0.0,0.0,3085.4624742268,7.59352115596386e-14,805.660252004583,3.95928570091673e-30,0.0,54833.6486579043,1463.9175257732
4842,1366.41,0.0,0.0,-7.475724160666341e-14,114.870904925544,4233.95189003436,7.44064196790263e-16,0.0,49852.17924787,1481.280904925544
4843,345.438,0.0,0.0,-7.475724160666341e-14,1242.52593356243,4233.95189003436,-3.5764234358804e-14,0.0,43579.0087741051,1587.9639335624302
4844,0.0,0.0,0.0,0.0,1573.19587628866,4233.95189003436,-9.270238643159581e-14,0.0,36927.0640245942,1573.19587628866
4845,0.0,0.0,0.0,0.0,1591.17983963345,4233.95189003436,4.58001278496195e-14,0.0,30254.5190879758,1591.17983963345
4846,0.0,0.0,0.0,0.0,1784.87972508591,4233.95189003436,5.13738025011284e-14,0.0,23360.0957029583,1784.87972508591
4847,0.0,0.0,0.0,0.0,1754.5246277205,4233.95189003436,6.88276540254416e-14,0.0,16500.443334396,1754.5246277205
4848,0.0,0.0,0.0,0.0,1642.95532646048,0.0,3.8279696327600806e-15,0.0,5318.0351357841,1642.95532646048
4849,0.0,0.0,0.0,0.0,0.0,0.0,1494.6,0.0,5318.0351357841,1494.6
4850,0.0,0.0,0.0,0.0,0.0,0.0,1495.8,0.0,5318.0351357841,1495.8
4851,0.0,0.0,0.0,0.0,0.0,0.0,1478.8,0.0,5318.0351357841,1478.8
4852,168.8157,0.0,0.0,0.0,915.988109965636,0.0,438.091151,0.0,4268.79331451762,1522.894960965636
4853,1104.426,0.0,0.0,0.0,583.856563573883,0.0,1.83175369336188e-14,0.0,3600.0,1688.282563573883
4854,1663.09278350515,-8.14533052941192e-14,8.14533052941192e-14,2450.86721649485,-5.86291524376962e-14,0.0,3.2280021677326096e-30,0.0,3600.0,1663.09278350515
4855,1662.57731958763,2103.12597938144,0.0,3810.55670103093,-1.15944093234193e-13,-7.64294306540785e-14,5.87773721805982e-30,0.0,5334.02737,1662.5773195876295
4856,1690.20618556701,4836.75711340206,0.0,3810.55670103093,-2.65474946930597e-14,-7.64294306540785e-14,9.94138571124777e-31,0.0,9321.93361,1690.20618556701
4857,1783.29896907216,6845.91432989691,0.0,3810.55670103093,1.53614873878769e-14,-7.64294306540785e-14,-1.1181385511960898e-30,0.0,14966.389975,1783.29896907216
4858,1806.28865979381,8027.06463917526,0.0,3810.55670103093,9.41984530788346e-14,-7.64294306540785e-14,8.110405650478571e-31,0.0,21584.70477,1806.28865979381
4859,1804.12371134021,8390.42958762887,0.0,3810.55670103093,8.18356337533598e-15,-7.64294306540785e-14,-3.3098414771435997e-31,0.0,28502.613965,1804.12371134021
4860,1798.14432989691,8177.49896907216,0.0,3810.55670103093,5.22777238547365e-14,-7.64294306540785e-14,-2.53246520025789e-30,0.0,35244.961865,1798.14432989691
4861,1623.29896907216,7759.33432989691,0.0,3810.55670103093,-4.16121569456936e-14,-7.64294306540785e-14,1.13146142358503e-30,0.0,41642.53302,1623.29896907216
4862,1588.96907216495,6576.50422680412,0.0,3810.55670103093,-1.18190734363841e-13,-7.64294306540785e-14,5.26790120651376e-30,0.0,47064.860755,1588.9690721649497
4863,1553.71134020619,4854.36195876289,0.0,3810.55670103093,6.04442958265709e-14,-7.64294306540785e-14,5.2822981765441e-30,0.0,51067.28219,1553.71134020619
4864,1581.34020618557,2259.5430927835,0.0,3810.55670103093,-1.02796522791443e-13,-7.64294306540785e-14,-7.25339609119199e-31,0.0,52930.27547,1581.34020618557
4865,1544.22680412371,0.0,-2.27373675443232e-13,2800.01319587629,6.536383156630171e-14,1122.82611683849,5.3162805764691194e-30,0.0,51644.1058058093,1544.22680412371
4866,1330.737,0.0,0.0,-7.475724160666341e-14,193.453734249714,4233.95189003436,1.20533871492684e-14,0.0,46572.6217001001,1524.190734249714
4867,354.336,0.0,0.0,-7.475724160666341e-14,1271.35633447881,4233.95189003436,-5.73135204460605e-14,0.0,40266.4267121126,1625.69233447881
4868,0.0,0.0,0.0,0.0,1591.75257731959,4233.95189003436,-1.4452878756331e-14,0.0,33593.22571858,1591.75257731959
4869,0.0,0.0,0.0,0.0,1560.71019473081,4233.95189003436,-3.2243167789526e-14,0.0,26955.5830097997,1560.71019473081
4870,0.0,0.0,0.0,0.0,1565.86483390607,4233.95189003436,2.0971428742744e-14,0.0,20312.0357887912,1565.86483390607
4871,0.0,0.0,0.0,0.0,1524.1695303551,4233.95189003436,-5.04979710840646e-14,0.0,13716.24951114,1524.1695303551
4872,0.0,0.0,0.0,0.0,1520.38946162657,1139.3087315872,-4.34782972002776e-15,0.0,10669.6307331174,1520.38946162657
4873,0.0,0.0,0.0,0.0,1507.67468499427,0.0,3.47378564757759e-14,0.0,8942.62651204717,1507.67468499427
4874,0.0,0.0,0.0,0.0,1483.50515463918,0.0,5.90239060376504e-14,0.0,7243.30789275831,1483.50515463918
4875,0.0,0.0,0.0,0.0,1441.58075601375,0.0,-4.94256945413386e-15,0.0,5592.01263959251,1441.58075601375
4876,165.2967,0.0,0.0,0.0,1257.80320847652,0.0,-2.45957863703045e-14,0.0,4151.23004110853,1423.09990847652
4877,1076.28,0.0,0.0,0.0,481.223825887743,0.0,-3.8063351121882105e-15,0.0,3600.0,1557.503825887743
4878,1581.13402061856,0.0,0.0,2349.64597938144,-7.67577213513614e-14,0.0,2.21130095063846e-30,0.0,3600.0,1581.13402061856
4879,1552.26804123711,1909.83525773196,2.27373675443232e-13,3810.55670103093,-2.10798288625938e-15,2.10798288625938e-15,-7.31642894767946e-32,0.0,5174.65917,1552.26804123711
4880,1507.9381443299,4552.28515463917,0.0,3810.55670103093,1.13741923432227e-13,-1.13741923432227e-13,-5.90689260641614e-30,0.0,8928.01828,1507.9381443299003
4881,1437.9381443299,6361.89515463918,0.0,3810.55670103093,1.52385619255077e-14,-1.52385619255077e-14,2.3848384629823102e-31,0.0,14173.400835,1437.9381443299
4882,1401.03092783505,7364.08237113402,9.09494701772928e-13,3810.55670103093,-9.52773023159758e-14,9.52773023159758e-14,-5.35277947631138e-31,0.0,20245.08675,1401.03092783505
4883,1140.82474226804,7926.71855670103,0.0,3810.55670103093,-1.21450776361588e-13,1.21450776361588e-13,6.93027845574229e-31,0.0,26780.6662,1140.8247422680397
4884,1138.86597938144,7800.33731958763,9.09494701772928e-13,3810.55670103093,1.13194212882319e-14,-1.13194212882319e-14,4.886907091246851e-31,0.0,33212.04432,1138.86597938144
4885,1111.34020618557,7622.18309278351,0.0,3810.55670103093,3.13153664237582e-14,-3.13153664237582e-14,1.70907972266841e-30,0.0,39496.53428,1111.34020618557
4886,1091.54639175258,5329.3069072165,0.0,3810.55670103093,-9.95142451298545e-14,9.95142451298545e-14,4.13987406341521e-30,0.0,43890.547825,1091.54639175258
4887,1048.65979381443,5150.73350515464,0.0,3810.55670103093,-3.57104761294908e-14,3.57104761294908e-14,1.72885742815128e-30,0.0,48137.3276,1048.65979381443
4888,1029.58762886598,1541.24567010309,-2.27373675443232e-13,3810.55670103093,-1.2852003929988401e-14,1.2852003929988401e-14,5.104402268483699e-31,0.0,49408.084655,1029.58762886598
4889,1024.32989690722,0.0,0.0,2869.61010309278,-6.77071768566196e-14,1045.49621993127,4.224641961063181e-31,0.0,48210.4944832574,1024.32989690722
4890,1004.84536082474,0.0,0.0,669.079639175258,1.50424265887924e-14,3490.53006872852,-4.2766316405512505e-31,0.0,44212.1782533278,1004.84536082474
4891,302.52,0.0,0.0,-7.475724160666341e-14,772.457731958763,4233.95189003436,-3.45528801447181e-14,0.0,38477.4593277916,1074.977731958763
4892,0.0,0.0,0.0,0.0,1035.16609392898,4233.95189003436,5.4768031779577e-15,0.0,32441.8144435266,1035.16609392898
4893,0.0,0.0,0.0,0.0,921.420389461627,4233.95189003436,8.116921160915121e-15,0.0,26536.4624624315,921.420389461627
4894,0.0,0.0,0.0,0.0,934.249713631157,4233.95189003436,-5.843770421110231e-15,0.0,20616.4148064573,934.249713631157
4895,0.0,0.0,0.0,0.0,951.775486827033,4233.95189003436,-9.336930363398051e-15,0.0,14676.291808907,951.775486827033
4896,0.0,0.0,0.0,0.0,939.977090492554,0.0,-1.28821804947909e-14,0.0,6123.27939233384,939.977090492554
4897,0.0,0.0,0.0,0.0,938.831615120275,0.0,8.375223386139431e-15,0.0,5047.87089849619,938.831615120275
4898,0.0,0.0,0.0,0.0,0.0,0.0,818.6,0.0,5047.87089849619,818.6
4899,0.0,0.0,0.0,0.0,935.166093928981,0.0,-4.84747067483067e-14,0.0,3976.66116890973,935.166093928981
4900,10.79118,0.0,0.0,0.0,328.82520045819,0.0,523.0681554,0.0,3600.0,862.68453585819
4901,840.412371134021,1.32786385291064e-13,-1.9099547569448302e-14,283.930628865979,4.77890565445386e-14,0.0,-2.00401325958386e-30,0.0,3600.0,840.412371134021
4902,840.412371134021,0.0,1.13686837721616e-13,2194.89762886598,4.77890565445386e-14,0.0,-2.00401325958386e-30,0.0,3600.0,840.412371134021
4903,834.020618556701,477.382680412371,2.27373675443232e-13,3810.55670103093,1.76421113245285e-14,0.0,-2.71583902492082e-31,0.0,3993.60202,834.020618556701
4904,834.329896907217,3106.03340206185,0.0,3810.55670103093,-2.1416090835593602e-14,-7.64294306540785e-14,8.32859819934973e-31,0.0,6554.52656,834.329896907217
4905,838.350515463918,3660.28278350515,0.0,3810.55670103093,-5.51519980618741e-14,-7.64294306540785e-14,8.92839667993791e-31,0.0,9572.429715,838.350515463918
4906,849.587628865979,8044.52567010309,0.0,3810.55670103093,-4.43909856146435e-14,-7.64294306540785e-14,-9.49756670268287e-31,0.0,16205.14113,849.587628865979
4907,847.628865979382,8521.95443298969,0.0,3810.55670103093,-3.40327323615236e-14,-7.64294306540785e-14,-1.71390673423711e-30,0.0,23231.49256,847.628865979382
4908,853.60824742268,7272.35505154639,0.0,3810.55670103093,4.8191815738649305e-14,-7.64294306540785e-14,2.4269450281864297e-30,0.0,29227.5493,853.60824742268
4909,848.865979381443,8183.99731958763,0.0,3810.55670103093,5.06515836085147e-14,-7.64294306540785e-14,2.4439362281489397e-30,0.0,35975.25509,848.865979381443
4910,838.556701030928,5013.67659793814,0.0,3810.55670103093,4.12211448947445e-14,0.0,2.64806545730307e-30,0.0,40109.031445,838.556701030928
4911,843.608247422681,5318.55505154639,0.0,3810.55670103093,-2.9682513524301e-16,0.0,-9.15543350994964e-33,0.0,44494.180085,843.608247422681
4912,847.319587628866,2777.02371134021,0.0,3810.55670103093,5.0254697985984806e-15,-7.64294306540785e-14,-6.36481756323933e-32,0.0,46783.836135,847.319587628866
4913,845.360824742268,0.0,0.0,3330.87917525773,1.53837230517184e-14,532.975028636885,-8.277982396012171e-31,0.0,46173.3263656565,845.360824742268
4914,833.917525773196,0.0,0.0,470.422474226804,3.06615120445692e-14,3711.26025200458,1.19673637738675e-30,0.0,41922.1691468654,833.917525773196
4915,354.273,0.0,0.0,0.0,525.836414662085,4233.95189003436,-4.7723893433261e-14,0.0,36469.9488665717,880.109414662085
4916,0.0,0.0,0.0,0.0,913.287514318442,4233.95189003436,4.69833727733232e-14,0.0,30573.912893659,913.287514318442
4917,0.0,0.0,0.0,0.0,924.742268041237,4233.95189003436,4.73447810166072e-14,0.0,24664.7557824612,924.742268041237
4918,0.0,0.0,0.0,0.0,923.253150057274,4233.95189003436,3.6541886228138204e-14,0.0,18757.3044192406,923.253150057274
4919,0.0,0.0,0.0,0.0,922.107674684994,0.0,-4.14493192219023e-14,0.0,17701.052787299,922.107674684994
4920,0.0,0.0,0.0,0.0,905.956471935854,4233.95189003436,-3.78400307142786e-14,0.0,11813.4143428887,905.956471935854
4921,0.0,0.0,0.0,0.0,859.106529209622,0.0,3.59731915885846e-14,0.0,10829.3289715145,859.106529209622
4922,0.0,0.0,0.0,0.0,857.159221076747,0.0,-3.1385397017715903e-15,0.0,9847.47419364885,857.159221076747
4923,0.0,0.0,0.0,0.0,854.982817869416,0.0,-4.91855750477487e-14,0.0,8868.11243205731,854.982817869416
4924,141.0645,0.0,0.0,0.0,699.160864833906,0.0,-2.86576791366963e-14,0.0,8067.24088012844,840.225364833906
4925,777.525773195876,0.0,0.0,247.400226804124,-1.01151293437584e-15,3023.79556097527,-8.50216334199371e-32,0.0,4603.55753422321,777.525773195876
4926,804.948453608248,0.0,-2.27373675443232e-13,3022.06154639175,-4.08129316698802e-15,876.105727376861,-1.79221510368957e-31,0.0,3600.0,804.948453608248
4927,813.711340206186,2550.74195876289,4.54747350886464e-13,3810.55670103093,-4.41837324460074e-14,4.41837324460074e-14,2.6162627769142796e-30,0.0,5703.086745,813.711340206186
4928,827.525773195876,5287.2975257732,-9.09494701772928e-13,3810.55670103093,5.14566824559087e-16,-5.14566824559087e-16,2.29456088227077e-33,0.0,10062.463555,827.525773195876
4929,837.731958762887,7238.88134020619,0.0,3810.55670103093,2.68711704412434e-14,-2.68711704412434e-14,6.35100055004128e-32,0.0,16030.92122,837.731958762887
4930,851.649484536082,8450.82381443299,0.0,3810.55670103093,5.46433048088958e-14,-5.46433048088958e-14,-2.4714650991749e-30,0.0,22998.625455,851.649484536082
4931,855.876288659794,9147.36701030928,0.0,3810.55670103093,-1.2246396745927202e-15,1.2246396745927202e-15,-8.683499529837029e-33,0.0,30540.629555,855.876288659794
4932,856.494845360825,9287.83845360825,0.0,3810.55670103093,3.91641362189897e-14,-3.91641362189897e-14,1.5526279830473099e-30,0.0,38198.45236,856.494845360825
4933,860.618556701031,8735.43474226804,0.0,3810.55670103093,-7.591171727331551e-15,7.591171727331551e-15,1.44287551227295e-31,0.0,45400.818305,860.618556701031
4934,852.268041237113,7546.45525773196,0.0,3810.55670103093,-2.34730995113483e-14,2.34730995113483e-14,-2.6257765432079e-31,0.0,51622.870665,852.268041237113
4935,854.639175257732,5567.86412371134,9.09494701772928e-13,3810.55670103093,3.6502988752069e-14,-3.6502988752069e-14,-6.79842360800347e-31,0.0,56213.574635,854.639175257732
4936,854.432989690722,2918.77030927835,4.54747350886464e-13,3810.55670103093,6.254179019215031e-14,-6.254179019215031e-14,2.2567981989573097e-30,0.0,58620.100755,854.4329896907221
4937,847.422680412371,0.0,-2.27373675443232e-13,3380.11731958763,-7.9939309214422e-15,478.265979381444,-1.5461731499533702e-31,0.0,58072.2588542194,847.422680412371
4938,840.824742268041,0.0,0.0,449.103257731959,-8.19531051849753e-15,3734.94827033219,3.8460582215128998e-31,0.0,53793.967593816,840.824742268041
4939,341.802,0.0,0.0,-7.475724160666341e-14,542.671317296678,4233.95189003436,-1.66574819408242e-14,0.0,48322.4633471596,884.473317296678
4940,0.0,0.0,0.0,0.0,930.927835051546,4233.95189003436,-4.50716302768023e-14,0.0,42406.220821288,930.927835051546
4941,0.0,0.0,0.0,0.0,943.757159221077,4233.95189003436,4.02162874721431e-14,0.0,36475.2826205372,943.757159221077
4942,0.0,0.0,0.0,0.0,955.784650630011,4233.95189003436,-3.41135392811686e-14,0.0,30530.5672245872,955.784650630011
4943,0.0,0.0,0.0,0.0,951.660939289805,4233.95189003436,-2.0023696586531102e-14,0.0,24590.5754384197,951.660939289805
4944,0.0,0.0,0.0,0.0,449.076384879725,0.0,437.356316,0.0,6685.59406084797,886.432700879725
4945,0.0,0.0,0.0,0.0,0.0,0.0,829.4,0.0,6685.59406084797,829.4
4946,0.0,0.0,0.0,0.0,943.184421534937,0.0,1.22068474712289e-15,0.0,5605.19953446201,943.184421534937
4947,0.0,0.0,0.0,0.0,939.060710194731,0.0,1.53105274417604e-14,0.0,4529.52861785866,939.060710194731
4948,130.5972,0.0,0.0,0.0,811.478483390607,0.0,2.67936401659174e-14,0.0,3600.0,942.0756833906072
4949,875.876288659794,-3.7037688603677504e-14,3.7037688603677504e-14,133.263711340206,-2.6659302323508102e-14,0.0,-2.58771156615234e-31,0.0,3600.0,875.876288659794
4950,852.474226804124,-7.42143909416489e-14,-3.94724467799671e-14,2843.31577319588,-5.3418665134303104e-14,0.0,-1.82407371540741e-30,0.0,3600.0,852.474226804124
4951,849.175257731959,2263.75804123711,0.0,3810.55670103093,7.68661726551923e-15,0.0,-5.85880112816512e-31,0.0,5466.468505,849.175257731959
4952,839.072164948454,4934.20113402062,0.0,3810.55670103093,-2.77826228883324e-14,0.0,-5.63689162388267e-31,0.0,9534.71734,839.072164948454
4953,857.422680412371,6964.9406185567,0.0,3810.55670103093,4.44014741353235e-14,0.0,-1.4609836247316798e-30,0.0,15277.31088,857.422680412371
4954,862.783505154639,8291.90979381443,0.0,3810.55670103093,-4.39882264205329e-14,0.0,-2.0282029445615398e-30,0.0,22113.990505,862.783505154639
4955,850.824742268041,0.0,-2.27373675443232e-13,2329.14525773196,4.42000945382682e-14,0.0,1.83294179344672e-30,0.0,22113.990505,850.824742268041
4956,855.360824742268,0.0,-1.13686837721616e-13,1887.49417525773,-5.85395804710893e-14,0.0,1.43586930284597e-30,0.0,22113.990505,855.3608247422679
4957,844.020618556701,1504.99268041237,0.0,3810.55670103093,-6.018795638115261e-14,0.0,6.12525857594378e-31,0.0,23354.85697,844.0206185567009
4958,810.0,0.0,0.0,248.829,-5.34127915627223e-14,0.0,-4.73533412109987e-31,0.0,23354.85697,810.0
4959,800.309278350515,2847.55402061856,0.0,3810.55670103093,-1.85476902000367e-14,0.0,1.12194504890165e-30,0.0,25702.66526,800.309278350515
4960,792.783505154639,2781.90979381443,0.0,3810.55670103093,-2.0079643530552402e-14,0.0,5.44933014124449e-31,0.0,27996.349885,792.783505154639
4961,789.278350515464,0.0,0.0,1802.72764948454,-5.925426827022211e-14,2230.92116838488,-4.1063592359864395e-30,0.0,25440.8846291181,789.2783505154639
4962,784.123711340206,0.0,0.0,416.842288659794,3.0966308455529002e-15,3770.79379152348,6.66374415362241e-32,0.0,21121.5332069835,784.123711340206
4963,260.0538,0.0,0.0,0.0,576.228882016037,4233.95189003436,1.00048482956368e-14,0.0,15611.5895963874,836.282682016037
4964,0.0,0.0,0.0,0.0,865.292096219931,2986.58781042974,-4.2004991314179704e-14,0.0,11199.356026342,865.292096219931
4965,0.0,0.0,0.0,0.0,862.313860252005,0.0,-3.47343241098272e-14,0.0,10211.5967362481,862.313860252005
4966,0.0,0.0,0.0,0.0,864.490263459336,0.0,1.13127112361499e-14,0.0,9221.34442987998,864.490263459336
4967,0.0,0.0,0.0,0.0,858.64833906071,0.0,7.66435508669742e-15,0.0,8237.78390403724,858.64833906071
4968,0.0,0.0,0.0,0.0,846.277205040092,0.0,-3.48764977697156e-14,0.0,7268.39420754229,846.277205040092
4969,0.0,0.0,0.0,0.0,837.571592210767,0.0,-4.9443877272973e-14,0.0,6308.97657614393,837.571592210767
4970,0.0,0.0,0.0,0.0,834.593356242841,0.0,-4.21732100686206e-14,0.0,5352.97044069967,834.593356242841
4971,0.0,0.0,0.0,0.0,830.126002290951,0.0,-4.57054376527371e-14,0.0,4402.08154918656,830.126002290951
4972,117.3303,0.0,0.0,0.0,700.217192439863,0.0,-3.2407468366742204e-14,0.0,3600.0,817.5474924398629
4973,768.762886597938,0.0,0.0,202.250113402062,3.90909263446436e-14,0.0,2.2845608562313998e-30,0.0,3600.0,768.762886597938
4974,800.0,0.0,0.0,3108.4,2.4417276142958802e-14,0.0,-1.3576431721964499e-30,0.0,3600.0,800.0
4975,810.309278350515,1038.51402061856,0.0,3810.55670103093,3.3847714856729e-14,-3.3847714856729e-14,-1.5617724013505799e-30,0.0,4456.25481,810.309278350515
4976,802.268041237113,4140.90525773196,0.0,3810.55670103093,-2.49991792702832e-14,2.49991792702832e-14,5.10950614199432e-31,0.0,7870.431195,802.268041237113
4977,811.237113402062,5378.94618556701,-9.09494701772928e-13,3810.55670103093,3.90850527730628e-14,-3.90850527730628e-14,9.34020552933979e-31,0.0,12305.372325,811.237113402062
4978,820.515463917526,6151.25783505155,-9.09494701772928e-13,3810.55670103093,6.02043184734133e-14,-6.02043184734133e-14,-1.67272584929692e-30,0.0,17377.08441,820.5154639175261
4979,823.092783505155,6719.07051546392,9.09494701772928e-13,3810.55670103093,-3.60838674656976e-14,3.60838674656976e-14,-1.45880390519545e-30,0.0,22916.95805,823.092783505155
4980,826.288659793814,6823.69463917526,0.0,3810.55670103093,4.21489594340942e-14,-4.21489594340942e-14,2.0880446224883797e-30,0.0,28543.09428,826.288659793814
4981,822.164948453608,6893.39835051546,0.0,3810.55670103093,-3.7414441199157904e-14,3.7414441199157904e-14,1.79663203912493e-31,0.0,34226.70122,822.164948453608
4982,813.19587628866,7205.63742268041,-9.09494701772928e-13,3810.55670103093,2.4820035337069402e-14,-2.4820035337069402e-14,3.1861283454207102e-31,0.0,40167.749275,813.19587628866
4983,784.536082474227,3353.40721649485,-9.09494701772928e-13,3810.55670103093,0.0,0.0,-4.6170993717862905e-14,0.0,42932.633525,784.536082474227
4984,782.989690721649,2579.51360824742,4.54747350886464e-13,3810.55670103093,2.7804858552173902e-14,0.0,8.54029473983143e-31,0.0,45059.442495,782.989690721649
4985,771.649484536082,0.0,1.13686837721616e-13,2636.77051546392,3.0063246824984e-14,1304.20687285223,1.4102438110922799e-30,0.0,43565.5056417901,771.649484536082
4986,752.680412371134,0.0,0.0,1012.63958762887,4.38090824873191e-14,3108.79679266896,1.0306411227127101e-31,0.0,40004.4554783663,752.680412371134
4987,373.986,0.0,0.0,-7.475724160666341e-14,418.938808705613,4233.95189003436,-1.8070986824793e-14,0.0,34674.6837730514,792.924808705613
4988,0.0,0.0,0.0,0.0,839.060710194731,4233.95189003436,-3.8640982484504e-14,0.0,28863.6727762254,839.060710194731
4989,0.0,0.0,0.0,0.0,843.069873997709,4233.95189003436,3.5831017928696204e-14,0.0,23048.0693809996,843.069873997709
4990,0.0,0.0,0.0,0.0,848.224513172967,4233.95189003436,-1.02029948700047e-14,0.0,17226.5614735456,848.224513172967
4991,0.0,0.0,0.0,0.0,844.558991981672,4233.95189003436,3.219568432652e-14,0.0,11409.2523303428,844.558991981672
4992,0.0,0.0,0.0,0.0,839.404352806415,0.0,-2.101891220575e-14,0.0,6238.48298647604,839.404352806415
4993,0.0,0.0,0.0,0.0,830.355097365407,0.0,-3.87701335971162e-14,0.0,5287.33167219723,830.355097365407
4994,0.0,0.0,0.0,0.0,164.834856815579,0.0,587.69917,0.0,5098.51740322176,752.534026815579
4995,0.0,0.0,0.0,0.0,0.0,0.0,724.5,0.0,5098.51740322176,724.5
4996,0.0,0.0,0.0,0.0,0.0,0.0,723.0,0.0,5098.51740322176,723.0
4997,0.0,0.0,0.0,0.0,847.766323024055,0.0,-3.8511831371891904e-14,0.0,4127.42195874977,847.766323024055
4998,349.419,0.0,0.0,0.0,460.439369988545,0.0,7.89401788177906e-17,0.0,3600.0,809.8583699885451
4999,741.134020618557,1805.27927835052,0.0,3810.55670103093,-5.42124363793628e-14,-7.64294306540785e-14,-2.4755051222896e-30,0.0,5088.452765,741.134020618557
5000,742.474226804124,0.0,0.0,3379.64577319588,1.74524788706347e-14,478.789919816724,2.1401756021761503e-31,0.0,4540.01070335427,742.474226804124
5001,756.701030927835,0.0,-2.27373675443232e-13,2560.90896907216,1.00731752610385e-14,820.629344028276,1.63043960330089e-31,0.0,3600.0,756.701030927835
5002,773.814432989691,0.0,1.13686837721616e-13,3354.06556701031,-6.3338078682173304e-15,0.0,-7.35711144386149e-32,0.0,3600.0,773.814432989691
5003,756.701030927835,8238.21226804124,0.0,3810.55670103093,1.00731752610385e-14,0.0,1.63043960330089e-31,0.0,10392.406015,756.701030927835
5004,762.371134020619,4912.50216494845,0.0,3810.55670103093,8.94398112463345e-15,0.0,-1.15063208224479e-31,0.0,14442.76405,762.371134020619
5005,763.298969072165,2785.35432989691,0.0,3810.55670103093,1.02745548580938e-14,0.0,-3.76179176816538e-31,0.0,16739.288695,763.298969072165
5006,727.938144329897,5809.10515463918,0.0,3810.55670103093,-5.85219597563469e-14,0.0,5.487490212738239e-30,0.0,21528.895895,727.9381443298969
5007,694.639175257732,5390.45412371134,0.0,3810.55670103093,-2.04706555815015e-14,0.0,-1.184944667051e-30,0.0,25973.32532,694.639175257732
5008,688.350515463917,0.0,0.0,1834.05248453608,6.26817070580211e-14,0.0,2.39588626055785e-30,0.0,25973.32532,688.3505154639171
5009,691.958762886598,0.0,-1.13686837721616e-13,3401.2112371134,-3.74817775019233e-14,0.0,2.2621363803940098e-30,0.0,25973.32532,691.958762886598
5010,698.762886597938,0.0,0.0,579.708113402062,5.909274505175061e-14,3589.83176403207,7.23436751524886e-31,0.0,21861.2614436746,698.7628865979381
5011,384.096,0.0,0.0,0.0,351.462634593356,4233.95189003436,-8.47062396297574e-15,0.0,16608.7820340208,735.5586345933559
5012,0.0,0.0,0.0,0.0,778.23596792669,4233.95189003436,-1.44200456590108e-14,0.0,10867.4442814881,778.23596792669
5013,0.0,0.0,0.0,0.0,784.879725085911,296.325932195049,4.9597445661728104e-14,0.0,9628.94982870354,784.879725085911
5014,0.0,0.0,0.0,0.0,786.827033218786,0.0,-2.4977660769531702e-14,0.0,8727.65883990768,786.827033218786
5015,0.0,0.0,0.0,0.0,782.13058419244,0.0,4.93651885310563e-14,0.0,7831.74751780866,782.13058419244
5016,0.0,0.0,0.0,0.0,767.239404352806,0.0,2.79656109902376e-14,0.0,6952.89367548013,767.239404352806
5017,0.0,0.0,0.0,0.0,761.626575028637,0.0,-3.91195936532742e-14,0.0,6080.46919091125,761.626575028637
5018,0.0,0.0,0.0,0.0,759.679266895762,0.0,2.10172843873404e-14,0.0,5210.27529985081,759.679266895762
5019,0.0,0.0,0.0,0.0,749.942726231386,0.0,3.83940749881464e-14,0.0,4351.23437633262,749.942726231386
5020,80.4768,0.0,0.0,0.0,655.827610538373,0.0,2.81087644014704e-14,0.0,3600.0,736.3044105383731
5021,691.030927835052,0.0,0.0,226.228072164948,-4.27191154182571e-14,0.0,-2.33656573890552e-31,0.0,3600.0,691.030927835052
5022,722.783505154639,0.0,-1.13686837721616e-13,3114.36649484536,-7.78248234453433e-17,0.0,-4.69884676571123e-33,0.0,3600.0,722.783505154639
5023,750.721649484536,2759.44164948454,0.0,3810.55670103093,5.0260571557565604e-14,-5.0260571557565604e-14,7.14058546973489e-31,0.0,5875.15964,750.721649484536
5024,758.041237113402,5475.34206185567,0.0,3810.55670103093,-4.45806180685373e-14,4.45806180685373e-14,-4.641552075585899e-31,0.0,10389.57917,758.041237113402
5025,748.556701030928,5767.93659793814,0.0,3810.55670103093,-3.5754318145933e-14,3.5754318145933e-14,-1.8053173063046098e-30,0.0,15145.242895,748.556701030928
5026,758.247422680412,5544.70587628866,-9.09494701772928e-13,3810.55670103093,5.56992890709547e-14,-5.56992890709547e-14,-8.40739169203527e-32,0.0,19716.85289,758.247422680412
5027,758.453608247423,6259.03969072165,0.0,3810.55670103093,2.96604876308733e-14,-2.96604876308733e-14,2.4886900853855297e-30,0.0,24877.431115,758.453608247423
5028,755.876288659794,7178.41701030928,0.0,3810.55670103093,-8.18356337533598e-15,8.18356337533598e-15,3.3098414771435997e-31,0.0,30796.03594,755.876288659794
5029,751.958762886598,6902.04453608247,-9.09494701772928e-13,3810.55670103093,1.64397073137773e-14,-1.64397073137773e-14,-1.1951093383784398e-30,0.0,36486.77166,751.958762886598
5030,677.319587628866,5143.0837113402,0.0,3810.55670103093,2.58818931707091e-14,-2.58818931707091e-14,1.3018420390622699e-30,0.0,40727.24418,677.319587628866
5031,655.567010309278,3858.78628865979,0.0,3810.55670103093,3.1729243449789604e-14,-3.1729243449789604e-14,7.75803604172592e-31,0.0,43908.813475,655.567010309278
5032,656.288659793814,381.604639175257,-3.41060513164848e-13,3810.55670103093,0.0,0.0,5.5003699189816805e-14,0.0,44223.4465,656.288659793814
5033,657.731958762887,0.0,-1.13686837721616e-13,1470.31804123711,0.0,2600.26517754868,-4.07499921549839e-15,0.0,41244.906777722,657.731958762887
5034,203.1168,0.0,0.0,-7.475724160666341e-14,503.295193585338,4233.95189003436,-5.756648147351951e-15,0.0,35818.5069110328,706.411993585338
5035,245.5044,0.0,0.0,-7.475724160666341e-14,433.173805269187,4233.95189003436,4.52113689645228e-15,0.0,30472.4293677297,678.6782052691871
5036,0.0,0.0,0.0,0.0,700.114547537228,4233.95189003436,2.0229355164391202e-14,0.0,24820.5777783007,700.114547537228
5037,0.0,0.0,0.0,0.0,721.878579610538,4233.95189003436,1.3333118750599e-14,0.0,19143.7960261301,721.878579610538
5038,0.0,0.0,0.0,0.0,731.156930126002,4233.95189003436,-4.6790736742739403e-14,0.0,13456.3861519487,731.156930126002
5039,0.0,0.0,0.0,0.0,725.315005727377,4233.95189003436,4.8809516438779e-14,0.0,7775.66805829262,725.315005727377
5040,0.0,0.0,0.0,0.0,718.556701030928,0.0,-1.14565127144478e-14,0.0,6376.91099538267,718.556701030928
5041,0.0,0.0,0.0,0.0,719.129438717068,0.0,4.19773184012177e-14,0.0,5553.16593385109,719.129438717068
5042,0.0,0.0,0.0,0.0,708.93470790378,0.0,3.10452725001365e-14,0.0,4741.09868539316,708.93470790378
5043,0.0,0.0,0.0,0.0,715.463917525773,0.0,-1.48726117332285e-14,0.0,3921.55238811277,715.463917525773
5044,57.1887,0.0,0.0,0.0,280.715234822452,0.0,316.862561,0.0,3600.0,654.766495822452
5045,650.20618556701,242.98381443299,0.0,0.0,-6.1997645739273704e-15,0.0,9.23277843803853e-32,0.0,3800.340155,650.20618556701
5046,664.536082474227,0.0,2.27373675443232e-13,2933.78391752577,-3.44119972693111e-14,0.0,-7.42703808817718e-31,0.0,3800.340155,664.536082474227
5047,666.185567010309,0.0,2.27373675443232e-13,2596.94443298969,2.10148000343781e-15,0.0,-4.55708281993436e-32,0.0,3800.340155,666.185567010309
5048,681.340206185567,5290.8030927835,0.0,3810.55670103093,-3.94724987269806e-15,0.0,-1.33226115499571e-32,0.0,8162.607305,681.340206185567
5049,680.618556701031,7460.07474226804,0.0,3810.55670103093,-3.5223389229113204e-14,0.0,6.36484364713695e-32,0.0,14313.43893,680.618556701031
5050,676.701030927835,8598.38226804124,0.0,3810.55670103093,-1.84136469057467e-14,0.0,-8.95071927952373e-32,0.0,21402.80511,676.701030927835
5051,708.041237113402,903.962061855671,-4.54747350886464e-13,3810.55670103093,-4.61066978274722e-14,0.0,3.09373060961631e-31,0.0,22148.12183,708.041237113402
5052,692.371134020619,9372.46216494845,0.0,3810.55670103093,3.28525640146139e-14,0.0,1.08072160994563e-30,0.0,29875.716885,692.371134020619
5053,677.731958762887,0.0,-1.13686837721616e-13,1350.85304123711,-3.01024738923271e-14,0.0,2.31310998028153e-30,0.0,29875.716885,677.731958762887
5054,678.762886597938,0.0,0.0,2459.56711340206,-4.17913008789074e-14,0.0,-7.936774087052441e-31,0.0,29875.716885,678.762886597938
5055,648.969072164948,1248.39422680412,0.0,3810.55670103093,3.15278638527343e-14,0.0,-1.4396755397125498e-30,0.0,30905.017925,648.969072164948
5056,635.257731958763,509.645567010309,-2.27373675443232e-13,3810.55670103093,-3.00966003207463e-14,0.0,-1.8457542784845898e-30,0.0,31325.220695,635.257731958763
5057,632.680412371134,0.0,-1.13686837721616e-13,3332.98958762887,-6.01271229612088e-14,0.0,1.3300648908158501e-31,0.0,31325.220695,632.6804123711339
5058,640.721649484536,0.0,0.0,401.130350515464,-1.2802288341965402e-15,0.0,-4.58587082590833e-32,0.0,31325.220695,640.721649484536
5059,34.2309,0.0,0.0,0.0,661.163833906071,4233.95189003436,1.10652177801037e-14,0.0,25717.9861887681,695.394733906071
5060,0.0,0.0,0.0,0.0,686.254295532646,4233.95189003436,-3.31143924804908e-14,0.0,20082.0111766639,686.254295532646
5061,0.0,0.0,0.0,0.0,698.281786941581,4233.95189003436,6.242618487813411e-15,0.0,14432.2589693604,698.281786941581
5062,0.0,0.0,0.0,0.0,704.352806414662,4233.95189003436,1.68262786928868e-14,0.0,8775.55255876584,704.352806414662
5063,0.0,0.0,0.0,0.0,702.061855670103,0.0,-3.99075228762234e-14,0.0,7971.3579932789,702.061855670103
5064,0.0,0.0,0.0,0.0,694.158075601375,428.505223436031,2.03324611824509e-14,0.0,6685.3748328695,694.158075601375
5065,0.0,0.0,0.0,0.0,688.201603665521,0.0,5.997338809865341e-15,0.0,5897.05684470739,688.201603665521
5066,0.0,0.0,0.0,0.0,685.337915234823,0.0,2.39547722373509e-14,0.0,5112.01914111653,685.337915234823
5067,0.0,0.0,0.0,0.0,683.276059564719,0.0,-2.58437252761384e-14,0.0,4329.34324241697,683.276059564719
5068,47.1612,0.0,0.0,0.0,636.716650630011,0.0,2.51189587363676e-14,0.0,3600.0,683.877850630011
5069,618.762886597938,0.0,0.0,505.850113402062,3.0605922884965403e-14,0.0,4.70885598399559e-31,0.0,3600.0,618.762886597938
5070,613.814432989691,0.0,0.0,3224.68556701031,-5.94006880189144e-14,0.0,-2.64249348961825e-30,0.0,3600.0,613.8144329896909
5071,619.587628865979,3056.95567010309,0.0,3810.55670103093,4.88626615213398e-14,-4.88626615213398e-14,-1.0744057295006e-30,0.0,6120.45995,619.587628865979
5072,614.432989690722,6054.88030927835,0.0,3810.55670103093,-1.9011912125332e-14,1.9011912125332e-14,1.24000240910292e-31,0.0,11112.708765,614.432989690722
5073,614.123711340206,8419.66958762887,0.0,3810.55670103093,2.3953054217663502e-14,-2.3953054217663502e-14,3.99114300843969e-31,0.0,18054.72634,614.123711340206
5074,619.072164948454,9931.07113402062,0.0,3810.55670103093,-8.45227927515668e-15,8.45227927515668e-15,1.97978180310728e-31,0.0,26242.89449,619.072164948454
5075,620.618556701031,5684.85474226804,0.0,3810.55670103093,3.7173834534759504e-14,-3.7173834534759504e-14,1.32821144357617e-30,0.0,30930.057225,620.618556701031
5076,619.484536082474,3950.0087628866,0.0,3810.55670103093,6.18820622413805e-14,-6.18820622413805e-14,-5.11549001168531e-30,0.0,34186.83945,619.4845360824742
5077,615.670103092784,4301.34319587629,0.0,3810.55670103093,-6.0646304734867e-14,6.0646304734867e-14,9.65121352900443e-31,0.0,37733.296915,615.6701030927838
5078,632.371134020619,3300.10216494845,-4.54747350886464e-13,3810.55670103093,-2.10689208010867e-14,2.10689208010867e-14,-9.71437233345471e-31,0.0,40454.23115,632.371134020619
5079,631.030927835052,5992.89237113402,9.09494701772928e-13,3810.55670103093,3.35848725284891e-14,-3.35848725284891e-14,-3.4423806545679103e-31,0.0,45395.37091,631.030927835052
5080,631.443298969072,1669.18,0.0,3810.55670103093,-2.23994945345471e-14,2.23994945345471e-14,6.670298757624751e-31,0.0,46771.60982,631.443298969072
5081,649.690721649484,0.0,-2.27373675443232e-13,2664.55927835052,5.88972390262761e-14,1273.3304696449,5.36790247300071e-30,0.0,45313.0411262487,649.6907216494841
5082,628.969072164948,0.0,0.0,748.501927835051,5.69625265016497e-14,3402.28308132875,-5.14947241161033e-30,0.0,41415.8096470634,628.9690721649481
5083,240.0132,0.0,0.0,-7.475724160666341e-14,416.36563115693,4233.95189003436,-2.4157803524437102e-14,0.0,36088.9854532589,656.37883115693
5084,0.0,0.0,0.0,0.0,694.158075601375,4233.95189003436,2.03324611824509e-14,0.0,30443.956855738,694.158075601375
5085,0.0,0.0,0.0,0.0,694.043528064147,4233.95189003436,9.645694959317811e-15,0.0,24799.0594696,694.043528064147
5086,0.0,0.0,0.0,0.0,697.938144329897,4233.95189003436,-2.5817680181585903e-14,0.0,19149.7008964451,697.938144329897
5087,0.0,0.0,0.0,0.0,698.85452462772,4233.95189003436,4.5238221212833703e-14,0.0,13499.2926322273,698.85452462772
5088,0.0,0.0,0.0,0.0,699.42726231386,0.0,-1.5014785393116902e-14,0.0,6398.8232963186,699.42726231386
5089,0.0,0.0,0.0,0.0,694.38717067583,0.0,2.7267765238071903e-14,0.0,5603.4198934826,694.38717067583
5090,0.0,0.0,0.0,0.0,37.0432371134026,0.0,570.961253999999,0.0,5560.98777765969,608.0044911134016
5091,0.0,0.0,0.0,0.0,0.0,0.0,600.9,0.0,5560.98777765969,600.9
5092,0.0,0.0,0.0,0.0,689.347079037801,0.0,-1.52600650710649e-14,0.0,4771.35767566908,689.347079037801
5093,0.0,0.0,0.0,0.0,676.174112256587,0.0,-4.4832153771484204e-15,0.0,3996.81688270621,676.174112256587
5094,293.5818,0.0,0.0,0.0,346.42113860252,0.0,9.59662773887707e-15,0.0,3600.0,640.00293860252
5095,607.422680412371,8.96160635411638e-14,2.4070774180452202e-14,339.938319587629,3.28643111577755e-14,0.0,-1.7276023455230797e-30,0.0,3600.0,607.422680412371
5096,612.989690721649,0.0,-1.13686837721616e-13,1673.01930927835,4.86612819242845e-14,0.0,2.2195196886778e-30,0.0,3600.0,612.989690721649
5097,613.505154639175,0.0,-1.13686837721616e-13,1252.62984536082,-2.4249250041665702e-14,0.0,3.8290956765750704e-31,0.0,3600.0,613.505154639175
5098,620.824742268041,0.0,-1.13686837721616e-13,2832.14525773196,7.22826891180475e-15,0.0,-2.33284617510447e-31,0.0,3600.0,620.824742268041
5099,630.20618556701,9266.02711340206,0.0,3810.55670103093,1.53281338921146e-14,-7.64294306540785e-14,1.20105326244337e-30,0.0,11239.839355,630.20618556701
5100,617.628865979381,9325.22443298969,0.0,3810.55670103093,5.5314150591586404e-14,-7.64294306540785e-14,-4.6341129479838106e-31,0.0,18928.4869,617.628865979381
5101,614.845360824742,2001.19793814433,0.0,3810.55670103093,5.52291935740787e-14,0.0,-2.4325590282091298e-30,0.0,20578.4746,614.845360824742
5102,617.835051546392,7090.70824742268,0.0,3810.55670103093,3.31821133343784e-14,0.0,7.34208208836463e-31,0.0,26424.76355,617.835051546392
5103,616.80412371134,1098.45917525773,0.0,3810.55670103093,4.48709403209587e-14,0.0,-1.6684089642403098e-30,0.0,27330.44314,616.80412371134
5104,624.639175257732,1603.86412371134,0.0,3810.55670103093,3.43792730847896e-15,0.0,1.08401511191036e-32,0.0,28652.82911,624.639175257732
5105,620.0,0.0,-1.13686837721616e-13,2611.3,-3.2149413588229003e-15,0.0,-6.09311464364866e-32,0.0,28652.82911,620.0
5106,625.773195876289,0.0,0.0,570.245804123711,-2.1270300398142e-14,2287.9514990552,-4.32214096198843e-31,0.0,26032.0370148623,625.773195876289
5107,29.51772,0.0,0.0,0.0,656.320517296678,4233.95189003436,4.4935291962560804e-14,0.0,20430.3504085266,685.838237296678
5108,0.0,0.0,0.0,0.0,684.306987399771,4233.95189003436,-4.33496669895565e-14,0.0,14796.6059899308,684.306987399771
5109,0.0,0.0,0.0,0.0,693.585337915235,4233.95189003436,-1.86631415425693e-14,0.0,9152.23344932419,693.585337915235
5110,0.0,0.0,0.0,0.0,696.334478808706,0.0,-3.28691128025428e-14,0.0,8354.59945297974,696.334478808706
5111,0.0,0.0,0.0,0.0,700.57273768614,0.0,-3.62721892740472e-14,0.0,7552.11063546985,700.57273768614
5112,0.0,0.0,0.0,0.0,697.021764032073,0.0,1.68132561456106e-14,0.0,6753.6893708283,697.021764032073
5113,0.0,0.0,0.0,0.0,692.210767468499,0.0,-1.87792701079053e-14,0.0,5960.77898426644,692.210767468499
5114,0.0,0.0,0.0,0.0,702.634593356243,0.0,-9.11920151203129e-16,0.0,5155.92836186525,702.634593356243
5115,0.0,0.0,0.0,0.0,693.356242840779,0.0,-4.00366739888355e-14,0.0,4361.70586147489,693.356242840779
5116,28.02255,0.0,0.0,0.0,664.969217067583,0.0,8.911927581798521e-15,0.0,3600.0,692.991767067583
5117,640.515463917526,0.0,0.0,244.904536082474,2.47585726058848e-14,0.0,9.969240332892331e-31,0.0,3600.0,640.515463917526
5118,660.824742268041,0.0,0.0,1302.24625773196,-3.97342922031526e-14,0.0,3.0176006555051903e-31,0.0,3600.0,660.824742268041
5119,848.041237113402,776.892061855669,4.54747350886464e-13,3810.55670103093,3.63016091550136e-14,-3.63016091550136e-14,2.61408305737805e-30,0.0,4240.547505,848.041237113402
5120,795.154639175258,1957.02865979381,4.54747350886464e-13,3810.55670103093,3.9896444732864903e-14,-3.9896444732864903e-14,1.27668307644891e-31,0.0,5854.117635,795.154639175258
5121,667.835051546392,5901.51824742268,0.0,3810.55670103093,3.4708193093313304e-14,-3.4708193093313304e-14,-3.93200596837578e-32,0.0,10719.91943,667.835051546392
5122,726.494845360825,7266.53845360825,0.0,3810.55670103093,1.3057998476143e-14,-1.3057998476143e-14,-6.788905407447261e-31,0.0,16711.180385,726.494845360825
5123,735.567010309278,9779.83628865979,0.0,3810.55670103093,6.02160656165749e-14,-6.02160656165749e-14,1.0283547572979199e-30,0.0,24774.655405,735.5670103092781
5124,678.969072164948,6500.16422680413,-9.09494701772928e-13,3810.55670103093,5.45818420777112e-14,-5.45818420777112e-14,9.61548380604036e-31,0.0,30134.04081,678.969072164948
5125,767.010309278351,9071.77298969072,0.0,3810.55670103093,1.95036139748087e-14,-1.95036139748087e-14,-4.10852688240434e-32,0.0,37613.71764,767.010309278351
5126,813.711340206186,7726.76195876289,0.0,3810.55670103093,-4.41837324460074e-14,4.41837324460074e-14,2.6162627769142796e-30,0.0,43984.432875,813.711340206186
5127,796.80412371134,5608.44917525773,9.09494701772928e-13,3810.55670103093,-5.3815550756833e-14,5.3815550756833e-14,6.04912862183267e-31,0.0,48608.59922,796.80412371134
5128,792.577319587629,2773.74597938144,0.0,3810.55670103093,9.865922092402382e-15,-9.865922092402382e-15,-6.4827320582070505e-31,0.0,50895.55278,792.577319587629
5129,767.010309278351,0.0,1.13686837721616e-13,3159.77969072165,1.95036139748087e-14,723.08556701031,-4.10852688240434e-32,0.0,50067.2760709389,767.010309278351
5130,755.360824742268,0.0,0.0,316.845175257732,-6.15917399889591e-14,3881.90169530355,2.9829258398864197e-30,0.0,45620.6532813587,755.3608247422679
5131,28.4638800000001,0.0,0.0,-7.475724160666341e-14,812.245173424971,4233.95189003436,-2.2886146003342502e-14,0.0,39840.3588214969,840.7090534249711
5132,0.0,0.0,0.0,0.0,849.369988545246,4233.95189003436,-3.1460398750935e-14,0.0,34017.5388002144,849.369988545246
5133,0.0,0.0,0.0,0.0,856.242840778923,4233.95189003436,3.94923966254249e-14,0.0,28186.8460959609,856.242840778923
5134,0.0,0.0,0.0,0.0,863.802978235968,4233.95189003436,-3.8369657712003503e-14,0.0,22347.4934404394,863.802978235968
5135,0.0,0.0,0.0,0.0,865.521191294387,4233.95189003436,-2.06314588679135e-14,0.0,16506.172614175,865.521191294387
5136,0.0,0.0,0.0,0.0,857.159221076747,0.0,-3.1385397017715903e-15,0.0,6218.14522213431,857.159221076747
5137,0.0,0.0,0.0,0.0,552.765635738832,0.0,270.0356,0.0,5584.96579975306,822.801235738832
5138,0.0,0.0,0.0,0.0,0.0,0.0,755.5,0.0,5584.96579975306,755.5
5139,0.0,0.0,0.0,0.0,0.0,0.0,748.5,0.0,5584.96579975306,748.5
5140,0.0,0.0,0.0,0.0,850.630011454754,0.0,-4.20310364087322e-14,0.0,4610.59007070981,850.630011454754
5141,0.0,0.0,0.0,0.0,882.245131729668,0.0,2.9193083740128303e-14,0.0,3600.0,882.245131729668
5142,788.453608247423,367.572391752577,0.0,0.0,5.66212300387236e-14,0.0,-1.99463505503247e-30,0.0,3903.063437,788.453608247423
5143,804.226804123711,2366.53319587629,0.0,0.0,-3.5357432523403205e-14,0.0,1.27510067816826e-30,0.0,5854.270057,804.226804123711
5144,702.989690721649,2351.73728876105,4.54747350886464e-13,2422.46302051729,-6.81963614611331e-16,0.0,-1.11280311788433e-33,0.0,7793.27745158349,702.989690721649
5145,822.783505154639,1878.21979381443,0.0,3810.55670103093,6.881098877297911e-15,0.0,1.9366129525410998e-31,0.0,9341.86967158349,822.783505154639
5146,755.257731958763,2379.36556701031,0.0,3810.55670103093,-4.85723392689184e-14,0.0,-1.0581584422983e-30,0.0,11303.6565815835,755.257731958763
5147,656.59793814433,2402.30536082474,0.0,3810.55670103093,2.00404164632093e-14,0.0,4.23718496217589e-31,0.0,13284.3573515835,656.59793814433
5148,642.577319587629,399.725979381442,2.27373675443232e-13,3810.55670103093,1.38091863272421e-15,0.0,-5.15839677497444e-32,0.0,13613.9314215835,642.577319587629
5149,680.0,0.0,1.13686837721616e-13,3622.48,4.2893015091130904e-14,0.0,-2.1452390083827397e-30,0.0,13613.9314215835,680.0
5150,746.494845360825,0.0,0.0,667.099154639175,-1.62834283556458e-14,0.0,2.73997408276433e-31,0.0,13613.9314215835,746.494845360825
5151,730.721649484536,0.0,0.0,718.260350515464,-5.0623474373092405e-14,0.0,-8.03055613256641e-31,0.0,13613.9314215835,730.721649484536
5152,196.0563,0.0,0.0,0.0,557.41739862543,0.0,-4.46679600218859e-15,0.0,12975.423519378,753.47369862543
5153,282.8568,0.0,0.0,0.0,464.179729667812,0.0,2.23682045857526e-14,0.0,12443.7170707321,747.036529667812
5154,691.649484536083,0.0,0.0,568.752515463917,5.483188841072161e-15,0.0,-2.1745184070409e-31,0.0,12443.7170707321,691.649484536083
5155,0.0,0.0,0.0,0.0,762.886597938144,0.0,3.5120149629254204e-14,0.0,11569.8492609519,762.886597938144
5156,0.0,0.0,0.0,0.0,772.966781214204,0.0,2.0927200916557e-14,0.0,10684.4348494809,772.966781214204
5157,0.0,0.0,0.0,0.0,785.796105383734,0.0,6.966509334531661e-15,0.0,9784.32476313065,785.796105383734
5158,0.0,0.0,0.0,0.0,779.381443298969,0.0,-3.56774495399411e-14,0.0,8891.56251422003,779.381443298969
5159,0.0,0.0,0.0,0.0,782.474226804124,0.0,-1.78231221305152e-14,0.0,7995.25755797247,782.474226804124
5160,0.0,0.0,0.0,0.0,783.505154639175,0.0,4.9481317096392205e-14,0.0,7097.77169927926,783.505154639175
5161,0.0,0.0,0.0,0.0,778.923253150057,0.0,3.52623232891426e-14,0.0,6205.53429590004,778.923253150057
5162,0.0,0.0,0.0,0.0,771.477663230241,0.0,2.4562534518733203e-14,0.0,5321.82563240606,771.477663230241
5163,0.0,0.0,0.0,0.0,768.843069873998,0.0,4.9455272001839703e-14,0.0,4441.13483071763,768.843069873998
5164,26.02758,0.0,0.0,0.0,734.310707216495,0.0,1.6879494614870302e-14,0.0,3600.0,760.338287216495
5165,704.742268041237,8.18557748267398e-14,3.18310628948763e-14,68.0577319587627,1.89053487552235e-14,0.0,1.7242216488148602e-31,0.0,3600.0,704.742268041237
5166,642.371134020619,0.0,0.0,885.009865979381,3.1326484255679e-14,0.0,1.8542498784658497e-30,0.0,3600.0,642.371134020619
5167,540.618556701031,0.0,-2.27373675443232e-13,2984.95144329897,8.6870123679743e-15,0.0,-3.0169085006504103e-31,0.0,3600.0,540.618556701031
5168,677.628865979381,282.44443298969,-1.13686837721616e-13,3810.55670103093,-1.7083073172286402e-14,0.0,1.02672797912859e-30,0.0,3832.875435,677.628865979381
5169,728.041237113402,2843.59206185567,0.0,3810.55670103093,5.86841122860592e-14,-7.64294306540785e-14,-5.05806183954283e-30,0.0,6177.41709,728.0412371134021
5170,730.515463917526,0.0,-1.13686837721616e-13,1079.38753608247,-2.0677908750137602e-14,445.035933888325,7.58440447829979e-31,0.0,5667.63938795152,730.515463917526
5171,732.474226804124,5059.24907216495,0.0,3810.55670103093,-3.10361620032576e-14,0.0,1.5225905117987999e-30,0.0,9838.99024795151,732.474226804124
5172,683.092783505155,0.0,1.13686837721616e-13,2827.44721649484,1.17332983142634e-14,0.0,-4.445854093711321e-31,0.0,9838.99024795151,683.092783505155
5173,684.432989690722,0.0,2.27373675443232e-13,3287.56701030928,-3.9013730832439e-14,0.0,1.68512434561681e-30,0.0,9838.99024795151,684.432989690722
5174,704.742268041237,2660.22103092784,0.0,3810.55670103093,1.89053487552235e-14,0.0,1.7242216488148602e-31,0.0,12032.3424879515,704.742268041237
5175,696.701030927835,0.0,0.0,974.826969072165,-4.38483095546621e-14,0.0,-1.8891148829610097e-30,0.0,12032.3424879515,696.701030927835
5176,678.144329896907,0.0,2.27373675443232e-13,2801.25567010309,4.41386318070836e-14,0.0,-2.4344928883788997e-31,0.0,12032.3424879515,678.144329896907
5177,684.020618556701,0.0,0.0,558.570381443299,1.3063872047723701e-14,0.0,6.7164976255269605e-31,0.0,12032.3424879515,684.020618556701
5178,678.865979381443,0.0,0.0,420.526020618557,-5.4810701598948103e-14,3766.70075601375,-2.2619976885840698e-30,0.0,7717.67953719121,678.865979381443
5179,157.4196,0.0,0.0,0.0,568.617397479954,0.0,2.8977029482533e-14,0.0,7066.34231212826,726.0369974799539
5180,0.0,0.0,0.0,0.0,754.524627720504,0.0,-4.66355405355747e-14,0.0,6202.05293329607,754.524627720504
5181,0.0,0.0,0.0,0.0,756.013745704467,0.0,-3.58326457471057e-14,0.0,5336.05780648683,756.013745704467
5182,0.0,0.0,0.0,0.0,756.128293241695,0.0,-2.5145879523972602e-14,0.0,4469.93146829474,756.128293241695
5183,0.0,0.0,0.0,0.0,759.450171821306,0.0,-3.56248058925768e-16,0.0,3600.0,759.450171821306
5184,0.0,0.0,0.0,0.0,752.920962199313,0.0,4.55616361744392e-14,0.0,6337.54758052771,752.920962199313
5185,0.0,0.0,0.0,0.0,749.369988545246,0.0,1.38367006537714e-14,0.0,5479.16271392376,749.369988545246
5186,0.0,0.0,0.0,0.0,0.0,0.0,662.2,0.0,5479.16271392376,662.2
5187,0.0,0.0,0.0,0.0,353.834412573083,0.0,343.602557823699,0.0,5073.85410845631,697.436970396782
5188,7.16358,0.0,0.0,0.0,745.534166552119,0.0,-4.06261084035149e-14,0.0,4219.86308147794,752.697746552119
5189,691.855670103093,18.1063298969071,0.0,0.0,-2.44623767818826e-14,0.0,9.75754379241064e-31,0.0,4234.79175047794,691.855670103093
5190,211.5534,0.0,0.0,0.0,554.173198167239,0.0,2.54270794609241e-14,0.0,3600.0,765.726598167239
5191,818.041237113402,1.29772381014191e-14,-1.29772381014191e-14,2814.6587628866,9.340866747163332e-15,0.0,2.1065249521661902e-31,0.0,3600.0,818.041237113402
5192,827.731958762887,780.491340206185,-3.41060513164848e-13,3810.55670103093,-2.5524234615522302e-14,0.0,-7.47482527913107e-33,0.0,4243.51511,827.731958762887
5193,827.525773195876,0.0,1.13686837721616e-13,2763.98422680412,5.14566824559087e-16,561.78869103,2.29456088227077e-33,0.0,3600.0,827.525773195876
5194,831.030927835052,9597.37237113402,0.0,3810.55670103093,3.96891915642288e-14,-7.64294306540785e-14,2.0710534225258697e-30,0.0,11513.03352,831.030927835052
5195,836.59793814433,3748.07536082474,0.0,3810.55670103093,5.1579398147864404e-14,-7.64294306540785e-14,1.88391539333425e-30,0.0,14603.321655,836.59793814433
5196,853.60824742268,10265.3350515464,0.0,3810.55670103093,4.8191815738649305e-14,-7.64294306540785e-14,2.4269450281864297e-30,0.0,23067.090405,853.60824742268
5197,828.041237113402,4897.20206185567,0.0,3810.55670103093,6.1736271803929e-14,-7.64294306540785e-14,4.41369074754382e-30,0.0,27104.833505,828.0412371134021
5198,833.711340206185,1175.25195876289,0.0,3810.55670103093,5.67003134846506e-14,0.0,-1.37602762491914e-30,0.0,28073.828745,833.711340206185
5199,813.711340206186,3550.22195876289,0.0,3810.55670103093,-4.41837324460074e-14,0.0,2.6162627769142796e-30,0.0,31000.98675,813.711340206186
5200,808.144329896907,0.0,1.13686837721616e-13,2950.52567010309,-5.2167174846769604e-14,955.590034364262,1.4282563074348598e-30,0.0,29906.38189964,808.144329896907
5201,806.59793814433,0.0,0.0,2392.06206185567,2.46186557400141e-14,1576.10515463918,8.578359716886981e-31,0.0,28100.9922608781,806.59793814433
5202,802.164948453608,0.0,0.0,117.281051546392,-1.1979778550242501e-14,4103.63961053837,6.01919753562376e-31,0.0,23400.3741502957,802.164948453608
5203,147.5133,0.0,0.0,0.0,717.081442153494,4233.95189003436,-1.1004385949758201e-14,0.0,17729.0874009397,864.5947421534939
5204,0.0,0.0,0.0,0.0,885.223367697595,4218.73061591151,3.6360644926421e-14,0.0,11882.6338114676,885.223367697595
5205,0.0,0.0,0.0,0.0,887.17067583047,0.0,-3.82144615048388e-14,0.0,10866.4016512953,887.17067583047
5206,0.0,0.0,0.0,0.0,884.192439862543,0.0,-4.5382022691131604e-14,0.0,9853.58098707699,884.192439862543
5207,0.0,0.0,0.0,0.0,891.294387170676,0.0,4.69443051314945e-14,0.0,8832.62521712204,891.294387170676
5208,0.0,0.0,0.0,0.0,890.950744558992,0.0,2.9322234852740403e-14,0.0,7812.06308131563,890.950744558992
5209,0.0,0.0,0.0,0.0,888.888888888889,0.0,-2.0476262660748802e-14,0.0,6793.86275040052,888.888888888889
5210,0.0,0.0,0.0,0.0,895.876288659794,0.0,-3.80853103922267e-14,0.0,5767.65852513157,895.876288659794
5211,0.0,0.0,0.0,0.0,895.074455899198,0.0,7.94163767457686e-16,0.0,4742.37277954257,895.074455899198
5212,13.96647,0.0,0.0,0.0,878.868870675831,0.0,2.9528146808878504e-14,0.0,3735.65013272031,892.8353406758309
5213,710.43,0.0,0.0,0.0,118.422565864834,0.0,-4.9623903815202e-15,0.0,3600.0,828.852565864834
5214,834.020618556701,0.0,0.0,1565.9913814433,1.76421113245285e-14,0.0,-2.71583902492082e-31,0.0,3600.0,834.020618556701
5215,889.072164948454,2369.21113402062,4.54747350886464e-13,3810.55670103093,-2.2349778946524e-14,2.2349778946524e-14,4.23403514522435e-32,0.0,5553.41458,889.072164948454
5216,913.60824742268,489.92505154639,1.13686837721616e-13,3810.55670103093,-2.81121722080969e-14,2.81121722080969e-14,-2.1717576127910503e-31,0.0,5957.357785,913.60824742268
5217,984.329896907216,1239.49340206185,0.0,3810.55670103093,-2.07446157416622e-14,2.07446157416622e-14,-1.1258048695464901e-31,0.0,6979.320095,984.329896907216
5218,986.494845360825,9443.01845360825,0.0,3810.55670103093,-5.71416704348635e-14,5.71416704348635e-14,-2.2850709827434897e-30,0.0,14765.08881,986.4948453608248
5219,984.742268041237,3974.00103092783,4.54747350886464e-13,3810.55670103093,5.34964899577484e-14,-5.34964899577484e-14,-2.6691397560740697e-30,0.0,18041.65266,984.742268041237
5220,951.855670103093,5812.07762886598,-9.09494701772928e-13,3810.55670103093,3.16566628866843e-14,-3.16566628866843e-14,-1.44575763390946e-30,0.0,22833.710665,951.855670103093
5221,950.824742268041,9589.44855670103,0.0,3810.55670103093,4.33454898732646e-14,-4.33454898732646e-14,1.66102975507732e-30,0.0,30740.211,950.824742268041
5222,932.371134020619,7997.56216494845,9.09494701772928e-13,3810.55670103093,-1.1912442247477201e-14,1.1912442247477201e-14,-1.03202282403252e-31,0.0,37334.201005,932.371134020619
5223,914.639175257732,5634.76412371134,9.09494701772928e-13,3810.55670103093,-3.58942350118038e-14,3.58942350118038e-14,-1.9444053679051497e-30,0.0,41980.064025,914.639175257732
5224,886.701030927835,2672.60226804124,-4.54747350886464e-13,3810.55670103093,0.0,0.0,3.49951453840403e-14,0.0,44183.624595,886.701030927835
5225,873.917525773196,0.0,-5.684341886080799e-13,2911.9924742268,-1.63010490703882e-14,998.404696449026,-1.02292122058406e-30,0.0,43039.9766036494,873.917525773196
5226,865.979381443299,0.0,0.0,69.1206185567008,3.42446004792589e-14,4157.15120274914,1.5186455831222899e-30,0.0,38278.0622820582,865.979381443299
5227,156.9099,0.0,0.0,-7.475724160666341e-14,777.545701030928,4233.95189003436,3.74199261817248e-14,0.0,32537.5152132549,934.455601030928
5228,0.0,0.0,0.0,0.0,956.013745704467,4233.95189003436,-1.27400068349025e-14,0.0,26592.5373945392,956.013745704467
5229,0.0,0.0,0.0,0.0,952.348224513173,4233.95189003436,2.9658672361622203e-14,0.0,20651.7583400746,952.348224513173
5230,0.0,0.0,0.0,0.0,953.264604810997,4233.95189003436,1.46596442507096e-15,0.0,14709.9295945473,953.264604810997
5231,0.0,0.0,0.0,0.0,957.617411225659,4233.95189003436,-5.68857421394558e-15,0.0,8763.11481647169,957.617411225659
5232,0.0,0.0,0.0,0.0,950.171821305842,0.0,-1.6388362984354902e-14,0.0,6111.6015792602,950.171821305842
5233,0.0,0.0,0.0,0.0,950.28636884307,0.0,-5.70159676122183e-15,0.0,5023.07194713756,950.28636884307
5234,0.0,0.0,0.0,0.0,952.348224513173,0.0,2.9658672361622203e-14,0.0,3932.18051012361,952.348224513173
5235,0.0,0.0,0.0,0.0,289.993585337915,0.0,579.6356,0.0,3600.0,869.629185337915
5236,0.0,0.0,0.0,0.0,0.0,0.0,825.0,0.0,3600.0,825.0
5237,704.001,0.0,0.0,0.0,0.0,0.0,150.21903,0.0,3600.0,854.22003
5238,851.958762886598,2705.9212371134,0.0,0.0,0.0,0.0,1.3605794612379501e-14,0.0,5831.03206,851.958762886598
5239,863.092783505155,6434.85721649485,0.0,0.0,4.3272279998918403e-14,0.0,2.3929626282614096e-30,0.0,11136.571835,863.092783505155
5240,868.453608247423,9573.82639175258,0.0,0.0,-4.1210656374064504e-14,0.0,4.50598809760509e-31,0.0,19030.191695,868.453608247423
5241,869.79381443299,11951.966185567,0.0,0.0,3.04542588759331e-14,0.0,-2.3692830697958198e-30,0.0,28884.587815,869.79381443299
5242,875.773195876289,12000.0,0.0,1427.05680412371,-1.36399016034674e-14,0.0,-1.6780201725229e-31,0.0,38778.587815,875.773195876289
5243,880.103092783505,12000.0,0.0,2030.85690721649,3.9884697589703304e-14,0.0,-2.5734122989499496e-30,0.0,48672.587815,880.103092783505
5244,880.103092783505,10431.1569072165,0.0,0.0,3.9884697589703304e-14,0.0,-2.5734122989499496e-30,0.0,57273.076685,880.103092783505
5245,887.422680412371,3761.7506185567,0.0,3810.55670103093,-5.8863256219273e-14,0.0,-2.37648155481099e-30,0.0,60374.64007,887.4226804123709
5246,902.577319587629,6539.27445118253,0.0,1338.66822922984,6.14067224841645e-14,0.0,-7.492004134105621e-31,0.0,65766.271855,902.5773195876292
5247,917.216494845361,2314.36680412371,0.0,3810.55670103093,-1.95694818846789e-15,-7.64294306540785e-14,-1.3324385720779302e-31,0.0,67674.467285,917.216494845361
5248,921.546391752577,879.966907216495,0.0,3810.55670103093,4.7660886821829403e-14,0.0,5.579792854104451e-31,0.0,68400.0,921.546391752577
5249,954.432989690722,0.0,-1.13686837721616e-13,1532.60601030928,-6.07247588695532e-14,2531.05632302406,-2.6069801884790297e-30,0.0,65500.7373161236,954.432989690722
5250,560.577,0.0,0.0,-7.475724160666341e-14,442.88695303551,4233.95189003436,-2.42812224495106e-14,0.0,60143.533601267,1003.46395303551
5251,181.1121,0.0,0.0,-7.475724160666341e-14,885.591366552119,4233.95189003436,1.37376179171016e-14,0.0,54279.2228835276,1066.703466552119
5252,0.0,0.0,0.0,0.0,1121.53493699885,4233.95189003436,-5.73522830347193e-14,0.0,48144.6446165938,1121.53493699885
5253,0.0,0.0,0.0,0.0,1154.41008018328,4233.95189003436,-9.59474098746269e-14,0.0,41972.4086827821,1154.41008018328
5254,0.0,0.0,0.0,0.0,1167.01030927835,4233.95189003436,5.2777356368377904e-14,0.0,35785.7394968568,1167.01030927835
5255,0.0,0.0,0.0,0.0,1205.26918671249,4233.95189003436,8.87703585070065e-14,0.0,29555.2457090598,1205.26918671249
5256,0.0,0.0,0.0,0.0,1222.68041237113,4233.95189003436,6.015220395094041e-14,0.0,23304.8077910695,1222.68041237113
5257,0.0,0.0,0.0,0.0,1249.48453608247,4233.95189003436,-8.827519242501141e-14,0.0,17023.6664094924,1249.48453608247
5258,0.0,0.0,0.0,0.0,1280.52691867125,0.0,-7.048490339181651e-14,0.0,15556.8543606135,1280.52691867125
5259,0.0,0.0,0.0,0.0,1302.17640320733,0.0,-7.362967763809651e-14,0.0,14065.243360376,1302.17640320733
5260,0.0,0.0,0.0,0.0,1327.94959908362,91.8555979381446,-6.05391363868858e-15,0.0,12438.8914737531,1327.94959908362
5261,732.6,0.0,0.0,-7.475724160666341e-14,492.643757159221,4233.95189003436,1.3608036932238601e-14,0.0,7024.69256516941,1225.243757159221
5262,1133.60824742268,0.0,0.0,1119.77575257732,7.88761927583008e-14,2989.7566093929,9.60527605901912e-31,0.0,3600.0,1133.60824742268
5263,1145.05154639175,1521.87175257732,0.0,3810.55670103093,-5.88135406312499e-14,5.88135406312499e-14,2.50823348294233e-30,0.0,4854.78326,1145.05154639175
5264,1144.84536082474,4456.01793814433,0.0,3810.55670103093,-3.27747391911686e-14,3.27747391911686e-14,-6.45305193635598e-32,0.0,8528.77005,1144.84536082474
5265,1174.53608247423,3439.17721649485,4.54747350886464e-13,3810.55670103093,3.32442053768038e-14,-3.32442053768038e-14,-1.42894820145067e-31,0.0,11364.371665,1174.53608247423
5266,1157.62886597938,8127.47443298969,-9.09494701772928e-13,3810.55670103093,2.75191512488517e-14,-2.75191512488517e-14,-7.746869525153491e-31,0.0,18065.474335,1157.62886597938
5267,1143.19587628866,7137.62742268041,9.09494701772928e-13,3810.55670103093,-6.14746880981707e-14,6.14746880981707e-14,-5.2336414229688795e-30,0.0,23950.448145,1143.19587628866
5268,1137.83505154639,5904.64824742268,0.0,3810.55670103093,-1.11123988670508e-13,1.11123988670508e-13,-3.8577104575217896e-30,0.0,28818.830625,1137.83505154639
5269,1144.53608247423,6617.91721649484,0.0,3810.55670103093,-1.16128481427746e-13,1.16128481427746e-13,-5.8608405908575494e-30,0.0,34275.30337,1144.5360824742295
5270,1142.88659793814,7031.31670103093,0.0,3810.55670103093,1.07808986824398e-13,-1.07808986824398e-13,1.11289676839247e-30,0.0,40072.62399,1142.88659793814
5271,1095.46391752577,4937.9693814433,-9.09494701772928e-13,3810.55670103093,-1.20230751636094e-13,1.20230751636094e-13,5.668174191352849e-30,0.0,44143.979745,1095.4639175257698
5272,923.60824742268,1364.83505154639,0.0,3810.55670103093,2.4283232848668802e-14,-2.4283232848668802e-14,-1.46190930499561e-31,0.0,45269.286245,923.60824742268
5273,925.360824742268,0.0,1.13686837721616e-13,2253.40917525773,3.9963781035630205e-14,1730.16391752577,-1.9548048688366197e-30,0.0,43287.4260874676,925.360824742268
5274,947.010309278351,0.0,0.0,254.294690721649,5.10425956594638e-14,3951.40223367698,-1.3355906527391598e-30,0.0,38761.1921428204,947.010309278351
5275,70.8285000000001,0.0,0.0,-7.475724160666341e-14,1026.68540091638,4233.95189003436,-7.86665214730739e-14,0.0,32735.2616835412,1097.5139009163802
5276,0.0,0.0,0.0,0.0,1307.7892325315,4233.95189003436,2.23319837867058e-14,0.0,26387.3337080935,1307.7892325315
5277,0.0,0.0,0.0,0.0,1318.67124856816,4233.95189003436,6.8508170245295e-14,0.0,20026.940651275,1318.67124856816
5278,0.0,0.0,0.0,0.0,1420.5040091638,4233.95189003436,-6.205080181380431e-14,0.0,13549.900675103,1420.5040091638
5279,0.0,0.0,0.0,0.0,1421.19129438717,4233.95189003436,-2.68066612562962e-14,0.0,7072.07343063392,1421.19129438717
5280,0.0,0.0,0.0,0.0,244.656156701031,0.0,1002.9151752,0.0,6919.75239782242,1247.571331901031
5281,0.0,0.0,0.0,0.0,0.0,0.0,1220.2,0.0,6919.75239782242,1220.2
5282,0.0,0.0,0.0,0.0,0.0,0.0,1179.4,0.0,6919.75239782242,1179.4
5283,0.0,0.0,0.0,0.0,0.0,0.0,1214.1,0.0,6919.75239782242,1214.1
5284,0.0,0.0,0.0,0.0,1366.43757159221,0.0,5.1312620946206205e-14,0.0,5354.53181180614,1366.43757159221
5285,13.11384,0.0,0.0,0.0,1531.70627170676,0.0,1.36347933329737e-14,0.0,3600.0,1544.82011170676
5286,1502.26804123711,1030.39495876289,0.0,0.0,-3.634062645194311e-15,0.0,1.16884087854834e-32,0.0,4449.5606435,1502.26804123711
5287,1498.86597938144,0.0,0.0,2258.15402061856,6.65838562917953e-14,0.0,-7.2738220187935105e-31,0.0,4449.5606435,1498.86597938144
5288,1548.45360824742,835.629690721648,0.0,3810.55670103093,-1.24636349862507e-13,-7.64294306540785e-14,-1.0520766611081699e-29,0.0,5138.5373235,1548.45360824742
5289,1524.74226804124,204.051030927834,0.0,3810.55670103093,1.78879622492669e-14,0.0,-2.30126416448957e-31,0.0,5306.7773985,1524.74226804124
5290,1547.83505154639,4099.46824742268,0.0,3810.55670103093,-3.8706417176516e-14,0.0,1.0482706329127698e-30,0.0,8686.7889685,1547.83505154639
5291,1598.65979381443,2441.87350515464,0.0,3810.55670103093,1.03488345615493e-13,0.0,-2.0880871765042197e-30,0.0,10700.1136735,1598.65979381443
5292,1574.0206185567,3717.39268041237,0.0,3810.55670103093,-1.18620973482133e-14,0.0,4.506675035680351e-31,0.0,13765.1039385,1574.0206185567
5293,1297.73195876289,344.802877525302,3.97903932025656e-13,2424.86516371181,8.909452914555e-14,0.0,5.72894803325532e-32,0.0,14049.3939110196,1297.73195876289
5294,1282.88659793814,7015.23340206185,0.0,0.0,5.2178292678690405e-14,0.0,-1.28308615163742e-30,0.0,19833.4538510196,1282.88659793814
5295,1307.11340206186,6592.69659793814,0.0,0.0,-2.5217550270840102e-14,0.0,-4.455367077488e-31,0.0,25269.1321960196,1307.11340206186
5296,1336.28865979381,1608.70463917526,0.0,3810.55670103093,-1.65135464993643e-14,0.0,-6.28868239234869e-31,0.0,26595.5091710196,1336.28865979381
5297,1323.50515463918,0.0,-2.27373675443232e-13,2167.17484536082,-7.68074369393845e-14,0.0,-2.67341408711485e-30,0.0,26595.5091710196,1323.50515463918
5298,895.596,0.0,0.0,0.0,483.81658648339,0.0,1.80829868172399e-14,0.0,26041.3091865025,1379.41258648339
5299,140.9583,0.0,0.0,0.0,1323.90658533792,4233.95189003436,-6.97257245979125e-14,0.0,19674.9191803487,1464.86488533792
5300,0.0,0.0,0.0,0.0,1439.06071019473,0.0,1.61987058614605e-14,0.0,18026.5105776056,1439.06071019473
5301,0.0,0.0,0.0,0.0,1390.49255441008,0.0,-9.73470325604174e-14,0.0,16433.7356011909,1390.49255441008
5302,0.0,0.0,0.0,0.0,1500.45819014891,0.0,4.54116001516328e-14,0.0,14714.9976972402,1500.45819014891
5303,0.0,0.0,0.0,0.0,1493.35624284078,0.0,-4.6914727670993304e-14,0.0,13004.3948990263,1493.35624284078
5304,0.0,0.0,0.0,0.0,1376.97594501718,0.0,-4.8258328986219905e-14,0.0,11427.1028657878,1376.97594501718
5305,0.0,0.0,0.0,0.0,1430.81328751432,0.0,7.3254848032026e-14,0.0,9788.1414826099,1430.81328751432
5306,0.0,0.0,0.0,0.0,1472.73768613975,0.0,-6.12758951381314e-14,0.0,8101.15673330893,1472.73768613975
5307,0.0,0.0,0.0,0.0,1481.09965635739,0.0,6.041566636052291e-15,0.0,6404.59355305991,1481.09965635739
5308,0.0,0.0,0.0,0.0,1467.92668957617,0.0,2.38018793932357e-15,0.0,4723.11968183864,1467.92668957617
5309,669.936,0.0,0.0,0.0,980.483482245132,0.0,-1.70166396844615e-14,0.0,3600.0,1650.419482245132
5310,1586.59793814433,0.0,0.0,1179.34206185567,7.447059453188831e-14,0.0,-4.20960407240553e-30,0.0,3600.0,1586.59793814433
5311,1668.24742268041,1139.67587628866,0.0,3810.55670103093,9.245421208975641e-15,-7.64294306540785e-14,6.522450568058361e-31,0.0,4539.66276,1668.24742268041
5312,1606.28865979381,717.434639175258,0.0,3810.55670103093,9.59076624088417e-14,-7.64294306540785e-14,1.15486464178666e-30,0.0,5131.18762,1606.28865979381
5313,1583.9175257732,6803.19577319587,0.0,3810.55670103093,-6.88592359681069e-14,-7.64294306540785e-14,1.4301596867071298e-30,0.0,10740.422535,1583.9175257732
5314,1684.22680412371,8188.75649484536,0.0,3810.55670103093,9.73313742059402e-15,-7.64294306540785e-14,1.6559537540744502e-31,0.0,17492.052265,1684.22680412371
5315,1748.24742268041,8727.67587628866,0.0,3810.55670103093,-9.249322938668591e-14,-7.64294306540785e-14,3.40569998722192e-31,0.0,24688.021025,1748.24742268041
5316,1712.68041237113,8554.92288659794,0.0,3810.55670103093,-5.0254697985984806e-15,-7.64294306540785e-14,6.36481756323933e-32,0.0,31741.554945,1712.68041237113
5317,1514.12371134021,7876.78958762886,0.0,3810.55670103093,4.36089615127453e-14,-7.64294306540785e-14,-2.50999869208261e-30,0.0,38235.96796,1514.12371134021
5318,1518.76288659794,6470.55041237113,0.0,3810.55670103093,6.19821227286674e-14,-7.64294306540785e-14,1.70044595255517e-30,0.0,43570.936775,1518.76288659794
5319,1490.61855670103,0.0,-2.27373675443232e-13,3352.82144329897,-9.25429449747089e-14,508.594730813288,-4.544145039031119e-30,0.0,42988.3540363823,1490.61855670103
5320,1449.48453608247,1514.8887628866,0.0,3810.55670103093,-1.30586277873838e-14,-7.64294306540785e-14,-4.996687695367921e-31,0.0,44237.3798213823,1449.48453608247
5321,1407.52577319588,0.0,0.0,1973.89422680412,-8.20565219988798e-14,2040.73608247423,3.1485214761328398e-30,0.0,41899.7668975859,1407.52577319588
5322,750.336,0.0,0.0,-7.475724160666341e-14,722.765269186712,4233.95189003436,7.65035194161128e-15,0.0,36221.969464343,1473.101269186712
5323,117.0582,0.0,0.0,-7.475724160666341e-14,1374.63178235968,4233.95189003436,-9.608968230239731e-15,0.0,29797.4749942467,1491.68998235968
5324,0.0,0.0,0.0,0.0,1499.65635738832,4233.95189003436,5.54146175300266e-14,0.0,23229.7679525254,1499.65635738832
5325,0.0,0.0,0.0,0.0,1522.45131729668,4233.95189003436,-6.82361699281545e-14,0.0,16635.949845617,1522.45131729668
5326,0.0,0.0,0.0,0.0,1573.53951890034,4233.95189003436,2.4168293178129e-14,0.0,9983.61146195753,1573.53951890034
5327,0.0,0.0,0.0,0.0,1561.97021764032,4010.92258864861,-5.725203383796841e-14,0.0,3600.0,1561.97021764032
5328,0.0,0.0,0.0,0.0,1519.70217640321,0.0,-3.95919702775359e-14,0.0,5459.21858373058,1519.70217640321
5329,0.0,0.0,0.0,0.0,688.948361970218,0.0,792.04808,0.0,4670.04520232139,1480.996441970218
5330,0.0,0.0,0.0,0.0,0.0,0.0,1337.2,0.0,4670.04520232139,1337.2
5331,0.0,0.0,0.0,0.0,0.0,0.0,1339.4,0.0,4670.04520232139,1339.4
5332,0.0,0.0,0.0,0.0,0.0,0.0,1196.3,0.0,4670.04520232139,1196.3
5333,557.616,0.0,0.0,0.0,934.149461626575,0.0,4.4746694281674904e-14,0.0,3600.0,1491.765461626575
5334,1525.36082474227,-8.36751935755812e-14,8.36751935755812e-14,1592.98917525773,-6.02284420709772e-14,0.0,-7.759412526266199e-31,0.0,3600.0,1525.36082474227
5335,1574.12371134021,1174.12958762887,0.0,3810.55670103093,9.753044632844591e-14,0.0,-4.57839848791515e-31,0.0,4568.069845,1574.12371134021
5336,1498.24742268041,4183.40587628866,0.0,3810.55670103093,-1.00123628181361e-13,-7.64294306540785e-14,-1.30119322074025e-30,0.0,8017.28799,1498.24742268041
5337,1538.86597938144,4441.70731958763,0.0,3810.55670103093,1.57145309939645e-14,-7.64294306540785e-14,1.1828069798526598e-30,0.0,11679.475675,1538.86597938144
5338,1546.59793814433,5938.47536082474,0.0,3810.55670103093,1.25339919829719e-13,-7.64294306540785e-14,-6.10388692073988e-31,0.0,16575.74861,1546.5979381443303
5339,1556.28865979381,5547.93463917526,0.0,3810.55670103093,9.438158264990681e-14,0.0,-3.5810116517566696e-30,0.0,21150.02072,1556.28865979381
5340,1533.09278350515,5781.22051546392,0.0,3810.55670103093,4.1583418399030504e-14,0.0,1.81152072788818e-31,0.0,25916.637035,1533.09278350515
5341,1392.37113402062,4988.52216494845,0.0,3810.55670103093,5.03109164568294e-14,0.0,2.6452794734606597e-30,0.0,30029.67356,1392.37113402062
5342,1456.90721649485,2823.62608247422,0.0,3810.55670103093,5.39949044604604e-15,0.0,1.7051904644819702e-31,0.0,32357.753265,1456.90721649485
5343,1439.07216494845,0.0,0.0,1572.86783505155,-1.33764299639867e-14,0.0,-2.06777042864561e-31,0.0,32357.753265,1439.07216494845
5344,863.895,0.0,0.0,0.0,574.480927835052,0.0,-1.8874713476018e-14,0.0,31699.6995103207,1438.375927835052
5345,1360.41237113402,0.0,0.0,1013.88062886598,4.1521955667845904e-14,3107.41785796105,-1.89523900949579e-30,0.0,28140.2288826448,1360.41237113402
5346,1208.934,0.0,0.0,0.0,151.470813287514,2735.10808367723,5.186021946612691e-15,0.0,24833.72384603,1360.404813287514
5347,34.2201,0.0,0.0,0.0,1449.95017525773,0.0,-9.883303033707281e-14,0.0,23172.8416292399,1484.17027525773
5348,0.0,0.0,0.0,0.0,1497.36540664376,0.0,9.792942529188721e-14,0.0,21457.6464326262,1497.36540664376
5349,0.0,0.0,0.0,0.0,1469.75945017182,0.0,-8.28816847150694e-14,0.0,19774.0731792793,1469.75945017182
5350,0.0,0.0,0.0,0.0,1533.21878579611,0.0,8.09400880289177e-14,0.0,18017.8088198336,1533.21878579611
5351,0.0,0.0,0.0,0.0,1451.43184421535,0.0,5.87395587178736e-14,0.0,16355.2293877427,1451.43184421535
5352,0.0,0.0,0.0,0.0,1365.75028636884,0.0,-1.28079763925924e-14,0.0,14790.7960700235,1365.75028636884
5353,0.0,0.0,0.0,0.0,1381.67239404353,0.0,-8.91434056519186e-15,0.0,13208.1243700882,1381.67239404353
5354,0.0,0.0,0.0,0.0,1359.67926689576,0.0,7.5856972733305e-14,0.0,11650.6452556601,1359.67926689576
5355,0.0,0.0,0.0,0.0,1393.24169530355,0.0,7.25059864509055e-14,0.0,10054.7212060569,1393.24169530355
5356,0.0,0.0,0.0,0.0,1324.28407789233,0.0,-6.29038437731347e-14,0.0,8537.78640892941,1324.28407789233
5357,140.2062,0.0,0.0,0.0,1422.79494387171,0.0,5.80065683377592e-14,0.0,6908.00984092059,1563.0011438717102
5358,1450.72164948454,304.629350515464,0.0,0.0,7.553245236552791e-14,0.0,-4.71672586853558e-31,0.0,7159.17674042059,1450.72164948454
5359,1554.53608247423,0.0,0.0,3149.10391752577,-5.15244382995014e-14,0.0,1.79542949691908e-30,0.0,7159.17674042059,1554.53608247423
5360,1566.28865979381,0.0,2.27373675443232e-13,3222.70134020618,-1.05860429452474e-13,0.0,-1.8793636786736e-30,0.0,7159.17674042059,1566.28865979381
5361,1680.51546391753,0.0,0.0,1014.11153608247,1.22243708524993e-14,3107.16129438717,-1.6287860705051401e-31,0.0,3600.0,1680.51546391753
5362,1685.15463917526,1800.37865979381,0.0,3810.55670103093,2.2784003702674602e-14,-7.64294306540785e-14,-8.89006676500793e-32,0.0,5084.412205,1685.15463917526
5363,1731.03092783505,2590.18237113402,0.0,3810.55670103093,7.10653914079308e-14,-7.64294306540785e-14,-2.20879078538206e-30,0.0,7220.01757,1731.03092783505
5364,1744.22680412371,3225.04649484536,0.0,3810.55670103093,6.36546222362946e-14,-7.64294306540785e-14,4.97245649973031e-30,0.0,9879.068405,1744.22680412371
5365,1479.48453608247,7655.6487628866,0.0,3810.55670103093,-1.0850982977623299e-13,-7.64294306540785e-14,4.09865114613714e-30,0.0,16191.15081,1479.48453608247
5366,1458.0412371134,6286.59206185567,0.0,3810.55670103093,-2.32155014434484e-14,0.0,-2.7474184271459504e-31,0.0,21374.445965,1458.0412371134
5367,1438.14432989691,4187.49896907216,0.0,3810.55670103093,-1.08002395145737e-14,0.0,5.65455675723434e-32,0.0,24827.038865,1438.14432989691
5368,932.247,0.0,0.0,0.0,498.419713631157,460.149975422202,6.171809221255771e-15,0.0,23729.0208935758,1430.6667136311569
5369,59.5542,0.0,0.0,0.0,1451.23989232532,4233.95189003436,-6.13140828912057e-14,0.0,17216.773720197,1510.79409232532
5370,251.2242,0.0,0.0,0.0,1169.20106071019,4233.95189003436,-8.06870995605099e-14,0.0,11027.5950824598,1420.4252607101898
5371,17.33442,0.0,0.0,0.0,1315.10379450172,0.0,2.0071240304456402e-14,0.0,9521.17607386676,1332.4382145017198
5372,0.0,0.0,0.0,0.0,1341.92439862543,0.0,-4.12720091016442e-14,0.0,7984.03472378036,1341.92439862543
5373,0.0,0.0,0.0,0.0,1306.18556701031,0.0,-6.95298297745767e-14,0.0,6487.83132514312,1306.18556701031
5374,0.0,0.0,0.0,0.0,1271.13402061856,0.0,7.820079520935961e-14,0.0,5031.77860965794,1271.13402061856
5375,0.0,0.0,0.0,0.0,1249.94272623139,0.0,-4.5528127532479e-14,0.0,3600.0,1249.94272623139
5376,0.0,0.0,0.0,0.0,1238.37342497136,0.0,4.26723073320747e-14,0.0,5781.47374000989,1238.37342497136
5377,0.0,0.0,0.0,0.0,1187.51431844215,0.0,-2.8358623327942602e-14,0.0,4421.20533400514,1187.51431844215
5378,0.0,0.0,0.0,0.0,716.912256586484,0.0,385.5356,0.0,3600.0,1102.447856586484
5379,0.0,0.0,0.0,0.0,0.0,0.0,1020.9,0.0,3600.0,1020.9
5380,0.0,0.0,0.0,0.0,0.0,0.0,1034.8,0.0,3600.0,1034.8
5381,498.921,0.0,0.0,0.0,0.0,0.0,834.54663,0.0,3600.0,1333.46763
5382,1410.0,1.21302451958036e-13,1.06071223485196e-13,1668.45,8.73121099411967e-14,0.0,4.45398276777844e-31,0.0,3600.0,1410.0
5383,1464.63917525773,1500.12412371134,0.0,3810.55670103093,1.07211350916054e-13,-7.64294306540785e-14,-1.62708990916814e-30,0.0,4836.85234,1464.63917525773
5384,1446.39175257732,4800.01154639175,0.0,3810.55670103093,-1.04310855407216e-13,-7.64294306540785e-14,-2.76013529606768e-30,0.0,8794.46186,1446.39175257732
5385,1511.85567010309,7313.76762886598,0.0,3810.55670103093,1.00838945291734e-13,-7.64294306540785e-14,3.88992764830652e-30,0.0,14824.66327,1511.85567010309
5386,1519.38144329897,8862.4318556701,0.0,3810.55670103093,-2.39478099573235e-14,-7.64294306540785e-14,1.1502178326878199e-30,0.0,22131.738335,1519.38144329897
5387,1298.35051546392,2250.30278350515,0.0,3810.55670103093,1.09781248253059e-14,0.0,-4.8852535584511e-31,0.0,23987.11298,1298.35051546392
5388,1204.53608247423,958.927216494845,0.0,3810.55670103093,-6.22069966120458e-14,0.0,-3.80868174756646e-30,0.0,24777.74847,1204.53608247423
5389,1115.67010309278,8947.54319587629,0.0,3810.55670103093,-4.1478742962644403e-14,0.0,-2.63590126890926e-30,0.0,32154.997835,1115.67010309278
5390,1079.07216494845,0.0,2.27373675443232e-13,3109.82783505155,-6.864086496755e-14,0.0,5.141349289687129e-30,0.0,32154.997835,1079.07216494845
5391,1045.87628865979,0.0,0.0,2696.98371134021,7.88029828839546e-14,0.0,1.692460479086e-30,0.0,32154.997835,1045.87628865979
5392,1021.75257731959,0.0,-1.13686837721616e-13,2866.48742268041,2.46742448996179e-14,0.0,-1.1710155303558899e-30,0.0,32154.997835,1021.75257731959
5393,969.690721649485,0.0,1.13686837721616e-13,1361.66627835052,4.6525819113843603e-14,0.0,-2.4480193269574298e-30,0.0,32154.997835,969.690721649485
5394,699.729,0.0,0.0,0.0,278.537079037801,4233.95189003436,1.5748062037307202e-15,0.0,26986.0528532449,978.2660790378012
5395,86.2065,0.0,0.0,0.0,968.819810996564,4233.95189003436,-2.76102344347667e-14,0.0,21026.4060021213,1055.026310996564
5396,0.0,0.0,0.0,0.0,1030.46964490263,0.0,7.98196524785457e-14,0.0,19846.0284020037,1030.46964490263
5397,0.0,0.0,0.0,0.0,1007.33104238259,4233.95189003436,1.7893793866765002e-15,0.0,13842.2678837713,1007.33104238259
5398,0.0,0.0,0.0,0.0,991.523482245132,2164.29821304778,2.30207381730543e-14,0.0,10227.3518525079,991.523482245132
5399,0.0,0.0,0.0,0.0,982.817869415808,0.0,2.2891587060442102e-14,0.0,9101.5581876559,982.817869415808
5400,0.0,0.0,0.0,0.0,923.253150057274,0.0,3.6541886228138204e-14,0.0,8043.99444188582,923.253150057274
5401,0.0,0.0,0.0,0.0,905.154639175258,0.0,1.0394434454057502e-15,0.0,7007.16209460603,905.154639175258
5402,0.0,0.0,0.0,0.0,908.018327605956,0.0,-1.69179899820798e-14,0.0,5967.04946275499,908.018327605956
5403,0.0,0.0,0.0,0.0,893.699885452463,0.0,1.5116263592767e-14,0.0,4943.33825376019,893.699885452463
5404,0.0,0.0,0.0,0.0,878.121420389461,0.0,2.88446980441205e-14,0.0,3937.47179283297,878.121420389461
5405,522.168,0.0,0.0,0.0,294.612875143185,0.0,-4.70625693945837e-15,0.0,3600.0,816.7808751431851
5406,798.247422680412,0.0,1.13686837721616e-13,2386.34257731959,4.8299637731239304e-15,0.0,-2.39911445962175e-31,0.0,3600.0,798.247422680412
5407,803.40206185567,2276.0512371134,-4.54747350886464e-13,3810.55670103093,-5.36141711597776e-14,5.36141711597776e-14,-2.6890125559951296e-30,0.0,5476.604245,803.40206185567
5408,805.876288659794,5462.33701030928,0.0,3810.55670103093,-6.6574836164010505e-15,6.6574836164010505e-15,2.46131449452082e-31,0.0,9980.30111,805.876288659794
5409,821.340206185567,7723.3030927835,0.0,3810.55670103093,-5.56711798355324e-14,5.56711798355324e-14,1.72495453181265e-30,0.0,16348.16451,821.340206185567
5410,837.628865979381,9200.98443298969,0.0,3810.55670103093,3.98905711612841e-14,-3.98905711612841e-14,-1.22287199565253e-30,0.0,23934.376175,837.628865979381
5411,849.484536082474,9657.2187628866,0.0,3810.55670103093,-3.13715848946028e-14,3.13715848946028e-14,5.18563609610543e-31,0.0,31896.753045,849.484536082474
5412,836.59793814433,9431.48536082474,0.0,3810.55670103093,5.1579398147864404e-14,-5.1579398147864404e-14,1.88391539333425e-30,0.0,39673.012725,836.59793814433
5413,823.917525773196,8738.50577319588,0.0,3810.55670103093,-1.78271288293231e-14,1.78271288293231e-14,-2.49392952063837e-31,0.0,46877.910735,823.917525773196
5414,834.536082474227,7378.00721649485,9.09494701772928e-13,3810.55670103093,-5.1361656458548303e-14,5.1361656458548303e-14,-7.286362411516461e-31,0.0,52961.077685,834.536082474227
5415,841.030927835052,5223.54237113402,9.09494701772928e-13,3810.55670103093,-3.8140876141452304e-14,3.8140876141452304e-14,-2.5542413794512197e-30,0.0,57267.88837,841.030927835052
5416,838.144329896907,2251.26896907216,-4.54747350886464e-13,3810.55670103093,-2.91131966217927e-14,2.91131966217927e-14,-1.67992433431209e-30,0.0,59124.059635,838.144329896907
5417,808.865979381443,0.0,-1.13686837721616e-13,2496.29402061856,-2.87045638561013e-14,1460.29186712486,-1.4078303053079299e-30,0.0,57451.3312648684,808.865979381443
5418,655.659,0.0,0.0,-7.475724160666341e-14,160.035246277205,4233.95189003436,-5.967932880729079e-16,0.0,52418.1272141106,815.694246277205
5419,47.7270000000001,0.0,0.0,-7.475724160666341e-14,835.858888888889,4233.95189003436,7.05543870241046e-15,0.0,46610.7838247369,883.5858888888891
5420,0.0,0.0,0.0,0.0,883.619702176403,4233.95189003436,1.48709839148189e-14,0.0,40748.7315999823,883.619702176403
5421,0.0,0.0,0.0,0.0,882.13058419244,4233.95189003436,1.8506317516995202e-14,0.0,34888.3851232047,882.13058419244
5422,0.0,0.0,0.0,0.0,875.945017182131,4233.95189003436,-2.7641089112113603e-15,0.0,29035.1240611011,875.945017182131
5423,0.0,0.0,0.0,0.0,872.05040091638,4233.95189003436,1.8261037839047102e-14,0.0,23186.3241860143,872.05040091638
5424,0.0,0.0,0.0,0.0,865.635738831615,0.0,-9.94469264478039e-15,0.0,6208.43557980342,865.635738831615
5425,0.0,0.0,0.0,0.0,869.530355097365,0.0,-4.54080677856841e-14,0.0,5212.40997258994,869.530355097365
5426,0.0,0.0,0.0,0.0,868.499427262314,0.0,-2.7902126072265902e-14,0.0,4217.56526782211,868.499427262314
5427,0.0,0.0,0.0,0.0,0.0,0.0,749.3,0.0,4217.56526782211,749.3
5428,0.0,0.0,0.0,0.0,244.811099656357,0.0,521.67991,0.0,3937.1401823051,766.4910096563569
5429,487.377,0.0,0.0,0.0,294.323379152348,0.0,1.34262794289561e-14,0.0,3600.0,781.700379152348
5430,758.144329896907,-7.4595877269093e-14,1.88282714990709e-13,1885.43467010309,-5.3693254605704604e-14,0.0,2.20178457595508e-30,0.0,3600.0,758.144329896907
5431,771.546391752577,2045.07690721649,0.0,3810.55670103093,4.30826475450247e-14,-7.64294306540785e-14,-2.6308404710924396e-30,0.0,5286.16591,771.546391752577
5432,780.824742268041,5131.16855670103,0.0,3810.55670103093,-6.21167953341982e-14,-7.64294306540785e-14,2.46450040040785e-30,0.0,9516.814385,780.8247422680408
5433,810.927835051546,7497.88546391753,0.0,3810.55670103093,-5.20822178292619e-14,-7.64294306540785e-14,-2.1120005212179298e-30,0.0,15698.82095,810.927835051546
5434,839.484536082474,6066.8887628866,0.0,3810.55670103093,4.64584828110782e-14,-7.64294306540785e-14,-3.65546150475917e-31,0.0,20700.970735,839.484536082474
5435,854.845360824742,7224.55793814433,0.0,3810.55670103093,1.04641873119876e-14,-7.64294306540785e-14,5.15570500989652e-31,0.0,26657.618755,854.845360824742
5436,861.134020618557,6105.23927835051,0.0,3810.55670103093,5.36305332520384e-14,-7.64294306540785e-14,1.62881256429259e-30,0.0,31691.38854,861.134020618557
5437,876.907216494845,6263.94608247422,0.0,3810.55670103093,-3.83481293100884e-14,-7.64294306540785e-14,-6.108562645702371e-31,0.0,36856.012085,876.907216494845
5438,898.041237113402,4920.74206185567,0.0,3810.55670103093,3.78276889139486e-14,-7.64294306540785e-14,1.84055478885783e-30,0.0,40913.163915,898.041237113402
5439,931.030927835052,4752.21237113402,0.0,3810.55670103093,4.27413510820986e-14,-7.64294306540785e-14,5.23996885485428e-31,0.0,44831.363015,931.030927835052
5440,957.216494845361,1764.36680412371,0.0,3810.55670103093,-5.2826273486298703e-14,-7.64294306540785e-14,2.12128310965319e-30,0.0,46286.083445,957.216494845361
5441,983.917525773196,0.0,0.0,2189.0924742268,3.5239751321374e-14,1801.62691867125,-1.1238484281739198e-30,0.0,44222.3641796263,983.917525773196
5442,684.276,0.0,0.0,0.0,579.097686139748,0.0,-2.48919148650733e-14,0.0,43559.0220420092,1263.373686139748
5443,65.5599,0.0,0.0,0.0,1455.90709851088,3433.05655433881,3.98754933046612e-14,0.0,37958.8345817002,1521.46699851088
5444,0.0,0.0,0.0,0.0,1613.63115693013,4233.95189003436,3.7758794436551005e-15,0.0,31260.5722140433,1613.63115693013
5445,0.0,0.0,0.0,0.0,1645.01718213058,0.0,-6.00603705753667e-14,0.0,29376.2455449361,1645.01718213058
5446,0.0,0.0,0.0,0.0,1682.70332187858,0.0,3.6185638169212404e-14,0.0,27448.7503308713,1682.70332187858
5447,0.0,0.0,0.0,0.0,1660.13745704467,0.0,-1.7287260588281802e-14,0.0,25547.1037592279,1660.13745704467
5448,0.0,0.0,0.0,0.0,1607.21649484536,0.0,-5.33063078214629e-14,0.0,23706.0768464612,1607.21649484536
5449,0.0,0.0,0.0,0.0,1624.05498281787,0.0,7.20500100971199e-15,0.0,21845.7618604155,1624.05498281787
5450,0.0,0.0,0.0,0.0,1568.27033218786,0.0,7.3953768144342e-14,0.0,20049.3468178177,1568.27033218786
5451,0.0,0.0,0.0,0.0,1600.11454753723,0.0,8.17410397991431e-14,0.0,18216.4550107877,1600.11454753723
5452,0.0,0.0,0.0,0.0,1569.98854524628,0.0,-7.792879489221911e-14,0.0,16418.0717974472,1569.98854524628
5453,0.0,0.0,0.0,0.0,1812.60022909507,0.0,-4.04359208710491e-14,0.0,14341.7828752306,1812.60022909507
5454,891.672,0.0,0.0,0.0,973.514501718213,0.0,1.59401638585845e-14,0.0,13226.6459889554,1865.186501718213
5455,2035.87628865979,0.0,0.0,61.9457113402057,6.47427013716342e-14,0.0,-2.82586731428118e-30,0.0,13226.6459889554,2035.87628865979
5456,506.592,0.0,0.0,0.0,1699.77750286369,0.0,-4.1318455318759704e-14,0.0,11279.5927210704,2206.36950286369
5457,2016.80412371134,0.0,0.0,930.311876288659,-4.26242991913102e-14,0.0,2.2782449757863696e-30,0.0,11279.5927210704,2016.80412371134
5458,2096.39175257732,0.0,0.0,3125.49824742268,1.68165598618085e-13,0.0,1.03456546001519e-29,0.0,11279.5927210704,2096.39175257732
5459,2099.48453608247,2475.4987628866,0.0,3810.55670103093,-2.3804347971463e-13,0.0,-1.7184566677401798e-29,0.0,13320.6414510704,2099.4845360824697
5460,2113.29896907217,2543.16432989691,0.0,3810.55670103093,-7.09332360473632e-14,0.0,-1.1609882466434898e-30,0.0,15417.4804410704,2113.29896907217
5461,1998.24742268041,1087.50587628866,0.0,3810.55670103093,-8.48628305920113e-14,0.0,1.9823332181846298e-30,0.0,16314.1290360704,1998.24742268041
5462,2045.9793814433,659.343917525772,0.0,3810.55670103093,-3.39202954198344e-14,0.0,-6.597888367314691e-31,0.0,16857.7580960703,2045.9793814433
5463,1980.92783505155,0.0,0.0,1222.53216494845,-3.85102818398007e-14,0.0,-1.0402846377656498e-30,0.0,16857.7580960703,1980.92783505155
5464,1936.80412371134,0.0,0.0,1504.61587628866,5.91143514043513e-14,0.0,3.9672711743858996e-30,0.0,16857.7580960703,1936.80412371134
5465,1836.795,0.0,0.0,0.0,120.628694158076,0.0,5.4722958505203604e-15,0.0,16719.580897722,1957.423694158076
5466,996.069,0.0,0.0,0.0,1054.65414662085,0.0,2.96130305106261e-14,0.0,15511.5005464954,2050.72314662085
5467,0.0,0.0,0.0,0.0,2142.72623138603,0.0,-1.8627814627445699e-13,0.0,13057.0604189055,2142.72623138603
5468,0.0,0.0,0.0,0.0,2037.45704467354,0.0,7.84251899771134e-14,0.0,10723.2035521546,2037.45704467354
5469,0.0,0.0,0.0,0.0,2001.03092783505,0.0,-4.2829684815908105e-14,0.0,8431.07190514991,2001.03092783505
5470,0.0,0.0,0.0,0.0,2030.12600229095,0.0,-3.52746702917789e-14,0.0,6105.6125669014,2030.12600229095
5471,0.0,0.0,0.0,0.0,2187.39977090493,0.0,4.7541348228650105e-14,0.0,3600.0,2187.39977090493
5472,0.0,0.0,0.0,0.0,2167.92668957617,0.0,-5.84493756690986e-14,0.0,4716.69336818308,2167.92668957617
5473,0.0,0.0,0.0,0.0,974.873310423826,0.0,1059.5356,0.0,3600.0,2034.408910423826
5474,0.0,0.0,0.0,0.0,0.0,0.0,1861.0,0.0,3600.0,1861.0
5475,0.0,0.0,0.0,0.0,0.0,0.0,1884.6,0.0,3600.0,1884.6
5476,0.0,0.0,0.0,0.0,0.0,0.0,1822.6,2521.71245024494,5679.15191522695,1822.6
5477,432.699,0.0,0.0,0.0,1815.09962199313,0.0,3.4516383031635304e-15,0.0,3600.0,2247.79862199313
5478,2138.24742268041,797.888577319588,0.0,0.0,-1.32679996371972e-13,0.0,-3.16393869918735e-30,0.0,4257.859132,2138.24742268041
5479,2240.20618556701,1528.45381443299,0.0,0.0,-9.76061734477553e-15,0.0,-6.27916680018224e-31,0.0,5518.069302,2240.20618556701
5480,2371.13402061856,0.0,0.0,3370.56597938144,-1.04735850265168e-13,0.0,3.53737522869424e-30,0.0,5518.069302,2371.13402061856
5481,2522.57731958763,9035.67268041237,0.0,0.0,-5.3232389007026905e-14,0.0,1.0540217597115499e-30,0.0,12967.981427,2522.57731958763
5482,2538.76288659794,10157.3271134021,0.0,0.0,-6.31564175039963e-14,0.0,-9.83090773549239e-31,0.0,21342.697632,2538.76288659794
5483,2452.98969072165,7040.19360824742,0.0,3810.55670103093,-1.95999825028162e-13,0.0,-9.68827874752681e-30,0.0,27147.337262,2452.98969072165
5484,2626.28865979381,9622.69064121215,0.0,1373.48069899404,-2.9230877823822e-14,0.0,-1.5286720843177498e-30,0.0,35081.2456956794,2626.28865979381
5485,2448.35051546392,7340.70948453608,0.0,0.0,-2.22186514609831e-13,0.0,1.0889183853431699e-29,0.0,41133.6606656794,2448.35051546392
5486,2633.60824742268,9278.73175257732,0.0,0.0,-1.12351774901305e-13,0.0,-1.32291477279941e-30,0.0,48783.9749956794,2633.60824742268
5487,2435.46391752577,5468.54608247422,0.0,0.0,-1.2360847483587e-13,0.0,1.2445530804076698e-30,0.0,53292.7912406794,2435.46391752577
5488,2372.57731958763,2811.24268041237,0.0,0.0,-4.21835715523381e-14,0.0,-2.1259714294119597e-30,0.0,55610.6608306794,2372.57731958763
5489,2059.047,0.0,0.0,0.0,308.389931271478,0.0,2.17504057986977e-14,0.0,55257.407759349,2367.436931271478
5490,266.5128,0.0,0.0,0.0,2327.12781672394,0.0,1.94672949434825e-13,0.0,52591.7401571452,2593.64061672394
5491,0.0,0.0,0.0,0.0,2536.99885452463,0.0,7.68984672299067e-15,0.0,49685.6704497859,2536.99885452463
5492,0.0,0.0,0.0,0.0,2391.75257731959,0.0,7.7917676892482e-14,0.0,46945.9767758803,2391.75257731959
5493,0.0,0.0,0.0,0.0,2412.37113402062,0.0,-1.06218374302322e-13,0.0,44182.6650530617,2412.37113402062
5494,0.0,0.0,0.0,0.0,2477.09049255441,0.0,3.25945323932231e-14,0.0,41345.218898933,2477.09049255441
5495,0.0,0.0,0.0,0.0,2477.89232531501,0.0,-3.51613985477517e-14,0.0,38506.8542651243,2477.89232531501
5496,0.0,0.0,0.0,0.0,2283.96334478809,0.0,1.94141526578996e-13,0.0,35890.6305024804,2283.96334478809
5497,0.0,0.0,0.0,0.0,2384.53608247423,0.0,1.17467877349629e-13,0.0,33159.2031456943,2384.53608247423
5498,0.0,0.0,0.0,0.0,2258.07560137457,0.0,2.1921586348387e-15,0.0,30572.6331555746,2258.07560137457
5499,0.0,0.0,0.0,0.0,2274.22680412371,0.0,-1.71037891753436e-13,0.0,27967.5623604729,2274.22680412371
5500,0.0,0.0,0.0,0.0,2217.86941580756,0.0,-7.2912574794146e-14,0.0,25427.0475657335,2217.86941580756
5501,0.0,0.0,0.0,0.0,2451.6609392898,0.0,5.3012991222249504e-14,0.0,22618.7303385974,2451.6609392898
5502,0.0,0.0,0.0,0.0,2492.66895761741,0.0,-1.09258968170392e-13,0.0,19763.439436401,2492.66895761741
5503,170.2914,0.0,0.0,0.0,2369.77931500573,0.0,-1.13569990185515e-13,0.0,17048.9155933246,2540.07071500573
5504,1988.343,0.0,0.0,0.0,433.799873997709,0.0,6.1138647460227505e-15,0.0,16552.0085211623,2422.142873997709
5505,2389.69072164948,5038.65257731959,0.0,3810.55670103093,-6.24973188644673e-14,0.0,-1.6761175757675597e-30,0.0,20706.3775711623,2389.69072164948
5506,2409.48453608247,374.948762886597,0.0,3810.55670103093,-1.76491596104254e-13,0.0,8.54697363360595e-30,0.0,21015.5228261623,2409.48453608247
5507,2540.41237113402,0.0,0.0,1192.75762886598,2.18180948562153e-13,0.0,5.31005926878433e-30,0.0,21015.5228261623,2540.41237113402
5508,2582.78350515464,1918.03979381443,0.0,3810.55670103093,-9.72264889991405e-15,0.0,1.78366610624361e-31,0.0,22596.9466361623,2582.78350515464
5509,2370.92783505155,3307.87546391753,0.0,3810.55670103093,1.66126839968313e-13,0.0,4.8389393624586894e-30,0.0,25324.2899561623,2370.92783505155
5510,2416.18556701031,0.0,0.0,3234.16443298969,6.33277999319069e-14,0.0,4.9087670742769696e-30,0.0,25324.2899561623,2416.18556701031
5511,2329.38144329897,0.0,0.0,3288.23855670103,-1.99772545916746e-13,0.0,-4.0151819284891095e-30,0.0,25324.2899561623,2329.38144329897
5512,2301.54639175258,0.0,0.0,2787.95360824742,2.42144491300496e-13,0.0,-1.04750781305305e-29,0.0,25324.2899561623,2301.5463917525803
5513,2260.1030927835,0.0,0.0,450.210907216495,-2.9989407639397e-14,0.0,4.13733766521034e-31,0.0,25324.2899561623,2260.1030927835
5514,447.246,0.0,0.0,0.0,2005.58004581901,4233.95189003436,3.79394375150026e-16,0.0,18177.0597890908,2452.82604581901
5515,0.0,0.0,0.0,0.0,2591.98167239404,0.0,1.78317772409987e-13,0.0,15208.0086179636,2591.98167239404
5516,0.0,0.0,0.0,0.0,2510.76746849943,0.0,1.53617150055573e-13,0.0,12331.986317277,2510.76746849943
5517,0.0,0.0,0.0,0.0,2594.95990836197,0.0,-1.68194418555668e-13,0.0,9359.5236501957,2594.95990836197
5518,0.0,0.0,0.0,0.0,2520.84765177549,0.0,1.12991352306144e-14,0.0,6471.95474781828,2520.84765177549
5519,0.0,0.0,0.0,0.0,2507.21649484536,0.0,2.26436052039342e-14,0.0,3600.0,2507.21649484536
5520,0.0,0.0,0.0,0.0,0.0,0.0,2046.7,0.0,7200.0,2046.7
5521,0.0,0.0,0.0,0.0,0.0,0.0,2070.8,0.0,7200.0,2070.8
5522,0.0,0.0,0.0,0.0,0.0,0.0,2094.0,0.0,7200.0,2094.0
5523,0.0,0.0,0.0,0.0,721.227179839633,0.0,1325.268672,0.0,6373.85202767511,2046.495851839633
5524,0.0,0.0,0.0,0.0,0.0,0.0,2077.8,0.0,6373.85202767511,2077.8
5525,0.0,0.0,0.0,0.0,0.0,0.0,2213.2,0.0,6373.85202767511,2213.2
5526,207.1824,0.0,0.0,0.0,2421.57282016037,0.0,-1.88511299334663e-13,0.0,3600.0,2628.7552201603703
5527,2485.67010309278,1535.43989690722,0.0,0.0,9.67026922763831e-14,0.0,1.4087123882001198e-30,0.0,4865.970195,2485.67010309278
5528,2539.38144329897,3081.7018556701,0.0,3810.55670103093,1.19178123700653e-13,-7.64294306540785e-14,5.10895137475459e-30,0.0,7406.833375,2539.38144329897
5529,2592.68041237113,0.0,0.0,1093.02958762887,1.78104101273592e-13,0.0,-1.8545687727456398e-30,0.0,7406.833375,2592.68041237113
5530,2506.18556701031,1585.94773195876,0.0,3810.55670103093,-2.46466391131882e-13,0.0,-1.98753449642151e-29,0.0,8714.44728,2506.1855670103096
5531,2667.42268041237,9395.80921638565,0.0,2389.53810320198,-1.0090166664539999e-13,0.0,5.4500740540047e-30,0.0,16461.29197891,2667.42268041237
5532,2645.56701030928,8120.89298969072,0.0,0.0,-2.16167152591599e-13,0.0,5.825923045940039e-30,0.0,23156.96824891,2645.56701030928
5533,2512.57731958763,3906.13268041237,0.0,0.0,1.54823151461101e-13,0.0,7.62089391341349e-30,0.0,26377.57464391,2512.57731958763
5534,2581.34020618557,6870.60979381443,0.0,0.0,-8.7901984344238e-14,0.0,3.2348213928763404e-31,0.0,32042.39241891,2581.34020618557
5535,2540.20618556701,4191.01381443299,0.0,0.0,-6.04138791165988e-16,0.0,-1.79350679227338e-32,0.0,35497.88330891,2540.20618556701
5536,2362.0618556701,3922.2481443299,0.0,0.0,9.29299713877996e-14,0.0,-3.93699991688927e-30,0.0,38731.77690391,2362.0618556701
5537,1716.621,0.0,0.0,0.0,681.07403207331,0.0,1.22374537740081e-14,0.0,37951.6233734709,2397.6950320733104
5538,0.0,0.0,0.0,0.0,2659.33562428408,0.0,2.33685704108028e-14,0.0,34905.419909228,2659.33562428408
5539,0.0,0.0,0.0,0.0,2602.29095074456,0.0,-1.12247471849357e-13,0.0,31924.5597136443,2602.29095074456
5540,0.0,0.0,0.0,0.0,2543.98625429553,0.0,-1.65101734498493e-13,0.0,29010.4861119312,2543.98625429553
5541,0.0,0.0,0.0,0.0,2617.29667812142,0.0,6.24021664175015e-14,0.0,26012.4372251942,2617.29667812142
5542,0.0,0.0,0.0,0.0,2636.99885452463,0.0,1.89766422761516e-13,0.0,22991.819980607,2636.99885452463
5543,0.0,0.0,0.0,0.0,2595.76174112257,0.0,1.6104408782724e-13,0.0,20018.4388338457,2595.76174112257
5544,0.0,0.0,0.0,0.0,2473.42497136312,0.0,-1.93876159621874e-13,0.0,17185.1914439681,2473.42497136312
5545,0.0,0.0,0.0,0.0,2494.50171821306,0.0,6.17292913997379e-14,0.0,14327.8011596462,2494.50171821306
5546,0.0,0.0,0.0,0.0,2590.83619702176,0.0,-4.04177381394146e-14,0.0,11360.0621023475,2590.83619702176
5547,0.0,0.0,0.0,0.0,2376.86139747995,0.0,5.65180993516633e-14,0.0,8637.42590821239,2376.86139747995
5548,0.0,0.0,0.0,0.0,2241.46620847652,0.0,1.90428057693162e-13,0.0,6069.88156860584,2241.46620847652
5549,351.579,0.0,0.0,0.0,2156.2066093929,0.0,-1.91711168523424e-13,0.0,3600.0,2507.7856093929004
5550,2367.83505154639,-2.25254707569199e-13,-2.29492643317265e-13,339.211948453608,-1.62135748079173e-13,0.0,-6.800846578516389e-30,0.0,3600.0,2367.83505154639
5551,2438.86597938144,105.567319587628,0.0,3810.55670103093,4.31839666547931e-14,0.0,-1.72189272938423e-30,0.0,3687.040255,2438.86597938144
5552,2552.26804123711,3212.00525773196,0.0,3810.55670103093,2.06000839266923e-14,0.0,9.800707426197291e-31,0.0,6335.33859,2552.26804123711
5553,2570.92783505155,5657.03546391752,0.0,3810.55670103093,1.72231159004053e-13,0.0,1.74482628837781e-30,0.0,10999.56433,2570.92783505155
5554,2560.1030927835,7285.16020618557,0.0,3810.55670103093,-2.08329290857875e-14,0.0,1.2819687174632499e-30,0.0,17006.17892,2560.1030927835
5555,2431.75257731959,3400.50072164948,0.0,3810.55670103093,-1.28930769769712e-13,0.0,7.79842151683945e-30,0.0,19809.891765,2431.75257731959
5556,2467.9381443299,8247.71515463917,0.0,3810.55670103093,-4.96910448846435e-14,0.0,3.85047515694826e-31,0.0,26610.13291,2467.9381443299
5557,2478.0412371134,7393.29206185567,0.0,3810.55670103093,-1.32726984944618e-13,0.0,8.06935712268747e-30,0.0,32705.902215,2478.0412371134
5558,2491.54639175258,5610.6869072165,0.0,3810.55670103093,-6.45975402454235e-14,0.0,-3.74981933368181e-30,0.0,37331.91357,2491.54639175258
5559,2472.26804123711,1230.43525773196,0.0,3810.55670103093,1.22338734522354e-13,0.0,-8.56053398125138e-32,0.0,38346.40744,2472.26804123711
5560,2516.28865979381,0.0,0.0,1288.79134020619,1.60145446394942e-13,0.0,1.0670254769817099e-30,0.0,38346.40744,2516.28865979381
5561,2051.994,0.0,0.0,0.0,392.400710194731,0.0,6.722446084585581e-15,0.0,37896.9220904069,2444.394710194731
5562,496.404,0.0,0.0,0.0,2126.33232531501,4233.95189003436,-1.35830311753233e-13,0.0,30611.3731610262,2622.73632531501
5563,0.0,0.0,0.0,0.0,2477.43413516609,4233.95189003436,-7.790846344028411e-14,0.0,22923.6457552983,2477.43413516609
5564,0.0,0.0,0.0,0.0,2522.10767468499,2934.67447404324,4.4043182744752905e-14,0.0,16673.0361920357,2522.10767468499
5565,0.0,0.0,0.0,0.0,2472.16494845361,4233.95189003436,1.70374230187871e-13,0.0,8991.34450991892,2472.16494845361
5566,0.0,0.0,0.0,0.0,2293.47079037801,0.0,-2.86677867393727e-14,0.0,6364.23020249853,2293.47079037801
5567,0.0,0.0,0.0,0.0,2413.17296678121,0.0,-1.73974305243296e-13,0.0,3600.0,2413.17296678121
5568,0.0,0.0,0.0,0.0,2346.735395189,0.0,1.2422194010353299e-13,0.0,4511.87239955441,2346.735395189
5569,0.0,0.0,0.0,0.0,721.523632551147,0.0,1413.90986878285,0.0,3685.38484794943,2135.433501333997
5570,0.0,0.0,0.0,0.0,0.0,0.0,2028.9,0.0,3685.38484794943,2028.9
5571,0.0,0.0,0.0,0.0,0.0,0.0,2003.9,0.0,3685.38484794943,2003.9
5572,0.0,0.0,0.0,0.0,0.0,0.0,1995.2,0.0,3685.38484794943,1995.2
5573,332.658,0.0,0.0,0.0,0.0,0.0,1767.32174,0.0,3685.38484794943,2099.97974
5574,2261.03092783505,396.312072164949,0.0,0.0,0.0,0.0,-2.16085568682342e-14,0.0,4012.14415144943,2261.03092783505
5575,1882.467,0.0,0.0,0.0,359.80184421535,0.0,-1.61296720971376e-14,0.0,3600.0,2242.2688442153503
5576,2249.69072164948,1133.85927835052,0.0,0.0,2.30143735708894e-13,0.0,-9.18373120851589e-30,0.0,4534.866975,2249.690721649481
5577,2319.07216494845,9175.12783505155,0.0,0.0,1.69753141108204e-13,0.0,6.29708289789175e-31,0.0,12099.759875,2319.07216494845
5578,2351.44329896907,10354.4867010309,0.0,0.0,1.34278027382772e-13,0.0,2.0560612179517697e-30,0.0,20637.03416,2351.44329896907
5579,2391.54639175258,10796.1536082474,0.0,0.0,-6.76496997632933e-14,0.0,-2.2027627966413698e-30,0.0,29538.46281,2391.54639175258
5580,2425.67010309278,10884.9098969072,0.0,0.0,-2.02042681332717e-13,0.0,-1.0027179153224899e-29,0.0,38513.07102,2425.67010309278
5581,2424.84536082474,10263.8046391753,0.0,0.0,-9.7887475572392e-14,0.0,1.7193830858057797e-30,0.0,46975.577945,2424.84536082474
5582,2379.58762886598,1096.42237113402,0.0,0.0,2.05386211955077e-14,0.0,-1.0963203396648799e-30,0.0,47879.57819,2379.58762886598
5583,2370.92783505155,1591.47216494845,0.0,0.0,1.66126839968313e-13,0.0,4.8389393624586894e-30,0.0,49191.74699,2370.92783505155
5584,2403.71134020619,3833.64865979381,0.0,0.0,7.85741233627178e-14,0.0,3.9201117110596703e-31,0.0,52352.59031,2403.71134020619
5585,2322.16494845361,25.2451693382343,2.02504679691629e-13,363.479882208158,8.367951568889761e-15,0.0,3.8878453707592703e-31,0.0,52373.4049521194,2322.16494845361
5586,404.598,0.0,0.0,0.0,2159.49592210767,0.0,1.04789947247688e-13,0.0,49899.755556807,2564.09392210767
5587,0.0,0.0,0.0,0.0,2651.43184421535,0.0,-1.7082258835149997e-13,0.0,46862.6056779807,2651.43184421535
5588,0.0,0.0,0.0,0.0,2590.03436426117,0.0,-3.04147207610207e-14,0.0,43895.785100362,2590.03436426117
5589,0.0,0.0,0.0,0.0,2552.11912943872,0.0,-1.19157805170576e-13,0.0,40972.3954904666,2552.11912943872
5590,0.0,0.0,0.0,0.0,2451.20274914089,0.0,6.80188398922981e-14,0.0,38164.6031088619,2451.20274914089
5591,0.0,0.0,0.0,0.0,2493.0126002291,0.0,-1.6200905044131799e-13,0.0,35308.918572517,2493.0126002291
5592,0.0,0.0,0.0,0.0,2481.09965635739,0.0,-1.90679295186489e-13,0.0,32466.8800199885,2481.09965635739
5593,0.0,0.0,0.0,0.0,2394.73081328751,0.0,7.06470096881296e-14,0.0,29723.7748501288,2394.73081328751
5594,0.0,0.0,0.0,0.0,2358.64833906071,0.0,9.513927128612341e-14,0.0,27022.0012658668,2358.64833906071
5595,0.0,0.0,0.0,0.0,2255.21191294387,0.0,-6.46607888780013e-14,0.0,24438.7115603182,2255.21191294387
5596,0.0,0.0,0.0,0.0,2219.12943871707,0.0,1.29452234600644e-13,0.0,21896.7534403674,2219.12943871707
5597,318.213,0.0,0.0,0.0,1928.33148911798,0.0,-1.70382259605653e-14,0.0,19687.8972099917,2246.54448911798
5598,2086.59793814433,473.02006185567,0.0,0.0,8.973139212123751e-14,0.0,-9.260776334806461e-31,0.0,20077.9022509917,2086.59793814433
5599,2219.07216494845,64.7811340206181,0.0,3810.55670103093,1.66700981590334e-13,0.0,-8.84204429729748e-30,0.0,20131.3142959917,2219.07216494845
5600,2184.12371134021,3321.42958762887,0.0,3810.55670103093,-8.4398608666716e-14,0.0,2.9802780261759896e-30,0.0,22869.8329909917,2184.12371134021
5601,2241.64948453608,5710.25381443299,0.0,3810.55670103093,5.2791661368054805e-14,0.0,-2.1592099165767598e-30,0.0,27577.9372609917,2241.64948453608
5602,2274.12371134021,7326.18958762887,0.0,3810.55670103093,1.26709091319282e-13,-7.64294306540785e-14,8.000093642837489e-30,0.0,33618.3805759917,2274.12371134021
5603,2269.48453608247,0.0,0.0,1653.07546391753,1.16149458469106e-13,2397.20137457045,1.0393600008576199e-30,0.0,30872.4454390267,2269.48453608247
5604,1463.373,0.0,0.0,0.0,1045.62221076747,0.0,4.4148901797966805e-14,0.0,29674.7109478841,2508.99521076747
5605,357.921,0.0,0.0,0.0,2268.51847651775,0.0,1.73195712840833e-13,0.0,27076.1789014721,2626.43947651775
5606,2353.71134020619,0.0,0.0,3468.11865979381,7.70480436037829e-14,0.0,-4.343865122437359e-30,0.0,27076.1789014721,2353.71134020619
5607,2367.42268041237,0.0,0.0,1575.80731958763,-1.1005814519900999e-13,0.0,-9.275654590010661e-31,0.0,27076.1789014721,2367.42268041237
5608,2452.37113402062,0.0,0.0,1802.76886597938,1.42567524816975e-13,0.0,3.0047976351958896e-30,0.0,27076.1789014721,2452.37113402062
5609,2309.8969072165,0.0,0.0,350.680092783504,-2.31621358502287e-13,0.0,1.5239558175258199e-29,0.0,27076.1789014721,2309.8969072165
5610,418.725,0.0,0.0,0.0,2214.01689576174,4233.95189003436,-6.01864924196574e-14,0.0,19690.1894561157,2632.74189576174
5611,0.0,0.0,0.0,0.0,2759.90836197022,0.0,-5.33050788185637e-14,0.0,16528.7823977306,2759.90836197022
5612,0.0,0.0,0.0,0.0,2894.61626575029,0.0,-2.3961959055629e-14,0.0,13213.070753114,2894.61626575029
5613,0.0,0.0,0.0,0.0,2818.21305841924,0.0,5.730209739315351e-14,0.0,9984.87710085825,2818.21305841924
5614,0.0,0.0,0.0,0.0,2715.578465063,0.0,1.68987630049356e-13,0.0,6874.24884763603,2715.578465063
5615,0.0,0.0,0.0,0.0,2858.41924398625,0.0,-9.49668446210938e-14,0.0,3600.0,2858.41924398625
5616,0.0,0.0,0.0,0.0,0.0,0.0,2367.3,0.0,7200.0,2367.3
5617,0.0,0.0,0.0,0.0,0.0,0.0,2382.9,0.0,7200.0,2382.9
5618,0.0,0.0,0.0,0.0,0.0,0.0,2303.3,0.0,7200.0,2303.3
5619,0.0,0.0,0.0,0.0,0.0,0.0,2434.5,0.0,7200.0,2434.5
5620,0.0,0.0,0.0,0.0,0.0,0.0,2325.1,0.0,7200.0,2325.1
5621,190.8027,0.0,0.0,0.0,1953.20191294387,0.0,582.576111,0.0,4962.6553116336,2726.58072394387
5622,1549.671,0.0,0.0,0.0,1189.59808705613,0.0,6.4186164094082e-14,0.0,3600.0,2739.26908705613
5623,2700.51546391753,3652.91453608247,0.0,0.0,1.39723247778982e-13,0.0,1.06737840702163e-29,0.0,6611.828035,2700.51546391753
5624,2684.12371134021,1619.61628865979,0.0,0.0,-5.35107543458732e-14,0.0,7.63226470416702e-31,0.0,7947.201665,2684.12371134021
5625,2678.14432989691,4356.43567010309,0.0,0.0,-3.28571789637131e-14,0.0,2.6805589883517597e-30,0.0,11539.082875,2678.14432989691
5626,2704.32989690722,11021.1801030928,0.0,0.0,-2.35209691197317e-13,0.0,-1.14240036932951e-29,0.0,20626.04587,2704.32989690722
5627,2739.48453608247,4849.37546391753,0.0,0.0,2.34674986413052e-13,0.0,-1.67992338783924e-29,0.0,24624.35594,2739.48453608247
5628,2652.47422680412,6514.62577319588,0.0,0.0,-2.47210446788919e-13,0.0,-1.01326567712805e-29,0.0,29995.66489,2652.47422680412
5629,2646.0824742268,4512.24752577319,0.0,0.0,-1.58852211795103e-13,0.0,3.17618799561283e-30,0.0,33716.012975,2646.0824742268
5630,2728.14432989691,2120.96567010309,0.0,0.0,-1.57040424732845e-14,0.0,-8.38844993820851e-31,0.0,35464.74917,2728.14432989691
5631,2633.71134020619,3738.28865979381,0.0,0.0,-1.8586287956139e-14,0.0,-8.62897552022454e-31,0.0,38546.96817,2633.71134020619
5632,2629.69072164948,3510.85927835052,0.0,0.0,1.53188620398335e-13,0.0,6.53251779739682e-30,0.0,41441.671645,2629.69072164948
5633,2539.48453608247,45.3544639175257,0.0,0.0,2.12943610645819e-13,0.0,-8.204542809627319e-30,0.0,41479.0664005,2539.48453608247
5634,380.994,0.0,0.0,0.0,2393.28272623139,0.0,-3.39474533351034e-14,0.0,38737.6199787,2774.27672623139
5635,0.0,0.0,0.0,0.0,2880.06872852234,0.0,-9.81116188673739e-14,0.0,35438.5721797053,2880.06872852234
5636,0.0,0.0,0.0,0.0,2914.08934707904,0.0,-8.759199703853141e-14,0.0,32100.5546000043,2914.08934707904
5637,0.0,0.0,0.0,0.0,2826.34593356243,0.0,1.0324602672107099e-13,0.0,28863.0449395662,2826.34593356243
5638,0.0,0.0,0.0,0.0,2886.94158075601,0.0,-2.7158823491014e-14,0.0,25556.1244576006,2886.94158075601
5639,0.0,0.0,0.0,0.0,2820.16036655212,0.0,-1.30959846759722e-13,0.0,22325.7002118364,2820.16036655212
5640,0.0,0.0,0.0,0.0,2780.7560137457,0.0,-4.64468356864499e-14,0.0,19140.4126817726,2780.7560137457
5641,0.0,0.0,0.0,0.0,2861.39747995418,0.0,-1.02237511825446e-13,0.0,15862.7523381825,2861.39747995418
5642,0.0,0.0,0.0,0.0,2877.20504009164,0.0,4.65619550043719e-15,0.0,12566.984823759,2877.20504009164
5643,0.0,0.0,0.0,0.0,2685.8872230775,0.0,300.220454253344,0.0,9490.3671570036,2986.107677330844
5644,0.0,0.0,0.0,0.0,2878.6941580756,0.0,1.70641623778912e-13,0.0,6192.89389460314,2878.6941580756
5645,256.5777,0.0,0.0,0.0,2263.59636998855,0.0,1.4044516015941e-13,0.0,3600.0,2520.17406998855
5646,2137.83505154639,-9.02700401024965e-14,9.02700401024965e-14,420.336948453608,-6.49753367603158e-14,0.0,-2.7912355743561897e-30,0.0,3600.0,2137.83505154639
5647,2126.59793814433,218.275360824742,0.0,3810.55670103093,-2.05961821969993e-13,-7.64294306540785e-14,-2.89021658781897e-30,0.0,3779.968035,2126.59793814433
5648,2218.14432989691,3317.10896907216,0.0,3810.55670103093,1.77090700405494e-13,-7.64294306540785e-14,-5.81960612213911e-30,0.0,6514.92438,2218.14432989691
5649,2211.34020618557,1934.4930927835,0.0,3810.55670103093,-1.8774829603882e-13,-7.64294306540785e-14,9.56323626859292e-32,0.0,8109.913935,2211.34020618557
5650,2319.17525773196,6816.79804123711,0.0,3810.55670103093,-2.2612914953342998e-13,-7.64294306540785e-14,-9.41363304260631e-30,0.0,13730.36392,2319.17525773196
5651,2395.87628865979,7219.49701030928,0.0,3810.55670103093,1.20007136375198e-13,-7.64294306540785e-14,-2.66458908476933e-30,0.0,19682.839205,2395.87628865979
5652,2615.05154639175,4047.09175257732,0.0,3810.55670103093,-1.70217363033499e-13,0.0,9.39115602634656e-30,0.0,23019.666355,2615.05154639175
5653,2644.74226804124,6038.23103092783,0.0,3810.55670103093,-9.63848900997801e-14,0.0,1.0530981661594198e-30,0.0,27998.18784,2644.74226804124
5654,2958.76288659794,4173.42041237113,0.0,3810.55670103093,5.3843030681014505e-14,0.0,-1.5199426980883699e-30,0.0,31439.17297,2958.76288659794
5655,2997.42268041237,1853.6806185567,0.0,3810.55670103093,-1.95009918446387e-13,0.0,1.09122156369312e-29,0.0,32967.53264,2997.42268041237
5656,2961.54639175258,0.0,0.0,1057.52360824742,5.39279876985222e-14,0.0,4.49205035322376e-31,0.0,32967.53264,2961.54639175258
5657,1899.333,0.0,0.0,0.0,1035.56356242841,0.0,-8.228872949724251e-14,0.0,31781.3200828082,2934.89656242841
5658,185.4042,0.0,0.0,0.0,2859.8601672394,2627.49526619766,-7.95028750970783e-14,0.0,25495.689574862,3045.2643672394
5659,0.0,0.0,0.0,0.0,3125.54410080183,4233.95189003436,-1.3451010243272499e-13,0.0,17065.5681649694,3125.54410080183
5660,0.0,0.0,0.0,0.0,3021.3058419244,0.0,5.49343785428469e-14,0.0,13604.7367309209,3021.3058419244
5661,0.0,0.0,0.0,0.0,2814.31844215349,0.0,-2.09213651875588e-14,0.0,10381.0042656821,2814.31844215349
5662,0.0,0.0,0.0,0.0,2949.36998854525,0.0,-4.43283276955504e-14,0.0,7002.57358006322,2949.36998854525
5663,0.0,0.0,0.0,0.0,2970.44673539519,0.0,1.53524209763481e-13,0.0,3600.0,2970.44673539519
5664,0.0,0.0,0.0,0.0,0.0,0.0,2443.7,12000.0,17094.0,2443.7
5665,0.0,0.0,0.0,0.0,0.0,0.0,2578.8,0.0,17094.0,2578.8
5666,0.0,0.0,0.0,0.0,0.0,0.0,2496.1,12000.0,26988.0,2496.1
5667,0.0,0.0,0.0,0.0,0.0,0.0,2472.3,0.0,26988.0,2472.3
5668,0.0,0.0,0.0,0.0,0.0,0.0,2387.1,0.0,26988.0,2387.1
5669,120.2835,0.0,0.0,0.0,0.0,0.0,2454.825005,0.0,26988.0,2575.108505
5670,2253.159,0.0,0.0,0.0,466.707640320734,0.0,-8.436437965427621e-15,0.0,26453.3978919579,2719.866640320734
5671,1235.967,0.0,0.0,0.0,1551.10195876289,0.0,5.25642100293113e-15,0.0,24676.6487983005,2787.0689587628904
5672,1612.578,0.0,0.0,0.0,1222.33601374571,0.0,-5.17162561419836e-14,0.0,23276.4929979046,2834.91401374571
5673,2711.54639175258,8559.72360824742,0.0,0.0,4.62975889038476e-14,0.0,-1.19255818414006e-30,0.0,30333.9851129046,2711.54639175258
5674,1396.092,0.0,0.0,0.0,1557.9504696449,0.0,-9.25020940385137e-14,0.0,28549.391218695,2954.0424696449
5675,2671.77,0.0,0.0,0.0,150.610652920962,0.0,1.1124631265817e-14,0.0,28376.8704249711,2822.380652920962
5676,2839.07216494845,102.508835051547,0.0,0.0,-2.31097142238702e-13,0.0,1.28171086695644e-29,0.0,28461.3889594711,2839.0721649484494
5677,2787.11340206186,9569.91659793815,0.0,0.0,1.6841144954282299e-13,0.0,-3.38639931896386e-30,0.0,36351.7851944711,2787.11340206186
5678,2949.38144329897,1577.34855670103,0.0,0.0,-7.66687786959953e-14,0.0,3.3726621970179594e-30,0.0,37652.3090794711,2949.38144329897
5679,2854.94845360825,5561.85154639175,0.0,0.0,-7.95510241788498e-14,0.0,-2.1607949232471798e-30,0.0,42238.0556794711,2854.94845360825
5680,2752.563,0.0,0.0,0.0,99.0995303550973,0.0,-5.35198635568595e-15,0.0,42124.5396080449,2851.6625303550973
5681,1057.827,0.0,0.0,0.0,1913.2964604811,0.0,-6.68597684585828e-14,0.0,39932.9056326943,2971.1234604811
5682,36.0843,0.0,0.0,0.0,2930.58216380298,0.0,1.9756388909507e-13,0.0,36575.9959376164,2966.66646380298
5683,0.0,0.0,0.0,0.0,3091.98167239404,0.0,-1.60035572931616e-13,0.0,33034.2070803495,3091.98167239404
5684,0.0,0.0,0.0,0.0,3090.37800687285,0.0,-8.227662461224691e-14,0.0,29494.2551824424,3090.37800687285
5685,0.0,0.0,0.0,0.0,2866.43757159221,0.0,-1.44520062456635e-13,0.0,26210.8215380069,2866.43757159221
5686,0.0,0.0,0.0,0.0,2897.47995418099,0.0,-1.2672977342344e-13,0.0,22891.8296088191,2897.47995418099
5687,0.0,0.0,0.0,0.0,3098.28178694158,0.0,1.69667447712636e-13,0.0,19342.8241254954,3098.28178694158
5688,0.0,0.0,0.0,0.0,3026.00229095074,0.0,1.23154823745165e-13,0.0,15876.61302475,3026.00229095074
5689,0.0,0.0,0.0,0.0,1718.25322902595,0.0,1109.26493106034,0.0,13908.396267561,2827.5181600862898
5690,0.0,0.0,0.0,0.0,0.0,0.0,2544.3,0.0,13908.396267561,2544.3
5691,0.0,0.0,0.0,0.0,3018.09851088202,0.0,-1.86542162142299e-13,0.0,10451.2387522322,3018.09851088202
5692,0.0,0.0,0.0,0.0,2875.14318442153,0.0,3.96680789272735e-14,0.0,7157.83304270012,2875.14318442153
5693,217.5123,0.0,0.0,0.0,2606.42963230241,0.0,1.9835232058139e-13,0.0,4172.23208931821,2823.94193230241
5694,2226.789,0.0,0.0,0.0,499.5586139748,0.0,-1.78140904445904e-14,0.0,3600.0,2726.3476139748
5695,2683.9175257732,1532.3994783873,4.54747350886464e-13,1377.3629958395,2.17351935887608e-13,0.0,-8.95401851994594e-30,0.0,4863.46336993033,2683.9175257732
5696,2592.98969072165,2322.82360824742,0.0,3810.55670103093,1.66339547167703e-14,0.0,6.74131626780175e-32,0.0,6778.63143493033,2592.98969072165
5697,2680.1030927835,4633.76020618557,0.0,3810.55670103093,8.701004054561371e-14,0.0,-1.2311815801810201e-31,0.0,10599.1667249303,2680.1030927835
5698,2711.44329896907,5963.79,0.0,3810.55670103093,-6.30949547728117e-14,0.0,-4.41610425332817e-30,0.0,15516.3115799303,2711.44329896907
5699,2703.60824742268,6614.43505154639,0.0,3810.55670103093,-2.1661941760331902e-14,0.0,7.91402333891849e-31,0.0,20969.9132799303,2703.60824742268
5700,2744.32989690722,152.783402061854,0.0,3810.55670103093,-4.12551277017476e-14,0.0,-1.30081813429243e-31,0.0,21095.8831949303,2744.32989690722
5701,2647.01030927835,1637.00298969072,0.0,3810.55670103093,-1.53614873878769e-13,0.0,-5.3468281742297095e-30,0.0,22445.5921599303,2647.01030927835
5702,2744.43298969072,2894.63701030928,0.0,0.0,6.81374159749117e-14,0.0,-2.4159403063046796e-30,0.0,24832.2203749303,2744.43298969072
5703,2609.8969072165,2798.7430927835,0.0,0.0,-2.38091936680171e-13,0.0,5.080157434693909e-30,0.0,27139.7840549303,2609.8969072165
5704,2183.799,0.0,0.0,0.0,504.255406643757,0.0,5.54677027231345e-16,0.0,26562.1719052811,2688.054406643757
5705,439.215,0.0,0.0,0.0,2438.9020045819,0.0,-2.94359735771738e-15,0.0,23768.4697236295,2878.1170045819003
5706,117.0354,0.0,0.0,0.0,2795.27567239404,0.0,1.22290223587374e-13,0.0,20566.5502821701,2912.3110723940404
5707,0.0,0.0,0.0,0.0,2963.23024054983,0.0,1.93074410220628e-13,0.0,17172.2430192264,2963.23024054983
5708,0.0,0.0,0.0,0.0,3050.4009163803,0.0,-1.36007825594965e-13,0.0,13678.083893934,3050.4009163803
5709,0.0,0.0,0.0,0.0,2936.65521191294,0.0,-6.29955550623277e-14,0.0,10314.2176718115,2936.65521191294
5710,0.0,0.0,0.0,0.0,3016.15120274914,0.0,5.9472695573158e-14,0.0,6859.29074999114,3016.15120274914
5711,0.0,0.0,0.0,0.0,2845.36082474227,0.0,-3.1310761543638905e-15,0.0,3600.0,2845.36082474227
5712,0.0,0.0,0.0,0.0,0.0,0.0,2486.5,0.0,7200.0,2486.5
5713,0.0,0.0,0.0,0.0,0.0,0.0,2520.8,0.0,7200.0,2520.8
5714,0.0,0.0,0.0,0.0,0.0,0.0,2443.3,0.0,7200.0,2443.3
5715,0.0,0.0,0.0,0.0,0.0,0.0,2390.7,0.0,7200.0,2390.7
5716,0.0,0.0,0.0,0.0,0.0,0.0,2105.9,0.0,7200.0,2105.9
5717,0.0,0.0,0.0,0.0,0.0,0.0,2289.1,0.0,7200.0,2289.1
5718,0.0,0.0,0.0,0.0,0.0,0.0,2560.7,0.0,7200.0,2560.7
5719,70.914,0.0,0.0,0.0,0.0,0.0,2410.11342,0.0,7200.0,2481.0274200000003
5720,1154.748,0.0,0.0,0.0,0.0,0.0,1489.39444,0.0,7200.0,2644.14244
5721,465.024,0.0,0.0,0.0,0.0,0.0,2092.72672,0.0,7200.0,2557.75072
5722,413.676,0.0,0.0,0.0,0.0,0.0,2168.83428,0.0,7200.0,2582.51028
5723,1966.668,0.0,0.0,0.0,0.0,0.0,573.83204,0.0,7200.0,2540.50004
5724,2599.17525773196,3067.79474226804,0.0,0.0,0.0,0.0,1.60205411365374e-13,0.0,9729.396765,2599.17525773196
5725,382.485,0.0,0.0,0.0,0.0,0.0,2097.08955,0.0,9729.396765,2479.5745500000003
5726,2496.70103092784,548.898969072165,0.0,0.0,0.0,0.0,1.65032706858837e-14,0.0,10181.963965,2496.70103092784
5727,2556.18556701031,523.074432989691,0.0,0.0,0.0,0.0,-2.13832891828583e-13,0.0,10613.238835,2556.18556701031
5728,668.574,0.0,0.0,0.0,0.0,0.0,1883.88322,0.0,10613.238835,2552.45722
5729,246.9978,0.0,0.0,0.0,454.172623229914,0.0,1913.81943392029,0.0,10092.9952803266,2614.989857150204
5730,0.0,0.0,0.0,0.0,2862.65750286369,0.0,-1.27246377873889e-13,0.0,6813.89161152508,2862.65750286369
5731,0.0,0.0,0.0,0.0,2805.7273768614,0.0,-1.6736527297059e-13,0.0,3600.0,2805.7273768614
5732,0.0,0.0,0.0,0.0,0.0,0.0,2420.2,0.0,3600.0,2420.2
5733,0.0,0.0,0.0,0.0,0.0,0.0,2408.7,0.0,3600.0,2408.7
5734,0.0,0.0,0.0,0.0,0.0,0.0,2295.9,0.0,3600.0,2295.9
5735,0.0,0.0,0.0,0.0,0.0,0.0,2267.3,0.0,3600.0,2267.3
5736,0.0,0.0,0.0,0.0,0.0,0.0,2248.7,0.0,3600.0,2248.7
5737,0.0,0.0,0.0,0.0,0.0,0.0,2297.6,0.0,3600.0,2297.6
5738,0.0,0.0,0.0,0.0,0.0,0.0,2370.1,0.0,3600.0,2370.1
5739,0.0,0.0,0.0,0.0,0.0,0.0,2247.1,0.0,3600.0,2247.1
5740,0.0,0.0,0.0,0.0,0.0,0.0,1888.6,0.0,3600.0,1888.6
5741,174.7434,0.0,0.0,0.0,0.0,0.0,1841.198902,0.0,3600.0,2015.942302
5742,2248.0412371134,0.80676288659788,0.0,0.0,-5.1193630357255304e-14,0.0,1.0513324353411899e-30,0.0,3600.665176,2248.0412371134
5743,2109.07216494845,3575.62783505155,0.0,0.0,-1.49197528509195e-13,0.0,-8.494425013454519e-30,0.0,6548.770326,2109.07216494845
5744,2242.78350515464,2791.73979381443,0.0,3810.55670103093,-2.28460747680586e-13,0.0,1.00450014606911e-29,0.0,8850.559786,2242.7835051546394
5745,2294.43298969072,1195.30030927835,0.0,3810.55670103093,5.44026981444974e-14,0.0,-9.635904516862351e-31,0.0,9836.084891,2294.43298969072
5746,2300.20618556701,6376.55711340206,0.0,3810.55670103093,-2.1629007805396799e-13,0.0,-9.34566824275627e-30,0.0,15093.556231,2300.20618556701
5747,2302.0618556701,6898.77144329897,0.0,3810.55670103093,-2.05815402221301e-13,-7.64294306540785e-14,-4.35408233418716e-30,0.0,20781.593286,2302.0618556701
5748,2278.65979381443,7038.57350515464,0.0,3810.55670103093,2.78761804927977e-14,0.0,7.184720915021551e-31,0.0,26584.897141,2278.65979381443
5749,2387.01030927835,6472.57298969072,0.0,3810.55670103093,4.68102677946843e-14,0.0,-4.21719239990203e-31,0.0,31921.533571,2387.01030927835
5750,2365.67010309278,5099.54319587629,0.0,3810.55670103093,4.486779376475481e-15,0.0,6.79235500290791e-32,0.0,36126.106936,2365.67010309278
5751,2290.61855670103,2792.50474226804,0.0,3810.55670103093,-6.03121404660034e-14,0.0,2.3667319155574397e-30,0.0,38428.527096,2290.61855670103
5752,2201.9587628866,0.0,0.0,3423.2812371134,1.87014728902463e-13,0.0,-3.7824935888783194e-30,0.0,38428.527096,2201.9587628866
5753,2174.0206185567,0.0,0.0,35.6923814432985,1.42643881247526e-14,4194.2936884307,8.14199548626276e-31,0.0,33624.0669717953,2174.0206185567
5754,209.0547,0.0,0.0,-7.475724160666341e-14,2346.75480068729,4233.95189003436,7.37450186262252e-14,0.0,26086.0295253788,2555.80950068729
5755,0.0,0.0,0.0,0.0,2726.57502863688,4233.95189003436,1.69916658572044e-13,0.0,18112.9173619523,2726.57502863688
5756,0.0,0.0,0.0,0.0,2621.19129438717,1911.01397038647,1.40625628998214e-13,0.0,12921.3878490387,2621.19129438717
5757,0.0,0.0,0.0,0.0,2759.45017182131,0.0,-9.60521437110961e-14,0.0,9760.50563618495,2759.45017182131
5758,0.0,0.0,0.0,0.0,2676.28865979381,0.0,-4.7996649037795804e-14,0.0,6694.88288728024,2676.28865979381
5759,0.0,0.0,0.0,0.0,2701.83276059565,0.0,2.70820392966365e-14,0.0,3600.0,2701.83276059565
5760,0.0,0.0,0.0,0.0,0.0,0.0,2299.9,0.0,7200.0,2299.9
5761,0.0,0.0,0.0,0.0,0.0,0.0,2256.7,0.0,7200.0,2256.7
5762,0.0,0.0,0.0,0.0,0.0,0.0,2245.9,0.0,7200.0,2245.9
5763,0.0,0.0,0.0,0.0,0.0,0.0,2166.1,0.0,7200.0,2166.1
5764,0.0,0.0,0.0,0.0,1191.44457044674,0.0,772.16889,0.0,5835.22958711714,1963.61346044674
5765,132.543,0.0,0.0,0.0,1951.35542955326,0.0,1.27886242565603e-14,0.0,3600.0,2083.89842955326
5766,1890.30927835052,228.797721649485,0.0,0.0,8.89493680193393e-14,0.0,-4.38583299583154e-30,0.0,3788.6437215,1890.30927835052
5767,2041.64948453608,1033.95051546392,0.0,0.0,3.88738139665683e-14,0.0,-1.8242124072173397e-30,0.0,4641.1359215,2041.64948453608
5768,2026.70103092784,5014.05896907216,0.0,0.0,-9.96214378112038e-14,0.0,1.88038601840958e-30,0.0,8775.2275415,2026.70103092784
5769,2097.11340206186,4709.52659793814,0.0,0.0,-6.10092075503938e-14,0.0,8.76124286617291e-31,0.0,12658.2322215,2097.11340206186
5770,2081.44329896907,4426.00670103093,0.0,0.0,-2.22967070318834e-13,0.0,-3.60199979914009e-30,0.0,16307.4747465,2081.44329896907
5771,1957.21649484536,11622.2235051546,0.0,0.0,1.04014030271973e-13,0.0,-4.523155848291789e-30,0.0,25889.9980265,1957.21649484536
5772,2057.31958762887,11464.3104123711,0.0,0.0,2.24272261832249e-13,0.0,5.42185381064088e-30,0.0,35342.3219615,2057.31958762887
5773,2041.03092783505,3348.04907216495,0.0,0.0,1.24803746652559e-13,0.0,4.23542027471356e-30,0.0,38102.7884215,2041.0309278350503
5774,1957.52577319588,8954.22422680412,0.0,0.0,-6.52696446505957e-14,0.0,1.4911508447394998e-31,0.0,45485.5462965,1957.52577319588
5775,2122.57731958763,6318.70268041237,0.0,0.0,-4.98139703470127e-14,0.0,1.7416699131891498e-30,0.0,50695.3166565,2122.57731958763
5776,840.672,0.0,0.0,0.0,1434.64852233677,0.0,-5.97519393566572e-14,0.0,49051.962106286,2275.32052233677
5777,1915.839,0.0,0.0,0.0,426.04372279496,0.0,1.92877602294938e-14,0.0,48563.9395143102,2341.88272279496
5778,192.0327,0.0,0.0,0.0,2434.62575143184,0.0,1.87587946512181e-13,0.0,45775.1356753275,2626.65845143184
5779,0.0,0.0,0.0,0.0,2813.40206185567,0.0,-4.8662581410042704e-14,0.0,42552.4529011515,2813.40206185567
5780,0.0,0.0,0.0,0.0,2957.73195876289,0.0,1.92609895959284e-13,0.0,39164.4437845846,2957.73195876289
5781,0.0,0.0,0.0,0.0,2923.94043528064,0.0,-2.3909868866524e-14,0.0,35815.1420259584,2923.94043528064
5782,0.0,0.0,0.0,0.0,2639.40435280641,0.0,4.42515435011728e-14,0.0,32791.7693423314,2639.40435280641
5783,0.0,0.0,0.0,0.0,2850.51546391753,0.0,5.0083520377906e-14,0.0,29526.574080112,2850.51546391753
5784,0.0,0.0,0.0,0.0,2815.46391752577,0.0,-1.4142737839946e-13,0.0,26301.5295010447,2815.46391752577
5785,0.0,0.0,0.0,0.0,2802.29095074456,0.0,-1.45088757096189e-13,0.0,23091.5742310051,2802.29095074456
5786,0.0,0.0,0.0,0.0,645.9866448676,0.0,1656.45365903058,0.0,22351.6124384878,2302.44030389818
5787,0.0,0.0,0.0,0.0,0.0,0.0,2362.2,0.0,22351.6124384878,2362.2
5788,0.0,0.0,0.0,0.0,2617.75486827033,0.0,4.73963177474529e-14,0.0,19353.0387062194,2617.75486827033
5789,30.2613,0.0,0.0,0.0,2691.46224398625,0.0,-4.6150705934191504e-14,0.0,16270.034990313,2721.72354398625
5790,0.0,0.0,0.0,0.0,2680.18327605956,0.0,3.02268135429166e-14,0.0,13199.9510543914,2680.18327605956
5791,0.0,0.0,0.0,0.0,2739.40435280641,0.0,-1.7066631778418499e-13,0.0,10062.0308335364,2739.40435280641
5792,94.2501,0.0,0.0,0.0,2447.0531534937,0.0,7.984818412676201e-15,0.0,7258.9917115505,2541.3032534937
5793,2199.17525773196,2322.69474226804,0.0,0.0,1.71302715153462e-13,0.0,-2.51063327604907e-31,0.0,9174.0535265505,2199.17525773196
5794,2257.73195876289,3837.33804123711,0.0,0.0,-8.21519675370675e-14,0.0,3.59011403772205e-30,0.0,12337.9387415505,2257.73195876289
5795,2346.18556701031,465.813432989691,0.0,0.0,-5.8616146672053e-14,0.0,2.20945517951723e-32,0.0,12722.0019170505,2346.18556701031
5796,2361.85567010309,2495.50432989691,0.0,0.0,-1.25855115965519e-13,0.0,6.347170688616e-31,0.0,14779.5452370505,2361.85567010309
5797,2183.09278350515,1962.06721649485,0.0,0.0,-1.99028490259709e-13,0.0,8.279748126830409e-30,0.0,16397.2696570505,2183.09278350515
5798,2369.17525773196,1583.95474226804,0.0,0.0,-2.24603069774495e-13,0.0,6.34105237506411e-30,0.0,17703.2403420505,2369.17525773196
5799,2278.76288659794,214.270113402062,0.0,0.0,1.37268724169457e-13,0.0,-7.07679096343683e-30,0.0,17879.9060505505,2278.76288659794
5800,2155.854,0.0,0.0,0.0,33.358098510882,0.0,1.99193212770667e-15,0.0,17841.6951702402,2189.212098510882
5801,425.025,0.0,0.0,0.0,2022.70990836197,0.0,-3.30141071665189e-14,0.0,15524.7307849459,2447.73490836197
5802,9.91428,0.0,0.0,0.0,2571.11471752577,0.0,-1.09574367859143e-13,0.0,12579.5821967147,2581.02899752577
5803,0.0,0.0,0.0,0.0,2572.27949599084,0.0,5.0953516065971703e-14,0.0,9633.09938343771,2572.27949599084
5804,0.0,0.0,0.0,0.0,2634.70790378007,0.0,3.37840118614353e-14,0.0,6615.10636650751,2634.70790378007
5805,0.0,0.0,0.0,0.0,2632.18785796105,0.0,2.60488303957392e-14,0.0,3600.0,2632.18785796105
5806,0.0,0.0,0.0,0.0,0.0,0.0,2630.7,0.0,3600.0,2630.7
5807,0.0,0.0,0.0,0.0,0.0,0.0,2627.0,0.0,3600.0,2627.0
5808,0.0,0.0,0.0,0.0,0.0,0.0,2528.0,0.0,7200.0,2528.0
5809,0.0,0.0,0.0,0.0,0.0,0.0,2551.5,12000.0,17094.0,2551.5
5810,0.0,0.0,0.0,0.0,0.0,0.0,2499.0,9657.055281536,25056.2420796264,2499.0
5811,0.0,0.0,0.0,0.0,0.0,0.0,2558.0,0.0,25056.2420796264,2558.0
5812,0.0,0.0,0.0,0.0,0.0,0.0,2505.1,0.0,25056.2420796264,2505.1
5813,0.0,0.0,0.0,0.0,0.0,0.0,2378.8,0.0,25056.2420796264,2378.8
5814,0.0,0.0,0.0,0.0,2949.82817869416,0.0,-1.5812628030180101e-15,0.0,21677.2865484762,2949.82817869416
5815,189.225,0.0,0.0,0.0,2698.3410652921,0.0,1.43945905977624e-13,0.0,18586.4033121737,2887.5660652921
5816,1306.272,0.0,0.0,0.0,1465.42515463918,0.0,-3.03660649431962e-14,0.0,16907.7948876156,2771.69715463918
5817,818.7,0.0,0.0,0.0,2046.80526918671,0.0,-1.1143432364969801e-14,0.0,14563.2298599103,2865.50526918671
5818,2691.13402061856,9076.84597938144,0.0,0.0,-6.415618329521071e-15,0.0,-2.81975717989433e-31,0.0,22047.0893699103,2691.13402061856
5819,2642.98969072165,10045.5703092783,0.0,0.0,2.5329777442115702e-15,0.0,-2.62661029636406e-32,0.0,30329.6620899103,2642.98969072165
5820,2793.29896907217,9817.38103092784,0.0,0.0,-1.54358929535806e-13,0.0,4.3958600187049594e-30,0.0,38424.0927499103,2793.29896907217
5821,2688.45360824742,2164.25639175258,0.0,0.0,1.18519025061124e-13,0.0,-5.2168309471541795e-30,0.0,40208.5221449103,2688.45360824742
5822,2814.53608247423,7125.09391752577,0.0,0.0,-2.0580092806276299e-13,0.0,3.44620000790872e-30,0.0,46083.1620799103,2814.53608247423
5823,2292.24,0.0,0.0,0.0,549.286597938145,0.0,3.4513346132915e-14,0.0,45453.967809649,2841.5265979381447
5824,291.2976,0.0,0.0,0.0,2735.44252920962,0.0,1.19910201819823e-13,0.0,42320.5857601535,3026.74012920962
5825,437.448,0.0,0.0,0.0,2533.64884306987,0.0,1.27737196541257e-13,0.0,39418.3534084125,2971.09684306987
5826,148.5222,0.0,0.0,0.0,2892.24910194731,0.0,-9.217826661621e-14,0.0,36105.3532916344,3040.77130194731
5827,0.0,0.0,0.0,0.0,3249.82817869416,0.0,3.21482008635139e-14,0.0,32382.7551488003,3249.82817869416
5828,0.0,0.0,0.0,0.0,3195.87628865979,0.0,4.25115521250415e-14,0.0,28721.9575672885,3195.87628865979
5829,0.0,0.0,0.0,0.0,3157.50286368843,0.0,-8.89785971770457e-14,0.0,25105.1157990314,3157.50286368843
5830,0.0,0.0,0.0,0.0,3307.90378006873,0.0,-1.05991830814267e-13,0.0,21315.9934850924,3307.90378006873
5831,0.0,0.0,0.0,0.0,0.0,0.0,2735.7,0.0,21315.9934850924,2735.7
5832,0.0,0.0,0.0,0.0,0.0,0.0,2556.6,0.0,21315.9934850924,2556.6
5833,0.0,0.0,0.0,0.0,2943.18442153494,0.0,1.18460236147539e-13,0.0,17944.6482141475,2943.18442153494
5834,0.0,0.0,0.0,0.0,2888.54524627721,0.0,-1.04917771810383e-13,0.0,14635.8907728219,2888.54524627721
5835,0.0,0.0,0.0,0.0,2891.06529209622,0.0,1.84306019854035e-13,0.0,11324.2466810737,2891.06529209622
5836,0.0,0.0,0.0,0.0,2767.35395189003,0.0,1.55891928613787e-13,0.0,8154.3108828033,2767.35395189003
5837,20.84496,0.0,0.0,0.0,2923.91797113402,0.0,-4.43735395607554e-14,0.0,4805.03485630385,2944.76293113402
5838,1751.967,0.0,0.0,0.0,1051.99542955326,0.0,-4.2923894786012e-14,0.0,3600.0,2803.9624295532603
5839,2674.63917525773,2.50914836032757e-13,2.03832514853707e-13,2078.71082474227,1.80605613455764e-13,0.0,4.66271043903267e-30,0.0,3600.0,2674.63917525773
5840,2530.82474226804,-2.03869615726938e-13,-2.5087773515952597e-13,1997.52525773196,-1.46743004899669e-13,0.0,9.256150020198609e-30,0.0,3600.0,2530.82474226804
5841,2660.61855670103,3550.92474226804,0.0,3810.55670103093,5.51612279600725e-14,0.0,2.6034082595385197e-30,0.0,6527.73745,2660.61855670103
5842,2724.63917525773,4700.16412371134,0.0,3810.55670103093,1.97758749946193e-13,0.0,-7.12080038623526e-30,0.0,10403.02277,2724.63917525773
5843,2604.74226804124,5461.46103092783,0.0,3810.55670103093,2.14935380722944e-13,0.0,8.53546824994068e-30,0.0,14905.99739,2604.74226804124
5844,2855.25773195876,7634.46273935016,0.0,1328.86952869107,-2.41021170735672e-13,0.0,1.07799961363036e-29,0.0,21200.6119185942,2855.2577319587595
5845,2649.07216494845,4560.30113402062,0.0,3810.55670103093,7.56448893072171e-14,0.0,-4.9269592514114596e-30,0.0,24960.5802035942,2649.07216494845
5846,2804.53608247423,4130.17391752577,0.0,0.0,-1.33724443261283e-14,0.0,3.6278761062007904e-31,0.0,28365.9085985942,2804.53608247423
5847,2554.53608247423,1362.65391752577,0.0,0.0,-2.10028431208029e-14,0.0,9.83755316735253e-32,0.0,29489.4167535942,2554.53608247423
5848,42.6066,0.0,0.0,0.0,2585.19083390607,0.0,1.22371785298558e-13,0.0,26528.1443207121,2627.79743390607
5849,0.0,0.0,0.0,0.0,2823.3676975945,0.0,5.27637803628425e-14,0.0,23294.0461562281,2823.3676975945
5850,115.4601,0.0,0.0,0.0,2724.1737720504,0.0,-3.3814420113652903e-14,0.0,20173.5721905347,2839.6338720504
5851,0.0,0.0,0.0,0.0,2853.49369988545,0.0,4.28128531735536e-14,0.0,16904.9654323612,2853.49369988545
5852,0.0,0.0,0.0,0.0,2883.73424971363,0.0,1.28359073147723e-13,0.0,13601.7188691153,2883.73424971363
5853,0.0,0.0,0.0,0.0,2895.53264604811,0.0,6.15321707294358e-14,0.0,10284.9575334359,2895.53264604811
5854,0.0,0.0,0.0,0.0,2917.18213058419,0.0,6.34482920574783e-16,0.0,6943.39724639792,2917.18213058419
5855,0.0,0.0,0.0,0.0,2918.78579610538,0.0,-7.71244653987939e-14,0.0,3600.0,2918.78579610538
5856,0.0,0.0,0.0,0.0,0.0,0.0,2492.6,0.0,7200.0,2492.6
5857,0.0,0.0,0.0,0.0,0.0,0.0,2601.4,0.0,7200.0,2601.4
5858,0.0,0.0,0.0,0.0,0.0,0.0,2578.9,0.0,7200.0,2578.9
5859,0.0,0.0,0.0,0.0,0.0,0.0,2513.2,0.0,7200.0,2513.2
5860,0.0,0.0,0.0,0.0,0.0,0.0,2393.0,0.0,7200.0,2393.0
5861,0.0,0.0,0.0,0.0,0.0,0.0,2501.1,0.0,7200.0,2501.1
5862,0.0,0.0,0.0,0.0,2848.79725085911,0.0,3.23453215338161e-14,0.0,3936.77290852336,2848.79725085911
5863,2544.32989690722,3020.64010309278,0.0,0.0,-4.73594467374872e-14,0.0,-2.5453733014119e-30,0.0,6427.29067352336,2544.32989690722
5864,2671.9587628866,6309.6212371134,0.0,0.0,-1.99734577471884e-13,0.0,9.187261626796459e-30,0.0,11629.5733835234,2671.9587628866
5865,2613.09278350515,8941.79721649485,0.0,0.0,2.15190251775467e-13,0.0,-7.59470679808126e-30,0.0,19002.0851885234,2613.09278350515
5866,2608.55670103093,1798.14329896907,0.0,0.0,-1.75624614984849e-13,0.0,-8.06174151888659e-30,0.0,20484.6543385234,2608.55670103093
5867,2228.487,0.0,0.0,0.0,389.309977090493,0.0,-3.57170297410915e-15,0.0,20038.7093475835,2617.796977090493
5868,2642.57731958763,4590.15268041237,0.0,0.0,5.46105806243743e-14,0.0,-3.5106511576980903e-31,0.0,23823.2902325835,2642.57731958763
5869,2525.56701030928,10501.9929896907,0.0,0.0,1.96891768826787e-13,0.0,9.487914766257279e-30,0.0,32482.1834525835,2525.56701030928
5870,2733.60824742268,4702.34175257732,0.0,0.0,-1.0929961538343499e-13,0.0,-2.8699713098398497e-30,0.0,36359.2642275835,2733.60824742268
5871,2721.13402061856,5936.92597938144,0.0,0.0,-9.40532919526239e-14,0.0,3.6320819111162394e-30,0.0,41254.2596975835,2721.13402061856
5872,2748.65979381443,2528.04020618557,0.0,0.0,1.3077465170525e-13,0.0,-6.00734668936582e-31,0.0,43338.6288475835,2748.65979381443
5873,1867.395,0.0,0.0,0.0,881.130412371134,0.0,-2.91302441504173e-14,0.0,42329.3156604459,2748.525412371134
5874,179.6241,0.0,0.0,0.0,2766.28250057274,0.0,-1.75620793462321e-13,0.0,39160.6071832721,2945.90660057274
5875,0.0,0.0,0.0,0.0,2955.3264604811,0.0,-5.88696621042553e-14,0.0,35775.353505745,2955.3264604811
5876,0.0,0.0,0.0,0.0,2843.8717067583,0.0,1.70125019328463e-13,0.0,32517.7685037309,2843.8717067583
5877,0.0,0.0,0.0,0.0,2741.46620847652,0.0,1.91316236112862e-13,0.0,29377.4864779847,2741.46620847652
5878,0.0,0.0,0.0,0.0,2816.15120274914,0.0,9.23139808199898e-14,0.0,26151.6546306202,2816.15120274914
5879,0.0,0.0,0.0,0.0,2785.56701030928,0.0,1.17270756679327e-13,0.0,22960.8562224767,2785.56701030928
5880,0.0,0.0,0.0,0.0,2704.46735395189,0.0,1.30314367925791e-13,0.0,19862.9554733909,2704.46735395189
5881,0.0,0.0,0.0,0.0,2797.82359679267,0.0,3.54380055909912e-14,0.0,16658.1174472825,2797.82359679267
5882,0.0,0.0,0.0,0.0,2382.91542808196,0.0,254.314831284446,0.0,13928.5465101898,2637.230259366406
5883,0.0,0.0,0.0,0.0,2709.73654066438,0.0,-6.02154121397824e-14,0.0,10824.6100374929,2709.73654066438
5884,0.0,0.0,0.0,0.0,2478.6941580756,0.0,-4.5164415926145504e-14,0.0,7985.32692400422,2478.6941580756
5885,42.228,0.0,0.0,0.0,2794.66075601375,0.0,-9.78085865525924e-14,0.0,4784.11185411448,2836.88875601375
5886,2031.921,0.0,0.0,0.0,616.307709049256,0.0,-2.02783430775191e-14,0.0,4078.14655165256,2648.228709049256
5887,2592.57731958763,3017.18268041237,0.0,0.0,6.8711557596933e-14,0.0,-5.0781148419337494e-30,0.0,6565.81367165256,2592.57731958763
5888,2592.88659793814,2099.02340206186,0.0,0.0,-1.08385645691383e-13,0.0,2.34444508817407e-30,0.0,8296.45846665256,2592.88659793814
5889,2655.77319587629,4883.79680412371,0.0,0.0,-1.89810548974915e-13,0.0,-1.08132440881969e-29,0.0,12323.1489316526,2655.77319587629
5890,2649.17525773196,5283.09474226804,0.0,0.0,2.0066448971536999e-13,0.0,3.8148179472195696e-30,0.0,16679.0605466526,2649.17525773196
5891,2649.07216494845,11201.7178350515,0.0,0.0,7.56448893072171e-14,0.0,-4.9269592514114596e-30,0.0,25914.8769016526,2649.07216494845
5892,2671.03092783505,385.069072164948,0.0,0.0,-2.04971915388218e-13,0.0,-4.32734045161519e-30,0.0,26232.3663516526,2671.03092783505
5893,2023.707,0.0,0.0,0.0,665.411466208476,0.0,-2.48522776292353e-14,0.0,25470.1539046784,2689.118466208476
5894,2667.9381443299,478.431855670103,0.0,0.0,-4.35867258489038e-14,0.0,-2.7090655583860597e-30,0.0,25864.6209696784,2667.9381443299
5895,1860.162,0.0,0.0,0.0,743.004421534937,0.0,-4.8929741287056104e-14,0.0,25013.5277033153,2603.166421534937
5896,1169.241,0.0,0.0,0.0,1456.16979381443,0.0,1.9184955479926302e-14,0.0,23345.5210666436,2625.41079381443
5897,1721.013,0.0,0.0,0.0,859.240996563574,0.0,-4.9178011002902e-14,0.0,22361.2816662271,2580.2539965635738
5898,182.0445,0.0,0.0,0.0,2570.69511454754,0.0,6.914059567461721e-14,0.0,19416.6137228737,2752.73961454754
5899,0.0,0.0,0.0,0.0,2680.87056128293,0.0,-1.33026264561517e-13,0.0,16345.742518655,2680.87056128293
5900,0.0,0.0,0.0,0.0,2676.6323024055,0.0,-1.00746731308722e-13,0.0,13279.7261356017,2676.6323024055
5901,0.0,0.0,0.0,0.0,2868.95761741123,0.0,-1.9453779455352e-13,0.0,9993.4058407435,2868.95761741123
5902,0.0,0.0,0.0,0.0,2792.89805269187,0.0,-1.66023820375664e-13,0.0,6794.2099040976,2792.89805269187
5903,0.0,0.0,0.0,0.0,2788.54524627721,0.0,1.10000089474975e-13,0.0,3600.0,2788.54524627721
5904,0.0,0.0,0.0,0.0,2714.54753722795,0.0,4.57492666634137e-14,0.0,4090.55264922343,2714.54753722795
5905,0.0,0.0,0.0,0.0,428.25246277205,0.0,1971.2356,0.0,3600.0,2399.48806277205
5906,0.0,0.0,0.0,0.0,0.0,0.0,2327.3,0.0,3600.0,2327.3
5907,0.0,0.0,0.0,0.0,0.0,0.0,2200.9,0.0,3600.0,2200.9
5908,0.0,0.0,0.0,0.0,0.0,0.0,2250.1,0.0,3600.0,2250.1
5909,0.0,0.0,0.0,0.0,0.0,0.0,2278.2,0.0,3600.0,2278.2
5910,1929.933,0.0,0.0,0.0,0.0,0.0,482.164990000001,0.0,3600.0,2412.097990000001
5911,2370.51546391753,3145.85453608247,0.0,0.0,2.33831499579969e-13,0.0,5.21164248728985e-30,0.0,6193.757065,2370.5154639175303
5912,2397.83505154639,6497.10494845361,0.0,0.0,2.24247299153031e-13,0.0,-1.09864973605821e-29,0.0,11550.620095,2397.83505154639
5913,2417.62886597938,9004.06113402062,0.0,0.0,1.10253021913244e-13,0.0,-7.63406151208614e-31,0.0,18974.4685,2417.62886597938
5914,2364.0206185567,6388.1793814433,0.0,0.0,2.12797190897126e-13,0.0,-6.740677063259139e-30,0.0,24241.5224,2364.0206185567
5915,2372.98969072165,7060.30030927835,0.0,0.0,-9.42611744325008e-14,0.0,-2.48984798686373e-30,0.0,30062.740005,2372.98969072165
5916,2346.90721649485,7495.64278350515,0.0,0.0,2.33110938209256e-13,0.0,2.03564918934142e-29,0.0,36242.89748,2346.9072164948507
5917,2425.36082474227,5049.28917525773,0.0,0.0,-4.0572534775895404e-14,0.0,-9.30351964521427e-31,0.0,40406.036405,2425.36082474227
5918,2421.9587628866,5271.6912371134,0.0,0.0,-2.22992032998053e-13,0.0,2.02726727789109e-30,0.0,44752.54583,2421.9587628866
5919,2494.32989690722,1505.63010309278,0.0,0.0,-4.88855264964222e-14,0.0,-1.7718450328916797e-30,0.0,45993.93785,2494.32989690722
5920,1851.429,0.0,0.0,0.0,671.264455899198,0.0,-1.29047626701976e-14,0.0,45225.0209474809,2522.693455899198
5921,225.7515,0.0,0.0,0.0,2493.38034936999,0.0,-1.73987396057207e-14,0.0,42368.9151635519,2719.13184936999
5922,0.0,0.0,0.0,0.0,2722.79495990836,0.0,1.8719034315478999e-13,0.0,39250.0205932101,2722.79495990836
5923,0.0,0.0,0.0,0.0,2706.87285223368,0.0,4.2552402228028703e-14,0.0,36149.3644050845,2706.87285223368
5924,0.0,0.0,0.0,0.0,2679.4959908362,0.0,1.9347989164735e-13,0.0,33080.06773746,2679.4959908362
5925,0.0,0.0,0.0,0.0,2743.8717067583,0.0,4.5801356852518705e-14,0.0,29937.0302726739,2743.8717067583
5926,0.0,0.0,0.0,0.0,2695.18900343643,0.0,-1.92117985514108e-13,0.0,26849.7576455989,2695.18900343643
5927,0.0,0.0,0.0,0.0,2715.92210767468,0.0,1.1623754777843e-13,0.0,23738.7357582281,2715.92210767468
5928,0.0,0.0,0.0,0.0,2595.99083619702,0.0,1.27968583928553e-14,0.0,20765.0921887012,2595.99083619702
5929,0.0,0.0,0.0,0.0,2582.93241695304,0.0,1.04632626859585e-13,0.0,17806.4067168191,2582.93241695304
5930,0.0,0.0,0.0,0.0,2499.88545246277,0.0,-9.1056255064958e-14,0.0,14942.8494975032,2499.88545246277
5931,0.0,0.0,0.0,0.0,2411.91294387171,0.0,-1.48965439194854e-13,0.0,12180.0626202161,2411.91294387171
5932,0.0,0.0,0.0,0.0,2394.73081328751,0.0,7.06470096881296e-14,0.0,9436.95745035637,2394.73081328751
5933,0.0,0.0,0.0,0.0,2443.8717067583,0.0,-4.56810203765942e-14,0.0,6637.56259725407,2443.8717067583
5934,1834.716,0.0,0.0,0.0,460.968476517755,0.0,2.00887634998241e-14,0.0,6109.53456000579,2295.684476517755
5935,2250.92783505155,0.0,0.0,3229.95216494845,5.82838703369117e-14,645.11615120275,7.346216758765e-31,0.0,5370.5698965433,2250.92783505155
5936,2328.14432989691,2847.64896907217,0.0,3810.55670103093,-2.79126805447639e-14,-7.64294306540785e-14,-1.60023407722627e-31,0.0,7718.4564715433,2328.14432989691
5937,2329.17525773196,5513.19804123711,0.0,3810.55670103093,8.67172010482291e-14,-7.64294306540785e-14,2.8046133347182698e-30,0.0,12264.0882565433,2329.17525773196
5938,2309.019,0.0,0.0,0.0,115.637537227949,0.0,1.0296431036279801e-15,0.0,12131.6283055376,2424.656537227949
5939,2301.03092783505,7960.24237113402,0.0,3810.55670103093,1.84829550504e-13,0.0,-7.825343080203319e-30,0.0,18694.8481405376,2301.03092783505
5940,2458.96907216495,7671.38422680412,0.0,3810.55670103093,-2.32280457141816e-13,0.0,-1.7123842394904799e-29,0.0,25019.9044355376,2458.969072164949
5941,2435.67010309278,6481.00319587629,0.0,3810.55670103093,9.517661251744821e-14,0.0,-3.32716390534321e-30,0.0,30363.4915705376,2435.67010309278
5942,1366.602,0.0,0.0,0.0,1159.33111111111,0.0,-6.27421117529694e-14,0.0,29035.5063344424,2525.93311111111
5943,2703.71134020619,0.0,0.0,268.055659793815,8.77306019163273e-14,0.0,-4.24915844001536e-30,0.0,29035.5063344424,2703.71134020619
5944,2628.45360824742,0.0,0.0,422.906391752577,-1.9585340527947e-13,0.0,1.08854737543592e-29,0.0,29035.5063344424,2628.45360824742
5945,188.2491,0.0,0.0,0.0,2683.61783848797,2359.34620637145,-5.84428188714839e-14,0.0,23258.915217765,2871.86693848797
5946,142.7532,0.0,0.0,0.0,2543.67628407789,0.0,1.80505701557504e-13,0.0,20345.1966793023,2686.4294840778903
5947,0.0,0.0,0.0,0.0,2944.10080183276,0.0,1.46201452370023e-13,0.0,16972.8017172946,2944.10080183276
5948,0.0,0.0,0.0,0.0,2985.22336769759,0.0,7.942664014084071e-14,0.0,13553.3018688437,2985.22336769759
5949,0.0,0.0,0.0,0.0,2845.81901489118,0.0,3.9615988738168504e-14,0.0,10293.4862733212,2845.81901489118
5950,0.0,0.0,0.0,0.0,2896.56357388316,0.0,-1.54470989645924e-13,0.0,6975.54403519614,2896.56357388316
5951,0.0,0.0,0.0,0.0,2946.84994272623,0.0,-5.20635091612465e-14,0.0,3600.0,2946.84994272623
5952,0.0,0.0,0.0,0.0,0.0,0.0,2446.9,0.0,7200.0,2446.9
5953,0.0,0.0,0.0,0.0,0.0,0.0,2376.1,0.0,7200.0,2376.1
5954,0.0,0.0,0.0,0.0,0.0,0.0,2462.8,0.0,7200.0,2462.8
5955,0.0,0.0,0.0,0.0,0.0,0.0,2497.5,0.0,7200.0,2497.5
5956,0.0,0.0,0.0,0.0,0.0,0.0,2346.2,0.0,7200.0,2346.2
5957,0.0,0.0,0.0,0.0,2202.72035509737,0.0,530.32513,0.0,4676.83808121722,2733.04548509737
5958,1821.351,0.0,0.0,0.0,940.079644902635,0.0,-2.0271642773468102e-14,0.0,3600.0,2761.430644902636
5959,2649.58762886598,2836.12237113402,0.0,0.0,1.32959830103714e-13,0.0,3.44211482238842e-30,0.0,5938.382895,2649.58762886598
5960,2618.65979381443,6430.84020618557,0.0,0.0,2.30987222541976e-13,0.0,1.2880628922310298e-29,0.0,11240.610645,2618.6597938144305
5961,2696.18556701031,9022.89443298969,0.0,0.0,-3.23065316280149e-14,0.0,1.2562780159654998e-31,0.0,18679.987105,2696.18556701031
5962,2831.64948453608,7542.74051546392,0.0,0.0,-2.26114675374892e-13,0.0,-1.6133507005104298e-30,0.0,24898.97666,2831.64948453608
5963,2893.50515463918,8356.61484536083,0.0,0.0,8.310537406687631e-14,0.0,3.79531762535657e-30,0.0,31789.0056,2893.50515463918
5964,2897.42268041237,8111.40731958763,0.0,0.0,-1.9806207796425699e-13,0.0,1.4404630498445098e-30,0.0,38476.860935,2897.42268041237
5965,2705.87628865979,5853.96371134021,0.0,0.0,-7.88919255393207e-14,0.0,-2.8538217254655097e-30,0.0,43303.454015,2705.87628865979
5966,2817.01030927835,2310.04969072165,0.0,0.0,-4.4245824488432805e-14,0.0,-2.01603875616774e-30,0.0,45208.089985,2817.01030927835
5967,2655.15463917526,667.375360824743,0.0,0.0,1.48756800870223e-13,0.0,1.87983229452575e-30,0.0,45758.34097,2655.15463917526
5968,2602.78350515464,485.32649484536,0.0,0.0,9.50681612136173e-14,0.0,3.2033627218344904e-31,0.0,46158.492665,2602.78350515464
5969,763.716,0.0,0.0,0.0,2084.30180985109,0.0,4.09917465479934e-14,0.0,43770.976273418,2848.01780985109
5970,19.25019,0.0,0.0,0.0,2895.10574536082,0.0,-7.67117822680049e-14,0.0,40454.7039419623,2914.35593536082
5971,0.0,0.0,0.0,0.0,2862.08476517755,0.0,1.89256760956584e-13,0.0,37176.2563300751,2862.08476517755
5972,0.0,0.0,0.0,0.0,2978.6941580756,0.0,-4.4276237506445404e-14,0.0,33764.2355304467,2978.6941580756
5973,0.0,0.0,0.0,0.0,2815.578465063,0.0,-4.5930231236001304e-14,0.0,30539.0597399965,2815.578465063
5974,0.0,0.0,0.0,0.0,2983.96334478809,0.0,1.0443550618928299e-13,0.0,27121.003216757,2983.96334478809
5975,0.0,0.0,0.0,0.0,2930.58419243986,0.0,1.9529015594422099e-13,0.0,23764.0911979255,2930.58419243986
5976,0.0,0.0,0.0,0.0,2820.04581901489,0.0,1.70537443400702e-13,0.0,20533.7981635442,2820.04581901489
5977,0.0,0.0,0.0,0.0,0.0,0.0,2472.2,0.0,20533.7981635442,2472.2
5978,0.0,0.0,0.0,0.0,0.0,0.0,2562.5,0.0,20533.7981635442,2562.5
5979,0.0,0.0,0.0,0.0,2556.35059020072,0.0,215.305934754769,0.0,17605.5615195571,2771.656524955489
5980,0.0,0.0,0.0,0.0,2678.80870561283,0.0,-4.0261467572099704e-14,0.0,14537.0521202297,2678.80870561283
5981,0.0,0.0,0.0,0.0,2644.44444444444,0.0,5.972190643256499e-14,0.0,11507.9061357573,2644.44444444444
5982,0.0,0.0,0.0,0.0,2653.03550973654,0.0,9.0659987090434e-14,0.0,8468.91929757109,2653.03550973654
5983,2144.91,0.0,0.0,0.0,189.046162657503,0.0,4.144322507673161e-15,0.0,8252.37157402298,2333.956162657503
5984,1782.168,0.0,0.0,0.0,657.155830469645,0.0,9.011735056798011e-15,0.0,7499.61575447012,2439.323830469645
5985,2307.83505154639,550.714948453608,0.0,0.0,2.8766655898526704e-14,0.0,5.307272763263971e-31,0.0,7953.68022947012,2307.83505154639
5986,2406.39175257732,10166.2182474227,0.0,0.0,-1.51064065649401e-14,0.0,-8.535605972920131e-31,0.0,16335.7271744701,2406.39175257732
5987,1967.937,0.0,0.0,0.0,379.840904925544,0.0,8.348594535557551e-15,0.0,15900.6287724936,2347.777904925544
5988,2238.14432989691,5319.93567010309,0.0,0.0,-2.39020380530762e-13,0.0,-1.8953350429543e-29,0.0,20286.9157324936,2238.1443298969098
5989,2372.78350515464,2471.94649484536,0.0,0.0,1.7660151580098e-13,0.0,9.83052527102781e-30,0.0,22325.0356174936,2372.78350515464
5990,2417.21649484536,2929.14350515464,0.0,0.0,1.62330624793406e-13,0.0,5.1098749683067095e-30,0.0,24740.1144374936,2417.21649484536
5991,2182.179,0.0,0.0,0.0,194.142462772051,0.0,-7.755320896102e-15,0.0,24517.7290276745,2376.3214627720517
5992,2272.16494845361,597.509051546392,0.0,0.0,6.841871809954841e-15,0.0,-2.15038334919738e-31,0.0,25010.3752406745,2272.16494845361
5993,0.0,0.0,0.0,0.0,2563.80297823597,0.0,5.775966900898051e-14,0.0,22073.6020697284,2563.80297823597
5994,26.63106,0.0,0.0,0.0,2462.50615326461,0.0,1.71072154722378e-14,0.0,19252.861917077,2489.13721326461
5995,0.0,0.0,0.0,0.0,2544.55899198167,0.0,-2.6857522442501998e-14,0.0,16338.1322584497,2544.55899198167
5996,0.0,0.0,0.0,0.0,2557.96105383734,0.0,1.67798150581144e-13,0.0,13408.0508680289,2557.96105383734
5997,0.0,0.0,0.0,0.0,2659.79381443299,0.0,6.61156353033352e-14,0.0,10361.3225582546,2659.79381443299
5998,0.0,0.0,0.0,0.0,2933.10423825888,0.0,-1.93969099913966e-13,0.0,7001.52388900042,2933.10423825888
5999,0.0,0.0,0.0,0.0,2969.53035509737,0.0,1.25782993540997e-13,0.0,3600.0,2969.53035509737
6000,0.0,0.0,0.0,0.0,0.0,0.0,2592.5,12000.0,17094.0,2592.5
6001,0.0,0.0,0.0,0.0,0.0,0.0,2677.1,12000.0,26988.0,2677.1
6002,0.0,0.0,0.0,0.0,0.0,0.0,2628.0,12000.0,36882.0,2628.0
6003,0.0,0.0,0.0,0.0,0.0,0.0,2424.0,12000.0,46776.0,2424.0
6004,0.0,0.0,0.0,0.0,0.0,0.0,2471.9,5302.89823800307,51148.2395972335,2471.9
6005,0.0,0.0,0.0,0.0,0.0,0.0,2572.0,0.0,51148.2395972335,2572.0
6006,121.0497,0.0,0.0,0.0,2804.33194845361,0.0,4.52674688569773e-15,0.0,47935.9464145833,2925.38164845361
6007,55.8666,0.0,0.0,0.0,2925.78396105384,0.0,1.16610337317009e-13,0.0,44584.5329425858,2981.65056105384
6008,211.8189,0.0,0.0,0.0,2858.80374226804,0.0,-1.57266548686387e-13,0.0,41309.8436616373,3070.62264226804
6009,270.5043,0.0,0.0,0.0,2789.24493585338,0.0,-1.5054189120438802e-14,0.0,38114.832280362,3059.74923585338
6010,2389.287,0.0,0.0,0.0,389.337468499427,0.0,5.77915437282121e-16,0.0,37668.8557986902,2778.6244684994267
6011,1057.017,0.0,0.0,0.0,1711.10367697595,0.0,-6.81284296942125e-14,0.0,35708.8286772974,2768.12067697595
6012,1074.618,0.0,0.0,0.0,1790.401534937,0.0,2.09155386964301e-14,0.0,33657.9678125357,2865.019534937
6013,1781.802,0.0,0.0,0.0,935.683917525773,0.0,4.73165314489736e-15,0.0,32586.1649287719,2717.485917525773
6014,1155.78,0.0,0.0,0.0,1766.88820160367,0.0,-4.80204530333529e-14,0.0,30562.2380082637,2922.6682016036702
6015,1524.585,0.0,0.0,0.0,1210.36947308133,0.0,2.6047954425957603e-15,0.0,29175.7895854901,2734.95447308133
6016,686.04,0.0,0.0,0.0,2148.04261168385,0.0,-1.08506905484369e-13,0.0,26715.2596751993,2834.08261168385
6017,0.0,0.0,0.0,0.0,2863.80297823597,0.0,-1.89999477523209e-13,0.0,23434.8438925694,2863.80297823597
6018,0.0,0.0,0.0,0.0,2850.63001145475,0.0,1.45580667541365e-13,0.0,20169.5174189671,2850.63001145475
6019,0.0,0.0,0.0,0.0,2860.02290950745,0.0,1.6651573082084e-13,0.0,16893.4316119712,2860.02290950745
6020,0.0,0.0,0.0,0.0,2925.42955326461,0.0,-1.97165964349351e-13,0.0,13542.424105368,2925.42955326461
6021,0.0,0.0,0.0,0.0,2895.0744558992,0.0,1.87851058369034e-14,0.0,10226.18761522,2895.0744558992
6022,0.0,0.0,0.0,0.0,0.0,0.0,2589.0,0.0,10226.18761522,2589.0
6023,0.0,0.0,0.0,0.0,0.0,0.0,2593.9,0.0,10226.18761522,2593.9
6024,0.0,0.0,0.0,0.0,0.0,0.0,2479.7,0.0,10226.18761522,2479.7
6025,0.0,0.0,0.0,0.0,0.0,0.0,2351.7,0.0,10226.18761522,2351.7
6026,0.0,0.0,0.0,0.0,0.0,0.0,2456.3,0.0,10226.18761522,2456.3
6027,0.0,0.0,0.0,0.0,0.0,0.0,2640.4,0.0,10226.18761522,2640.4
6028,0.0,0.0,0.0,0.0,0.0,0.0,2492.7,0.0,10226.18761522,2492.7
6029,0.0,0.0,0.0,0.0,0.0,0.0,2665.7,0.0,10226.18761522,2665.7
6030,1526.07,0.0,0.0,0.0,1300.93024054983,0.0,5.2333124927894404e-14,0.0,8736.00406361652,2827.00024054983
6031,54.1887,0.0,0.0,0.0,2922.60820274914,0.0,8.02249079661073e-14,0.0,5388.22834454535,2976.7969027491404
6032,1370.556,0.0,0.0,0.0,1561.12334478809,0.0,3.25590636137251e-14,0.0,3600.0,2931.67934478809
6033,2804.63917525773,7801.17082474227,0.0,0.0,9.6020099350531e-14,0.0,-3.30042202277124e-30,0.0,10032.065345,2804.63917525773
6034,1505.394,0.0,0.0,0.0,1458.61147766323,0.0,-7.31244194482215e-14,0.0,8361.26181961257,2964.00547766323
6035,2072.46,0.0,0.0,0.0,695.319358533792,0.0,-3.76708556165221e-15,0.0,7564.79061854293,2767.779358533792
6036,2800.51546391753,1928.41453608247,0.0,0.0,1.42775407296852e-13,0.0,-1.8920815909512298e-30,0.0,9154.76840354293,2800.51546391753
6037,2676.39175257732,5417.57824742268,0.0,0.0,8.168774561177221e-14,0.0,-4.588058845713409e-30,0.0,13621.5616685429,2676.39175257732
6038,2692.37113402062,4953.54886597938,0.0,0.0,-1.47021370238516e-13,0.0,-2.0534543932233198e-30,0.0,17705.7627085429,2692.37113402062
6039,2755.9793814433,3102.9006185567,0.0,0.0,3.2026697896273404e-14,0.0,-4.038039247976199e-31,0.0,20264.1042685429,2755.9793814433
6040,2597.007,0.0,0.0,0.0,154.184662084766,0.0,-1.2260086879783301e-14,0.0,20087.4895353416,2751.191662084766
6041,0.0,0.0,0.0,0.0,2942.38258877434,0.0,1.86216167088514e-13,0.0,16717.0627440766,2942.38258877434
6042,0.0,0.0,0.0,0.0,2919.47308132875,0.0,-1.82624629940646e-13,0.0,13372.8782293816,2919.47308132875
6043,0.0,0.0,0.0,0.0,2901.03092783505,0.0,4.243771428198521e-15,0.0,10049.8187473254,2901.03092783505
6044,0.0,0.0,0.0,0.0,2745.70446735395,0.0,1.59036702860067e-13,0.0,6904.68190041365,2745.70446735395
6045,0.0,0.0,0.0,0.0,2876.51775486827,0.0,1.67909273604871e-13,0.0,3609.70165428734,2876.51775486827
6046,0.0,0.0,0.0,0.0,8.46954419284765,0.0,2599.80608791964,0.0,3600.0,2608.2756321124875
6047,0.0,0.0,0.0,0.0,0.0,0.0,2664.1,0.0,3600.0,2664.1
6048,0.0,0.0,0.0,0.0,0.0,0.0,2598.6,0.0,7200.0,2598.6
6049,0.0,0.0,0.0,0.0,0.0,0.0,2541.2,0.0,7200.0,2541.2
6050,0.0,0.0,0.0,0.0,0.0,0.0,2589.5,0.0,7200.0,2589.5
6051,0.0,0.0,0.0,0.0,0.0,0.0,2509.5,0.0,7200.0,2509.5
6052,0.0,0.0,0.0,0.0,0.0,0.0,2415.7,0.0,7200.0,2415.7
6053,0.0,0.0,0.0,0.0,0.0,0.0,2590.1,12000.0,17094.0,2590.1
6054,0.0,94.8051,0.0,0.0,0.0,0.0,2623.4,0.0,17172.16680495,2623.4
6055,0.0,4476.63,0.0,0.0,0.0,0.0,2565.9,0.0,20863.14823995,2565.9
6056,2725.25773195876,3268.59226804124,0.0,0.0,-1.40808599898945e-13,0.0,2.2237414792962298e-30,0.0,23558.10256495,2725.25773195876
6057,2665.9793814433,5075.5206185567,0.0,0.0,-1.63453945358231e-13,0.0,-5.41479297407974e-30,0.0,27742.86931495,2665.9793814433
6058,2571.9587628866,6900.5412371134,0.0,0.0,-2.02786736989754e-13,0.0,-2.8449096029019204e-31,0.0,33432.36556495,2571.9587628866
6059,2627.11340206186,1089.67659793814,0.0,0.0,-1.49013140315641e-13,0.0,3.2441527954628595e-30,0.0,34330.80391995,2627.11340206186
6060,2645.46391752577,803.216082474226,0.0,0.0,1.79715138050035e-13,0.0,-6.168353869918659e-30,0.0,34993.05557995,2645.46391752577
6061,2584.32989690722,9129.17010309278,0.0,0.0,1.62222173489576e-13,0.0,-2.2614339782937297e-30,0.0,42520.05632995,2584.32989690722
6062,2619.69072164949,7308.56927835051,0.0,0.0,-1.4403067345182998e-13,0.0,1.08513116736423e-29,0.0,48545.97169995,2619.69072164949
6063,1363.365,0.0,0.0,0.0,1344.14198167239,0.0,5.900372098763351e-14,0.0,47006.2901630973,2707.50698167239
6064,257.0319,0.0,0.0,0.0,2505.93248224513,0.0,-1.60167110716989e-13,0.0,44135.8062200903,2762.96438224513
6065,168.6723,0.0,0.0,0.0,2669.05826918671,0.0,-9.66674593364539e-14,0.0,41078.465705558,2837.73056918671
6066,0.0,0.0,0.0,0.0,2705.15463917526,0.0,2.48142033839387e-14,0.0,37979.7776881751,2705.15463917526
6067,0.0,0.0,0.0,0.0,2730.12600229095,0.0,-9.6104233900201e-14,0.0,34852.4855893309,2730.12600229095
6068,0.0,0.0,0.0,0.0,2721.53493699885,0.0,-1.84795228120651e-13,0.0,31735.0343442005,2721.53493699885
6069,0.0,0.0,0.0,0.0,2723.94043528064,0.0,6.668432994288881e-14,0.0,28614.8276600302,2723.94043528064
6070,0.0,0.0,0.0,0.0,2679.61053837343,0.0,-5.02644849504935e-14,0.0,25545.3997810229,2679.61053837343
6071,0.0,0.0,0.0,0.0,2696.56357388316,0.0,-1.21629704399092e-13,0.0,22456.5526173537,2696.56357388316
6072,0.0,0.0,0.0,0.0,2702.40549828179,0.0,1.65326251352628e-13,0.0,19361.0136731593,2702.40549828179
6073,0.0,0.0,0.0,0.0,2637.45704467354,0.0,-1.64480949669834e-13,0.0,16339.8715830407,2637.45704467354
6074,0.0,0.0,0.0,0.0,2587.85796105384,0.0,-9.089998449764311e-14,0.0,13375.544021696,2587.85796105384
6075,0.0,0.0,0.0,0.0,2410.53837342497,0.0,1.77540717014013e-13,0.0,10614.3316810031,2410.53837342497
6076,0.0,0.0,0.0,0.0,894.153787068944,0.0,1355.00374388881,0.0,9590.10053888515,2249.157530957754
6077,0.0,0.0,0.0,0.0,0.0,0.0,2209.9,0.0,9590.10053888515,2209.9
6078,25.43772,0.0,0.0,0.0,2612.0565997709,0.0,1.65620506819712e-13,0.0,6598.05403284746,2637.4943197709
6079,39.3774,0.0,0.0,0.0,2617.30117067583,0.0,-1.64062006343578e-13,0.0,3600.0,2656.6785706758296
6080,2398.45360824742,1346.51969072165,0.0,3810.55670103093,-9.869299396061331e-14,0.0,3.8762756343922894e-30,0.0,4710.205485,2398.45360824742
6081,2365.36082474227,4862.58549385659,0.0,2967.64368140114,1.65956925933297e-13,0.0,9.00643895637191e-31,0.0,8719.40722468476,2365.36082474227
6082,1267.761,0.0,0.0,0.0,1331.81194730813,0.0,-1.1504020940641401e-14,0.0,7193.8494385357,2599.57294730813
6083,2377.161,0.0,0.0,0.0,148.171626575028,0.0,1.28638722176616e-15,0.0,7024.12248942341,2525.332626575028
6084,2523.40206185567,3404.65793814433,0.0,0.0,-1.41760538035859e-13,0.0,-5.174309349876169e-30,0.0,9831.26295942341,2523.40206185567
6085,2602.16494845361,9834.81505154639,0.0,0.0,-8.72663799910321e-14,0.0,5.247103248006719e-30,0.0,17940.0679694234,2602.16494845361
6086,2596.59793814433,7935.77206185567,0.0,0.0,-1.03063350757541e-13,0.0,-4.2094233482577094e-30,0.0,24483.1120344234,2596.59793814433
6087,2561.13402061856,2633.90597938144,0.0,0.0,1.09424009238699e-13,0.0,-4.008674815811789e-30,0.0,26654.7675144234,2561.13402061856
6088,2296.845,0.0,0.0,0.0,186.323424971363,0.0,3.3097689028836004e-16,0.0,26441.3386198399,2483.1684249713626
6089,208.5087,0.0,0.0,0.0,2608.41530469645,0.0,1.72435248843599e-13,0.0,23453.4631276332,2816.92400469645
6090,0.0,0.0,0.0,0.0,2952.92096219931,0.0,8.664521715608821e-14,0.0,20070.9648891461,2952.92096219931
6091,0.0,0.0,0.0,0.0,2916.95303550974,0.0,-1.90359811406343e-13,0.0,16729.6670248737,2916.95303550974
6092,0.0,0.0,0.0,0.0,2881.78694158076,0.0,-8.03734200232839e-14,0.0,13428.6510551363,2881.78694158076
6093,0.0,0.0,0.0,0.0,2926.91867124857,0.0,2.65723774917045e-14,0.0,10075.9378005561,2926.91867124857
6094,0.0,0.0,0.0,0.0,2851.43184421535,0.0,1.35577650162971e-13,0.0,6809.69284727389,2851.43184421535
6095,0.0,0.0,0.0,0.0,2802.0618556701,0.0,6.091138590077721e-14,0.0,3600.0,2802.0618556701
6096,0.0,0.0,0.0,0.0,2360.75639175258,0.0,389.55967,0.0,4495.81169329602,2750.31606175258
6097,0.0,0.0,0.0,0.0,0.0,0.0,2307.3,0.0,4495.81169329602,2307.3
6098,0.0,0.0,0.0,0.0,0.0,0.0,2371.6,0.0,4495.81169329602,2371.6
6099,0.0,0.0,0.0,0.0,0.0,0.0,2306.1,0.0,4495.81169329602,2306.1
6100,0.0,0.0,0.0,0.0,0.0,0.0,2245.3,0.0,4495.81169329602,2245.3
6101,0.0,0.0,0.0,0.0,0.0,0.0,2141.4,0.0,4495.81169329602,2141.4
6102,1499.769,0.0,0.0,0.0,782.043608247423,0.0,2.0374890411729402e-14,0.0,3600.0,2281.8126082474228
6103,2432.16494845361,2553.11505154639,0.0,0.0,-1.96635429381368e-13,0.0,7.42571839200829e-30,0.0,5705.04336,2432.16494845361
6104,2393.29896907217,6072.16103092783,0.0,0.0,-1.66567567607285e-13,0.0,1.05840861668667e-29,0.0,10711.54013,2393.29896907217
6105,2437.21649484536,3681.70350515464,0.0,0.0,-2.3815339941135597e-13,0.0,8.513170914472839e-30,0.0,13747.10467,2437.21649484536
6106,2509.07216494845,5495.61783505155,0.0,0.0,-1.21361833706222e-13,0.0,1.85438909195373e-30,0.0,18278.241575,2509.07216494845
6107,2589.58762886598,4785.58237113402,0.0,0.0,-1.8141260023688e-13,0.0,-2.49319872435239e-30,0.0,22223.95424,2589.58762886598
6108,2002.287,0.0,0.0,0.0,711.433688430698,0.0,-4.93268826878955e-14,0.0,21409.0244708927,2713.720688430698
6109,2507.11340206186,5460.64659793814,0.0,0.0,-2.41229053215549e-13,0.0,1.5676875362450699e-29,0.0,25911.3275908927,2507.11340206186
6110,2568.45360824742,3717.20639175258,0.0,0.0,1.06760554297229e-14,0.0,3.2030934987483103e-31,0.0,28976.1642608927,2568.45360824742
6111,1778.865,0.0,0.0,0.0,811.226746849943,0.0,-7.0854846490498905e-15,0.0,28046.9240010416,2590.091746849943
6112,1068.087,0.0,0.0,0.0,1518.73494845361,0.0,7.886799648640451e-14,0.0,26307.2505205679,2586.8219484536103
6113,784.266,0.0,0.0,0.0,1878.76515463918,0.0,4.51741136136249e-14,0.0,24155.1713056318,2663.03115463918
6114,0.0,0.0,0.0,0.0,2650.17182130584,0.0,1.93427801458245e-13,0.0,21119.4647520169,2650.17182130584
6115,0.0,0.0,0.0,0.0,2684.99427262314,0.0,1.93944405908694e-13,0.0,18043.8699380156,2684.99427262314
6116,0.0,0.0,0.0,0.0,2860.59564719359,0.0,-3.4481580884471505e-14,0.0,14767.1280741054,2860.59564719359
6117,0.0,0.0,0.0,0.0,2785.79610538373,0.0,-8.87293863176386e-14,0.0,11576.0672431962,2785.79610538373
6118,0.0,0.0,0.0,0.0,555.189463905923,0.0,1955.01959801013,0.0,10940.1113853429,2510.209061916053
6119,0.0,0.0,0.0,0.0,0.0,0.0,2283.3,0.0,10940.1113853429,2283.3
6120,0.0,0.0,0.0,0.0,0.0,0.0,2423.7,0.0,10940.1113853429,2423.7
6121,0.0,0.0,0.0,0.0,0.0,0.0,2459.5,0.0,10940.1113853429,2459.5
6122,0.0,0.0,0.0,0.0,0.0,0.0,2471.2,0.0,10940.1113853429,2471.2
6123,0.0,0.0,0.0,0.0,0.0,0.0,2486.7,0.0,10940.1113853429,2486.7
6124,0.0,0.0,0.0,0.0,0.0,0.0,2309.8,0.0,10940.1113853429,2309.8
6125,0.0,0.0,0.0,0.0,2376.97594501718,0.0,1.52015246515122e-13,0.0,8217.34397982494,2376.97594501718
6126,0.0,0.0,0.0,0.0,2365.75028636884,0.0,1.78448372280983e-14,0.0,5507.43528982626,2365.75028636884
6127,681.225,0.0,0.0,0.0,1665.19100801833,0.0,6.343937110390091e-14,0.0,3600.0,2346.41600801833
6128,2169.58762886598,3.09104469754512e-13,1.45642881131952e-13,460.59037113402,2.22489842627896e-13,0.0,-5.20884651704092e-30,0.0,3600.0,2169.58762886598
6129,2158.65979381443,-1.1109761984055499e-13,1.1109761984055499e-13,1818.38020618557,-7.996678913860361e-14,0.0,-3.3858455950800394e-30,0.0,3600.0,2158.65979381443
6130,2163.29896907216,6969.07432989691,0.0,3810.55670103093,-8.50342130199219e-14,0.0,-1.9433430825430897e-30,0.0,9346.001785,2163.29896907216
6131,2171.13402061856,9296.86304635397,-1.81898940354586e-12,2346.28293302747,-1.10840169300908e-13,0.0,-4.3873208213519595e-30,0.0,17011.2653667188,2171.13402061856
6132,2125.56701030928,11581.7029896907,0.0,0.0,1.69056074023814e-13,0.0,-8.608993391509731e-31,0.0,26560.3794817189,2125.56701030928
6133,2245.77319587629,10400.5468041237,0.0,0.0,6.036353421733521e-15,0.0,-1.2417249710705999e-31,0.0,35135.6303217189,2245.77319587629
6134,2376.70103092784,4506.09226804124,0.0,3810.55670103093,-8.89388794986593e-14,0.0,1.97509270083158e-30,0.0,38850.9033967189,2376.70103092784
6135,2416.90721649485,1690.25608247423,0.0,3810.55670103093,-1.81474062968065e-13,0.0,9.398147554265451e-31,0.0,40244.5195367188,2416.90721649485
6136,2503.9175257732,0.0,0.0,1789.2624742268,-2.04863464084387e-13,0.0,3.0439684949852396e-30,0.0,40244.5195367188,2503.9175257732
6137,994.401,0.0,0.0,0.0,1775.75146620848,0.0,8.97837386059459e-14,0.0,38210.4399648878,2770.15246620848
6138,0.0,0.0,0.0,0.0,2840.54982817869,4233.95189003436,-1.0909575495756e-13,0.0,30106.7724755258,2840.54982817869
6139,0.0,0.0,0.0,0.0,2902.52004581902,4233.95189003436,-1.69012324054629e-13,0.0,21932.119628042,2902.52004581902
6140,0.0,0.0,0.0,0.0,2879.26689576174,4233.95189003436,-8.810860148898e-14,0.0,13784.1026912767,2879.26689576174
6141,0.0,0.0,0.0,0.0,2896.67812142039,0.0,-1.16726756045046e-13,0.0,10466.0292417688,2896.67812142039
6142,0.0,0.0,0.0,0.0,3029.43871706758,0.0,1.00878307870764e-13,0.0,6995.88179953787,3029.43871706758
6143,0.0,0.0,0.0,0.0,2964.60481099656,0.0,-1.33431745988239e-13,0.0,3600.0,2964.60481099656
6144,0.0,0.0,0.0,0.0,0.0,0.0,2438.0,0.0,7200.0,2438.0
6145,0.0,0.0,0.0,0.0,0.0,0.0,2453.3,0.0,7200.0,2453.3
6146,0.0,0.0,0.0,0.0,0.0,0.0,2474.5,0.0,7200.0,2474.5
6147,0.0,0.0,0.0,0.0,0.0,0.0,2427.1,0.0,7200.0,2427.1
6148,0.0,0.0,0.0,0.0,0.0,0.0,2366.5,0.0,7200.0,2366.5
6149,0.0,0.0,0.0,0.0,369.794084765178,0.0,2027.969764,0.0,6776.40998308685,2397.763848765178
6150,131.0988,0.0,0.0,0.0,2773.00591523482,0.0,1.24979148657251e-13,0.0,3600.0,2904.10471523482
6151,2615.77319587629,494.476804123711,0.0,0.0,1.21509721847809e-13,0.0,7.687935119711399e-30,0.0,4007.696125,2615.77319587629
6152,2534.63917525773,4044.99082474227,0.0,0.0,-1.6401109557675e-14,0.0,4.25249658270774e-31,0.0,7342.79106,2534.63917525773
6153,2537.62886597938,8777.59113402062,0.0,0.0,2.18095991544645e-13,0.0,3.34091153537358e-30,0.0,14579.91495,2537.62886597938
6154,2584.53608247423,10381.0139175258,0.0,0.0,-1.24267573475399e-13,0.0,-9.081229241501099e-30,0.0,23139.060925,2584.53608247423
6155,2449.48453608247,11201.7154639175,0.0,0.0,1.74629673913147e-14,0.0,5.5797954624942105e-31,0.0,32374.875325,2449.48453608247
6156,2531.13402061856,6922.76597938144,0.0,0.0,2.12688739593296e-13,0.0,7.925632238394609e-30,0.0,38082.695875,2531.13402061856
6157,2528.86597938144,5754.13402061856,0.0,0.0,-2.50983167677503e-13,0.0,1.75780582960114e-29,0.0,42826.979375,2528.8659793814395
6158,2707.9381443299,7530.7918556701,0.0,0.0,1.50367837646665e-13,0.0,-2.4339528026472598e-30,0.0,49036.11726,2707.9381443299
6159,2634.94845360825,4841.35154639175,0.0,0.0,-1.90446153328121e-13,0.0,6.300753051338159e-30,0.0,53027.81161,2634.94845360825
6160,2152.401,0.0,0.0,0.0,470.299003436426,0.0,-7.23634662691732e-15,0.0,52489.095683956,2622.700003436426
6161,57.4635,0.0,0.0,0.0,2883.68889461627,0.0,1.94297358459423e-13,0.0,49185.9010738572,2941.1523946162697
6162,0.0,0.0,0.0,0.0,2866.66666666667,0.0,1.04227145432863e-13,0.0,45902.2050066559,2866.66666666667
6163,0.0,0.0,0.0,0.0,2821.87857961054,0.0,-1.13221647915632e-13,0.0,42669.812590149,2821.87857961054
6164,0.0,0.0,0.0,0.0,2877.54868270332,0.0,-4.80938867704891e-14,0.0,39373.6514415771,2877.54868270332
6165,0.0,0.0,0.0,0.0,2832.07331042383,0.0,-1.02289602014551e-13,0.0,36129.5812119965,2832.07331042383
6166,0.0,0.0,0.0,0.0,2912.02749140893,0.0,-5.25801136116951e-14,0.0,32793.9254371867,2912.02749140893
6167,0.0,0.0,0.0,0.0,0.0,0.0,2535.5,0.0,32793.9254371867,2535.5
6168,0.0,0.0,0.0,0.0,2743.52806414662,0.0,9.8551439123445e-14,0.0,29651.2816065491,2743.52806414662
6169,0.0,0.0,0.0,0.0,2849.82817869416,0.0,1.55583684919759e-13,0.0,26386.8736126268,2849.82817869416
6170,0.0,0.0,0.0,0.0,2757.50286368843,0.0,9.22098004417798e-14,0.0,23228.2219932816,2757.50286368843
6171,0.0,0.0,0.0,0.0,2130.90465258325,0.0,556.820238294824,0.0,20787.3231930717,2687.724890878074
6172,0.0,0.0,0.0,0.0,0.0,0.0,2425.4,0.0,20787.3231930717,2425.4
6173,0.0,0.0,0.0,0.0,2993.47079037801,0.0,-1.18373807129085e-13,0.0,17358.3761250556,2993.47079037801
6174,0.0,0.0,0.0,0.0,2920.96219931271,0.0,-1.66392016621715e-14,0.0,14012.4858623835,2920.96219931271
6175,93.5607,0.0,0.0,0.0,2828.11697709049,0.0,-7.13738100140473e-14,0.0,10772.9475152008,2921.67767709049
6176,925.686,0.0,0.0,0.0,1986.58027491409,0.0,3.21779585642085e-14,0.0,8497.36873523053,2912.26627491409
6177,2508.291,0.0,0.0,0.0,249.8943069874,0.0,6.980894630337181e-15,0.0,8211.12096090361,2758.1853069874
6178,2840.82474226804,1041.02525773196,0.0,0.0,1.7525982423559899e-13,0.0,5.8144176622747696e-30,0.0,9069.44628590361,2840.82474226804
6179,2797.9381443299,10930.2718556701,0.0,0.0,-1.4379929668563e-13,0.0,-1.06810245875694e-29,0.0,18081.4554309036,2797.9381443299
6180,2731.03092783505,5264.35907216495,0.0,0.0,9.37734582208824e-14,0.0,-3.9102580343173094e-30,0.0,22421.9194859036,2731.03092783505
6181,2722.98969072165,3876.71030927835,0.0,0.0,-8.35786161199563e-14,0.0,-2.39514130444173e-30,0.0,25618.2671359036,2722.98969072165
6182,2805.25773195876,2104.06226804124,0.0,0.0,-2.42547250494607e-13,0.0,-4.97468928136685e-30,0.0,27353.0664759036,2805.2577319587595
6183,2735.87628865979,221.352711340206,0.0,0.0,-1.82156655893917e-13,0.0,7.24948946858228e-30,0.0,27535.5717864036,2735.87628865979
6184,1304.712,0.0,0.0,0.0,1416.52847651776,0.0,3.88050210012692e-15,0.0,25912.9733024199,2721.24047651776
6185,915.501,0.0,0.0,0.0,1860.7835395189,0.0,4.96896453574871e-14,0.0,23781.491584758,2776.2845395189
6186,0.0,0.0,0.0,0.0,2898.51088201604,0.0,5.42615035250834e-14,0.0,20461.3187531245,2898.51088201604
6187,0.0,0.0,0.0,0.0,3023.25315005727,0.0,-7.5574652047448e-14,0.0,16998.2567255675,3023.25315005727
6188,0.0,0.0,0.0,0.0,2898.28178694158,0.0,-1.94485704364415e-13,0.0,13678.3463166997,2898.28178694158
6189,0.0,0.0,0.0,0.0,2914.54753722795,0.0,-4.4844932145999e-14,0.0,10339.8038914672,2914.54753722795
6190,0.0,0.0,0.0,0.0,3000.22909507446,0.0,-1.42918158916184e-13,0.0,6903.115351863,3000.22909507446
6191,0.0,0.0,0.0,0.0,2883.6197021764,0.0,-2.48909875783163e-14,0.0,3600.0,2883.6197021764
6192,0.0,0.0,0.0,0.0,0.0,0.0,2455.4,0.0,7200.0,2455.4
6193,0.0,0.0,0.0,0.0,0.0,0.0,2474.3,0.0,7200.0,2474.3
6194,0.0,0.0,0.0,0.0,0.0,0.0,2479.3,0.0,7200.0,2479.3
6195,0.0,0.0,0.0,0.0,0.0,0.0,2458.8,0.0,7200.0,2458.8
6196,0.0,0.0,0.0,0.0,0.0,0.0,2354.1,0.0,7200.0,2354.1
6197,0.0,0.0,0.0,0.0,0.0,0.0,2541.3,0.0,7200.0,2541.3
6198,1266.489,0.0,0.0,0.0,0.0,0.0,1232.20567,0.0,7200.0,2498.69467
6199,2197.21649484536,2683.57350515464,0.0,0.0,6.706255237562891e-14,0.0,-2.9479641759192097e-30,0.0,9412.606355,2197.21649484536
6200,2255.9793814433,6330.9206185567,0.0,0.0,1.6765900306924202e-14,0.0,-9.32628082690727e-31,0.0,14632.450405,2255.9793814433
6201,2235.46391752577,3791.14608247423,0.0,0.0,-1.2971279387161e-13,0.0,4.3386661544885495e-30,0.0,17758.25035,2235.46391752577
6202,2233.40206185567,4287.45793814433,0.0,0.0,1.46302277260697e-13,0.0,6.166875509126809e-30,0.0,21293.25942,2233.40206185567
6203,2135.36082474227,4309.77917525773,0.0,0.0,2.47490280520661e-13,0.0,-1.16267853537726e-29,0.0,24846.67235,2135.3608247422703
6204,1999.79381443299,5830.77618556701,0.0,0.0,8.70819917974783e-14,0.0,5.05193719133009e-30,0.0,29654.147315,1999.79381443299
6205,2034.94845360825,4947.52154639175,0.0,0.0,5.95053634553004e-14,0.0,-5.32166026856574e-30,0.0,33733.37883,2034.94845360825
6206,2165.9793814433,3968.9306185567,0.0,0.0,-1.7871474294758e-13,0.0,-8.698319413004619e-30,0.0,37005.762125,2165.9793814433
6207,2213.40206185567,1383.08793814433,0.0,0.0,4.15114671471659e-14,0.0,5.15501285504174e-31,0.0,38146.11813,2213.40206185567
6208,1714.395,0.0,0.0,0.0,496.033046964491,0.0,-1.05154454572355e-15,0.0,37577.9244908654,2210.428046964491
6209,797.595,0.0,0.0,0.0,1598.31941580756,0.0,7.58261354430935e-14,0.0,35747.0889630217,2395.91441580756
6210,0.0,0.0,0.0,0.0,2492.55441008018,0.0,1.92238321990033e-13,0.0,32891.9292722082,2492.55441008018
6211,0.0,0.0,0.0,0.0,2454.5246277205,0.0,-4.9754823145561604e-14,0.0,30080.3317605009,2454.5246277205
6212,0.0,0.0,0.0,0.0,2559.90836197022,0.0,-2.04637935717318e-14,0.0,27148.0197765716,2559.90836197022
6213,0.0,0.0,0.0,0.0,2397.9381443299,0.0,-8.487088695060781e-14,0.0,24401.2406879921,2397.9381443299
6214,0.0,0.0,0.0,0.0,2540.20618556701,0.0,-1.47828049915747e-13,0.0,21491.4970619131,2540.20618556701
6215,0.0,0.0,0.0,0.0,0.0,0.0,2210.3,0.0,21491.4970619131,2210.3
6216,0.0,0.0,0.0,0.0,0.0,0.0,2260.5,0.0,21491.4970619131,2260.5
6217,0.0,0.0,0.0,0.0,0.0,0.0,2363.8,0.0,21491.4970619131,2363.8
6218,0.0,0.0,0.0,0.0,0.0,0.0,2258.5,0.0,21491.4970619131,2258.5
6219,0.0,0.0,0.0,0.0,0.0,0.0,2402.8,0.0,21491.4970619131,2402.8
6220,0.0,0.0,0.0,0.0,0.0,0.0,2308.3,0.0,21491.4970619131,2308.3
6221,0.0,0.0,0.0,0.0,0.0,0.0,2634.4,0.0,21491.4970619131,2634.4
6222,68.7666,0.0,0.0,0.0,0.0,0.0,2315.696398,0.0,21491.4970619131,2384.462998
6223,2357.83505154639,2099.05494845361,0.0,0.0,0.0,0.0,2.6445558228964e-14,0.0,23222.1678669131,2357.83505154639
6224,458.343,0.0,0.0,0.0,903.869840097818,0.0,1052.92891959461,0.0,22186.8072253348,2415.1417596924284
6225,2008.566,0.0,0.0,0.0,415.109942726232,0.0,2.12578575946165e-14,0.0,21711.3090091536,2423.6759427262323
6226,2382.78350515464,4306.37649484536,0.0,0.0,-1.5826967935653702e-14,0.0,5.17777403673473e-31,0.0,25261.9164291536,2382.78350515464
6227,370.287,0.0,0.0,0.0,2407.69943871707,0.0,-9.440324177717751e-14,0.0,22503.956018252,2777.9864387170696
6228,2631.64948453608,6479.68051546392,0.0,0.0,-2.32218994410631e-13,0.0,-2.05568558746837e-29,0.0,27846.452603252,2631.6494845360794
6229,131.0397,0.0,0.0,0.0,2668.6042279496,0.0,-5.6195751646815504e-14,0.0,24789.6321817748,2799.6439279496
6230,390.258,0.0,0.0,0.0,2496.84964490263,0.0,8.12875982434893e-14,0.0,21929.552405254,2887.10764490263
6231,2622.37113402062,730.308865979382,0.0,0.0,2.36309517475818e-13,0.0,6.32676048587848e-30,0.0,22531.692065254,2622.3711340206205
6232,87.9117,0.0,0.0,0.0,2775.74530469645,0.0,1.76636399812517e-14,0.0,19352.1441790038,2863.6570046964503
6233,59.5197,0.0,0.0,0.0,2794.34809965636,0.0,5.45312206051143e-14,0.0,16151.2872492714,2853.86779965636
6234,0.0,0.0,0.0,0.0,2887.85796105384,0.0,5.82392731469805e-16,0.0,12843.317076243,2887.85796105384
6235,0.0,0.0,0.0,0.0,2776.74684994273,0.0,-1.6241453186803998e-13,0.0,9662.62194457894,2776.74684994273
6236,0.0,0.0,0.0,0.0,2647.88087056128,0.0,3.7445390558163996e-14,0.0,6629.53961862099,2647.88087056128
6237,0.0,0.0,0.0,0.0,2644.78808705613,0.0,-5.07810894009422e-14,0.0,3600.0,2644.78808705613
6238,0.0,0.0,0.0,0.0,0.0,0.0,2411.5,0.0,3600.0,2411.5
6239,0.0,0.0,0.0,0.0,0.0,0.0,2545.5,0.0,3600.0,2545.5
6240,0.0,0.0,0.0,0.0,516.683161512027,0.0,2060.3356,0.0,6608.15216321646,2577.0187615120267
6241,0.0,0.0,0.0,0.0,0.0,0.0,2488.9,0.0,6608.15216321646,2488.9
6242,0.0,0.0,0.0,0.0,0.0,0.0,2398.8,0.0,6608.15216321646,2398.8
6243,0.0,0.0,0.0,0.0,0.0,0.0,2364.7,0.0,6608.15216321646,2364.7
6244,0.0,0.0,0.0,0.0,0.0,0.0,2273.6,0.0,6608.15216321646,2273.6
6245,0.0,0.0,0.0,0.0,2626.11683848797,0.0,2.8459312035664203e-15,0.0,3600.0,2626.11683848797
6246,1208.751,0.0,0.0,0.0,0.0,0.0,1195.11153,0.0,3600.0,2403.86253
6247,2268.35051546392,2574.27948453608,0.0,0.0,-1.2350002353203999e-13,0.0,8.6158620270081e-30,0.0,5722.493435,2268.35051546392
6248,2288.35051546392,6264.49948453608,0.0,0.0,-1.87092134185082e-14,0.0,4.9372484547187e-31,0.0,10887.57326,2288.35051546392
6249,2251.44329896907,9041.96670103093,0.0,0.0,1.31225867864902e-13,0.0,-7.41569136913488e-30,0.0,18342.674805,2251.44329896907
6250,2372.68041237113,10707.3195876289,0.0,0.0,6.72089721243212e-14,0.0,-4.4118299222873895e-30,0.0,27170.859805,2372.68041237113
6251,2417.9381443299,11450.4318556701,0.0,0.0,-5.12171246435784e-14,0.0,1.1585757842150499e-30,0.0,36611.74087,2417.9381443299
6252,2350.20618556701,11324.063814433,0.0,0.0,-1.9913694156354e-13,0.0,9.084391802299771e-31,0.0,45948.431485,2350.20618556701
6253,2404.74226804124,10114.4077319588,0.0,0.0,1.93204004955711e-13,0.0,-4.90745892954846e-30,0.0,54287.76066,2404.74226804124
6254,2255.46391752577,8157.08608247423,0.0,0.0,-2.49219837580787e-14,0.0,-1.0287687460159099e-30,0.0,61013.278135,2255.46391752577
6255,2184.53608247423,5283.18391752577,0.0,0.0,-1.36476211546879e-13,0.0,-2.8930030933393297e-30,0.0,65369.263275,2184.53608247423
6256,2451.54639175258,1284.77360824742,0.0,0.0,2.46722730577301e-13,0.0,-7.28625837402765e-30,0.0,66428.559115,2451.5463917525803
6257,510.105,0.0,0.0,0.0,2053.8352233677,0.0,-1.41416060686752e-13,0.0,64075.9414479121,2563.9402233677
6258,0.0,0.0,0.0,0.0,2674.22680412371,0.0,4.47681479516215e-14,0.0,61012.6805038987,2674.22680412371
6259,0.0,0.0,0.0,0.0,2753.03550973654,0.0,-1.24257874194924e-13,0.0,57859.1461284846,2753.03550973654
6260,0.0,0.0,0.0,0.0,2794.2726231386,0.0,-9.553553926064741e-14,0.0,54658.3756552445,2794.2726231386
6261,0.0,0.0,0.0,0.0,2775.25773195876,0.0,1.08415636147874e-14,0.0,51479.3862715575,2775.25773195876
6262,0.0,0.0,0.0,0.0,2721.53493699885,0.0,-1.84795228120651e-13,0.0,48361.9350264271,2721.53493699885
6263,0.0,0.0,0.0,0.0,2638.14432989691,0.0,1.27013323112196e-13,0.0,45340.0056680114,2638.14432989691
6264,0.0,0.0,0.0,0.0,2686.13974799542,0.0,7.343839269679261e-14,0.0,42263.0987401816,2686.13974799542
6265,0.0,0.0,0.0,0.0,2446.96449026346,0.0,1.00298373145093e-13,0.0,39460.1611797423,2446.96449026346
6266,0.0,0.0,0.0,0.0,2265.63573883162,0.0,1.37265551349997e-13,0.0,36864.9312383545,2265.63573883162
6267,0.0,0.0,0.0,0.0,2287.05612829324,0.0,-1.14626430785781e-13,0.0,34245.1647683737,2287.05612829324
6268,0.0,0.0,0.0,0.0,2234.36426116838,0.0,-1.29271945572696e-13,0.0,31685.7555345038,2234.36426116838
6269,0.0,0.0,0.0,0.0,2103.89461626575,0.0,3.6479076854806403e-14,0.0,29275.7960657,2103.89461626575
6270,1129.722,0.0,0.0,0.0,1005.57807560137,0.0,2.4523633036468603e-14,0.0,28123.9311451944,2135.30007560137
6271,2223.29896907216,0.0,0.0,2468.94103092784,2.29338217320672e-13,1490.68407789233,3.99197046419771e-30,0.0,26416.3892461195,2223.2989690721606
6272,2197.62886597938,0.0,0.0,1985.81113402062,-6.42107236027468e-16,2027.4950744559,3.66261042571102e-32,0.0,24093.9435709123,2197.62886597938
6273,2313.29896907217,393.614329896906,0.0,3810.55670103093,-6.48289170116235e-14,-7.64294306540785e-14,-4.255101320724379e-30,0.0,24418.4785859123,2313.29896907217
6274,2351.34020618557,6789.10309278351,0.0,3810.55670103093,2.48854837061124e-14,-7.64294306540785e-14,-1.16748485123634e-30,0.0,30016.0940859123,2351.34020618557
6275,2295.15463917526,7697.52865979381,0.0,3810.55670103093,-1.59145051292487e-13,-7.64294306540785e-14,6.1039194883492e-30,0.0,36362.7064659123,2295.15463917526
6276,2394.0206185567,7437.65268041237,0.0,3810.55670103093,1.0953246054253e-13,-7.64294306540785e-14,3.36263413078864e-30,0.0,42495.0511009123,2394.0206185567
6277,2440.20618556701,6225.54711340206,0.0,3810.55670103093,-3.65629830903583e-15,-7.64294306540785e-14,-2.78651902809392e-31,0.0,47628.0146959123,2440.20618556701
6278,2317.62886597938,4220.67443298969,0.0,3810.55670103093,1.07200862395374e-13,-7.64294306540785e-14,7.836503858318281e-31,0.0,51107.9607659123,2317.62886597938
6279,2151.54639175258,0.0,0.0,2472.44360824742,2.37566252023691e-13,1486.79232531501,-1.36638978870334e-29,0.0,49404.8767735698,2151.5463917525803
6280,2114.199,0.0,0.0,0.0,152.608213058419,4233.95189003436,-5.53142930466743e-16,0.0,44380.1802064532,2266.807213058419
6281,71.5821000000001,0.0,0.0,-7.475724160666341e-14,2476.82172164948,4233.95189003436,1.2164877490219201e-15,0.0,36693.1543053263,2548.40382164948
6282,0.0,0.0,0.0,0.0,2560.71019473081,4233.95189003436,-3.0466810950125703e-14,0.0,28910.0362242665,2560.71019473081
6283,0.0,0.0,0.0,0.0,2830.92783505155,4233.95189003436,1.82164111973498e-14,0.0,20817.3904910638,2830.92783505155
6284,0.0,0.0,0.0,0.0,2817.86941580756,3767.55165814891,1.1005217966408e-13,0.0,13273.9528347563,2817.86941580756
6285,0.0,0.0,0.0,0.0,2737.11340206186,0.0,7.03457086396175e-14,0.0,10138.6568415583,2737.11340206186
6286,0.0,0.0,0.0,0.0,2823.82588774341,0.0,9.55108452553749e-14,0.0,6904.03383154295,2823.82588774341
6287,0.0,0.0,0.0,0.0,2884.421534937,0.0,-3.4894004956710105e-14,0.0,3600.0,2884.421534937
6288,0.0,0.0,0.0,0.0,0.0,0.0,2396.6,0.0,7200.0,2396.6
6289,0.0,0.0,0.0,0.0,0.0,0.0,2468.8,0.0,7200.0,2468.8
6290,0.0,0.0,0.0,0.0,0.0,0.0,2517.0,0.0,7200.0,2517.0
6291,0.0,0.0,0.0,0.0,0.0,0.0,2578.9,1225.55184752506,8210.46749828441,2578.9
6292,0.0,0.0,0.0,0.0,0.0,0.0,2416.9,0.0,8210.46749828441,2416.9
6293,0.0,0.0,0.0,0.0,0.0,0.0,2556.6,0.0,8210.46749828441,2556.6
6294,43.3908,0.0,0.0,0.0,2775.27024513173,0.0,-8.2578028945837e-15,0.0,5031.46378106594,2818.66104513173
6295,1455.402,0.0,0.0,0.0,1249.66788087056,0.0,-8.259052485316231e-14,0.0,3600.0,2705.06988087056
6296,2534.53608247423,607.393917525773,0.0,0.0,-1.25793653234334e-13,0.0,-2.79829641091734e-30,0.0,4100.796285,2534.53608247423
6297,2510.10309278351,5159.78690721649,0.0,0.0,-6.7319521132288e-15,0.0,-1.70315741097579e-33,0.0,8355.04059,2510.10309278351
6298,2460.41237113402,4749.03762886598,0.0,0.0,-1.85355235160479e-13,0.0,-7.583973721361899e-31,0.0,12270.622115,2460.41237113402
6299,2589.48453608247,6735.29546391752,0.0,0.0,2.30096747136247e-13,0.0,-1.99880536348953e-29,0.0,17823.873225,2589.48453608247
6300,2647.52577319588,6069.78422680412,0.0,0.0,-9.629993308227241e-14,0.0,3.0222458995701698e-30,0.0,22828.41032,2647.52577319588
6301,2502.68041237113,5774.55958762887,0.0,0.0,-3.30035987124054e-14,0.0,-1.3649798273436e-30,0.0,27589.5347,2502.68041237113
6302,2635.36082474227,3648.55917525773,0.0,0.0,-2.42523756208284e-13,0.0,4.27471931822837e-31,0.0,30597.77174,2635.3608247422694
6303,1773.747,0.0,0.0,0.0,986.787411225659,0.0,-4.92925035700408e-14,0.0,29467.4310627656,2760.534411225659
6304,2687.31958762887,410.600412371134,0.0,0.0,-1.21130456940022e-13,0.0,2.3596710789963e-30,0.0,29805.9711027656,2687.31958762887
6305,94.5759,0.0,0.0,0.0,2931.1126884307,0.0,1.97564831496121e-13,0.0,26448.4537047923,3025.6885884307
6306,0.0,0.0,0.0,0.0,3001.37457044674,0.0,1.33570265195798e-13,0.0,23010.4530513596,3001.37457044674
6307,0.0,0.0,0.0,0.0,2950.63001145475,0.0,-1.27090107306574e-13,0.0,19630.5790405294,2950.63001145475
6308,0.0,0.0,0.0,0.0,3039.97709049255,0.0,5.90602715009193e-14,0.0,16148.3601510763,3039.97709049255
6309,0.0,0.0,0.0,0.0,2957.04467353952,0.0,-4.1131463260165303e-14,0.0,12761.1383028065,2957.04467353952
6310,0.0,0.0,0.0,0.0,3092.78350515464,0.0,1.69202933451293e-13,0.0,9218.43096585962,3092.78350515464
6311,0.0,0.0,0.0,0.0,2638.34516790335,0.0,254.324668420377,0.0,6196.27155245372,2892.669836323727
6312,0.0,0.0,0.0,0.0,0.0,0.0,2526.2,0.0,6196.27155245372,2526.2
6313,0.0,0.0,0.0,0.0,0.0,0.0,2525.3,0.0,6196.27155245372,2525.3
6314,0.0,0.0,0.0,0.0,0.0,0.0,2526.4,0.0,6196.27155245372,2526.4
6315,0.0,0.0,0.0,0.0,0.0,0.0,2611.9,0.0,6196.27155245372,2611.9
6316,0.0,0.0,0.0,0.0,0.0,0.0,2390.1,0.0,6196.27155245372,2390.1
6317,0.0,0.0,0.0,0.0,0.0,0.0,2251.8,0.0,6196.27155245372,2251.8
6318,277.8414,0.0,0.0,0.0,2266.5450652921,0.0,-1.01020445226233e-13,0.0,3600.0,2544.3864652921
6319,2420.0,2.47354102687675e-13,-2.47354102687675e-13,1588.51,1.78042638542408e-13,0.0,1.57844470703329e-30,0.0,3600.0,2420.0
6320,2340.72164948454,1404.85164948453,0.0,3810.55670103093,5.06064829695908e-14,-7.64294306540785e-14,-6.926548458382191e-31,0.0,4758.300185,2340.72164948454
6321,2352.88659793814,3934.70670103093,0.0,3810.55670103093,1.96830306095602e-13,-7.64294306540785e-14,-9.116690002217969e-30,0.0,8002.46586,2352.88659793814
6322,2391.23711340206,5673.70618556701,0.0,3810.55670103093,1.09447503525022e-13,-7.64294306540785e-14,1.39348639737789e-30,0.0,12680.43661,2391.23711340206
6323,2549.89690721649,6230.63639175258,0.0,3810.55670103093,-4.71895327024718e-14,-7.64294306540785e-14,1.3929221654096e-30,0.0,17817.596315,2549.89690721649
6324,2405.56701030928,6175.64628865979,0.0,3810.55670103093,8.90487991953854e-14,-7.64294306540785e-14,5.3835970796750796e-30,0.0,22909.41668,2405.56701030928
6325,2362.16494845361,5233.78835051546,0.0,3810.55670103093,2.17949571795953e-13,-7.64294306540785e-14,4.8047772817417595e-30,0.0,27224.675175,2362.16494845361
6326,2630.30927835052,3114.79402061856,0.0,3810.55670103093,-1.85378729446802e-13,-7.64294306540785e-14,-6.1605585853258796e-30,0.0,29792.822845,2630.30927835052
6327,2416.70103092783,564.052268041237,0.0,3810.55670103093,1.0501568399691e-13,-7.64294306540785e-14,-3.25919910549317e-30,0.0,30257.88394,2416.70103092783
6328,2346.70103092784,0.0,0.0,954.558969072164,1.43258508559371e-14,3173.33081328751,1.3588834987911402e-31,0.0,26622.9116452835,2346.70103092784
6329,312.894,0.0,0.0,0.0,2417.63209621993,145.058200811292,1.11134585306859e-15,0.0,23687.4130232546,2730.52609621993
6330,0.0,0.0,0.0,0.0,2949.94272623139,0.0,3.61629707978597e-14,0.0,20308.3262807215,2949.94272623139
6331,0.0,0.0,0.0,0.0,2882.01603665521,0.0,1.10620874303633e-13,0.0,17007.0478882184,2882.01603665521
6332,0.0,0.0,0.0,0.0,2865.06300114548,0.0,1.24233180189651e-13,0.0,13725.1887803771,2865.06300114548
6333,0.0,0.0,0.0,0.0,2797.9381443299,0.0,1.3093515275445e-13,0.0,10520.2195428858,2797.9381443299
6334,0.0,0.0,0.0,0.0,2985.33791523482,0.0,1.74923787304299e-13,0.0,7100.58848305208,2985.33791523482
6335,0.0,0.0,0.0,0.0,3056.01374570447,0.0,-4.0046164170163103e-14,0.0,3600.0,3056.01374570447
6336,0.0,0.0,0.0,0.0,0.0,0.0,2603.3,0.0,7200.0,2603.3
6337,0.0,0.0,0.0,0.0,0.0,0.0,2699.6,0.0,7200.0,2699.6
6338,0.0,0.0,0.0,0.0,0.0,0.0,2601.4,0.0,7200.0,2601.4
6339,0.0,0.0,0.0,0.0,0.0,0.0,2578.7,0.0,7200.0,2578.7
6340,0.0,0.0,0.0,0.0,0.0,0.0,2454.1,0.0,7200.0,2454.1
6341,0.0,0.0,0.0,0.0,1139.99941580756,0.0,1581.68051,0.0,5894.15874477943,2721.67992580756
6342,881.397,0.0,0.0,0.0,2002.80058419244,0.0,-1.4445323440660502e-15,0.0,3600.0,2884.19758419244
6343,2596.80412371134,1599.05587628866,0.0,0.0,1.31348793327271e-13,0.0,7.755899919561439e-30,0.0,4918.42157,2596.80412371134
6344,2766.0824742268,4923.3975257732,0.0,0.0,-5.1009242163701505e-14,0.0,1.77110112013147e-30,0.0,8977.76283,2766.0824742268
6345,2640.30927835052,7525.28072164948,0.0,0.0,1.27467621134857e-13,0.0,6.0576877919987e-30,0.0,15182.356785,2640.30927835052
6346,2562.16494845361,6080.80505154639,0.0,0.0,2.24053890831692e-13,0.0,1.71066420766088e-30,0.0,20195.98055,2562.16494845361
6347,2562.16494845361,10035.0450515464,0.0,0.0,2.24053890831692e-13,0.0,1.71066420766088e-30,0.0,28469.875195,2562.16494845361
6348,2562.37113402062,9882.97886597938,0.0,0.0,-6.24358561332827e-14,0.0,-5.1091310555465e-30,0.0,36618.39127,2562.37113402062
6349,2249.037,0.0,0.0,0.0,200.153619702177,0.0,-1.4634451522571802e-15,0.0,36389.1202279586,2449.1906197021767
6350,2341.311,0.0,0.0,0.0,221.681935853379,0.0,-3.2726142935974804e-15,0.0,36135.1890299593,2562.992935853379
6351,2535.67010309278,138.400896907217,0.0,0.0,9.8228772035318e-14,0.0,-4.8742204423836496e-30,0.0,36249.3005694593,2535.67010309278
6352,853.143,0.0,0.0,0.0,1715.06447880871,0.0,-4.01544318172698e-14,0.0,34284.7364471125,2568.20747880871
6353,0.0,0.0,0.0,0.0,2734.0206185567,0.0,-1.78807713194887e-14,0.0,31152.9831612515,2734.0206185567
6354,0.0,0.0,0.0,0.0,2835.62428407789,0.0,2.86839428370873e-14,0.0,27904.8453788026,2835.62428407789
6355,0.0,0.0,0.0,0.0,2885.56701030928,0.0,-1.5540001816861099e-13,0.0,24599.4994334311,2885.56701030928
6356,0.0,0.0,0.0,0.0,2927.0332187858,0.0,6.43166110925822e-14,0.0,21246.654967468,2927.0332187858
6357,0.0,0.0,0.0,0.0,2760.59564719359,0.0,1.8043628040088599e-13,0.0,18084.4606407858,2760.59564719359
6358,0.0,0.0,0.0,0.0,2804.69644902635,0.0,1.0639080096735099e-13,0.0,14871.7499317063,2804.69644902635
6359,0.0,0.0,0.0,0.0,0.0,0.0,2451.7,0.0,14871.7499317063,2451.7
6360,0.0,0.0,0.0,0.0,0.0,0.0,2471.6,0.0,14871.7499317063,2471.6
6361,0.0,0.0,0.0,0.0,0.0,0.0,2503.9,0.0,14871.7499317063,2503.9
6362,0.0,0.0,0.0,0.0,0.0,0.0,2394.2,0.0,14871.7499317063,2394.2
6363,0.0,0.0,0.0,0.0,1674.94529633611,0.0,1009.07275629857,0.0,12953.1413448379,2684.01805263468
6364,0.0,0.0,0.0,0.0,2633.56242840779,0.0,-1.84951498687966e-13,0.0,9936.46044173624,2633.56242840779
6365,0.0,0.0,0.0,0.0,2723.13860252005,0.0,1.34440260883864e-13,0.0,6817.17223724593,2723.13860252005
6366,0.0,0.0,0.0,0.0,2779.83963344788,0.0,-7.41880519089337e-14,0.0,3632.93439824492,2779.83963344788
6367,2444.742,0.0,0.0,0.0,28.751729667812,0.0,-1.1071113276489601e-15,0.0,3600.0,2473.493729667812
6368,2507.52577319588,5.01068739444462e-13,-4.6321388557997904e-14,341.355226804123,2.11968178222582e-13,0.0,1.03286339626478e-30,0.0,3600.0,2507.52577319588
6369,2482.47422680412,0.0,0.0,2393.96577319588,1.48695338139038e-13,0.0,5.3128457743046895e-30,0.0,3600.0,2482.47422680412
6370,2599.8969072165,1373.76639175258,0.0,3810.55670103093,-3.00363962120433e-14,0.0,6.28220464268755e-31,0.0,4732.67039,2599.8969072165
6371,2599.58762886598,2481.55567010309,0.0,3810.55670103093,1.3143375034477899e-13,0.0,9.72504765297219e-30,0.0,6778.71304,2599.58762886598
6372,2594.74226804124,10234.9516660016,0.0,0.946065957115934,-9.79109698587151e-14,0.0,-3.6827781273839e-30,0.0,15217.4306886184,2594.74226804124
6373,2516.39175257732,9167.97824742268,0.0,0.0,-2.20109787515198e-13,0.0,7.56072439815624e-30,0.0,22776.4287536184,2516.39175257732
6374,2609.69072164948,5515.35927835051,0.0,0.0,4.83978102848038e-14,0.0,8.81143573774187e-31,0.0,27323.8424786184,2609.69072164948
6375,2535.87628865979,1668.65371134021,0.0,0.0,-1.72633918198163e-13,0.0,4.8430245479789895e-30,0.0,28699.6474636184,2535.87628865979
6376,961.023,0.0,0.0,0.0,1770.57009163803,0.0,7.79511035127421e-14,0.0,26671.5030287523,2731.59309163803
6377,27.15306,0.0,0.0,0.0,2676.58823802978,0.0,1.2344363440424998e-13,0.0,23605.5371203563,2703.74129802978
6378,0.0,0.0,0.0,0.0,2738.14432989691,0.0,-1.45657451735742e-13,0.0,20469.0602247126,2738.14432989691
6379,0.0,0.0,0.0,0.0,2975.94501718213,0.0,1.5398872402482399e-13,0.0,17060.1884982726,2975.94501718213
6380,0.0,0.0,0.0,0.0,3011.56930126002,0.0,1.44502311096879e-13,0.0,13610.5100317663,3011.56930126002
6381,0.0,0.0,0.0,0.0,2879.03780068728,0.0,6.01386279454049e-14,0.0,10312.6431352173,2879.03780068728
6382,0.0,0.0,0.0,0.0,2898.16723940435,0.0,1.0701158579600999e-13,0.0,6992.86393773233,2898.16723940435
6383,0.0,0.0,0.0,0.0,2961.97021764032,0.0,1.60330362706489e-13,0.0,3600.0,2961.97021764032
6384,0.0,0.0,0.0,0.0,0.0,0.0,2539.8,0.0,7200.0,2539.8
6385,0.0,0.0,0.0,0.0,0.0,0.0,2477.6,0.0,7200.0,2477.6
6386,0.0,0.0,0.0,0.0,0.0,0.0,2598.2,0.0,7200.0,2598.2
6387,0.0,0.0,0.0,0.0,0.0,0.0,2517.9,8050.701242167,13837.8031741667,2517.9
6388,0.0,0.0,0.0,0.0,0.0,0.0,2365.3,12000.0,23731.8031741667,2365.3
6389,0.0,0.0,0.0,0.0,0.0,0.0,2507.7,12000.0,33625.8031741667,2507.7
6390,738.297,0.0,0.0,0.0,0.0,0.0,1841.55191,0.0,33625.8031741667,2579.84891
6391,783.201,0.0,0.0,0.0,0.0,0.0,1753.39503,0.0,33625.8031741667,2536.59603
6392,2497.42268041237,530.057319587629,0.0,0.0,0.0,0.0,-1.83566335099198e-13,0.0,34062.8354341667,2497.42268041237
6393,2573.09278350515,2581.65721649485,0.0,0.0,0.0,0.0,4.89633534175716e-15,0.0,36191.4118091667,2573.09278350515
6394,2620.61855670103,4986.99144329897,0.0,0.0,0.0,0.0,-1.3480900244908299e-13,0.0,40303.1862541667,2620.61855670103
6395,2575.9793814433,5506.3506185567,0.0,0.0,0.0,0.0,1.14112613974359e-13,0.0,44843.1723391667,2575.9793814433
6396,2612.37113402062,4376.24886597938,0.0,0.0,0.0,0.0,-5.3174234774805604e-14,0.0,48451.3895291667,2612.37113402062
6397,2596.28865979381,2120.73134020619,0.0,0.0,0.0,0.0,6.463155325936611e-14,0.0,50199.9325191667,2596.28865979381
6398,1749.762,0.0,0.0,0.0,0.0,0.0,819.13086,0.0,50199.9325191667,2568.89286
6399,223.4247,0.0,0.0,0.0,0.0,0.0,2279.578041,0.0,50199.9325191667,2503.002741
6400,14.60646,0.0,0.0,0.0,2734.28606391753,0.0,1.80844292543578e-13,0.0,47067.8751721821,2748.89252391753
6401,11.58087,0.0,0.0,0.0,2723.3293884307,0.0,-1.6614739914823199e-13,0.0,43948.3684271298,2734.9102584307
6402,0.0,0.0,0.0,0.0,2779.03780068729,0.0,-6.418503453053991e-14,0.0,40765.0490678087,2779.03780068729
6403,0.0,0.0,0.0,0.0,2611.68384879725,0.0,-3.35594950073008e-14,0.0,37773.4295388313,2611.68384879725
6404,0.0,0.0,0.0,0.0,2826.68957617411,0.0,-7.25696911243625e-15,0.0,34535.5262442447,2826.68957617411
6405,0.0,0.0,0.0,0.0,2846.96449026346,0.0,-1.38642938036314e-13,0.0,31274.3985348937,2846.96449026346
6406,0.0,0.0,0.0,0.0,0.0,0.0,2466.8,0.0,31274.3985348937,2466.8
6407,0.0,0.0,0.0,0.0,0.0,0.0,2569.3,0.0,31274.3985348937,2569.3
6408,0.0,0.0,0.0,0.0,0.0,0.0,2514.8,0.0,31274.3985348937,2514.8
6409,0.0,0.0,0.0,0.0,0.0,0.0,2443.6,0.0,31274.3985348937,2443.6
6410,0.0,0.0,0.0,0.0,0.0,0.0,2464.9,0.0,31274.3985348937,2464.9
6411,0.0,0.0,0.0,0.0,0.0,0.0,2470.0,0.0,31274.3985348937,2470.0
6412,0.0,0.0,0.0,0.0,0.0,0.0,2379.0,0.0,31274.3985348937,2379.0
6413,0.0,0.0,0.0,0.0,0.0,0.0,2440.7,0.0,31274.3985348937,2440.7
6414,70.0329,0.0,0.0,0.0,0.0,0.0,2430.568087,0.0,31274.3985348937,2500.6009870000003
6415,18.5067,0.0,0.0,0.0,0.0,0.0,2375.548501,0.0,31274.3985348937,2394.055201
6416,97.5225,0.0,0.0,0.0,0.0,0.0,2255.503175,0.0,31274.3985348937,2353.025675
6417,512.934,0.0,0.0,0.0,2217.81674684994,0.0,-9.201205709024061e-14,0.0,28733.9440711481,2730.75074684994
6418,781.602,0.0,0.0,0.0,1961.56478808706,0.0,5.30519002738697e-14,0.0,26487.0199152637,2743.16678808706
6419,1260.513,0.0,0.0,0.0,1428.86871706758,0.0,-5.647271597788291e-15,0.0,24850.2859896422,2689.38171706758
6420,1051.488,0.0,0.0,0.0,1742.90565864834,0.0,2.18652768539645e-15,0.0,22853.8304814539,2794.39365864834
6421,2296.551,0.0,0.0,0.0,393.408396334479,0.0,7.463200539942391e-15,0.0,22403.1908522048,2689.9593963344787
6422,1400.826,0.0,0.0,0.0,1357.73056128293,0.0,-3.12394899970007e-14,0.0,20847.943932064,2758.55656128293
6423,1145.697,0.0,0.0,0.0,1581.98615120275,0.0,7.53423743859165e-14,0.0,19035.817756574,2727.68315120275
6424,203.4102,0.0,0.0,0.0,2619.57858648339,0.0,1.8518800464037199e-13,0.0,16035.1550000066,2822.98878648339
6425,92.7915,0.0,0.0,0.0,2612.01860824742,0.0,-1.42243517216927e-13,0.0,13043.1520123234,2704.81010824742
6426,0.0,0.0,0.0,0.0,2770.56128293242,0.0,-5.73788815875311e-14,0.0,9869.5422953332,2770.56128293242
6427,0.0,0.0,0.0,0.0,2719.35853379152,0.0,1.5171394546661e-13,0.0,6754.58406647693,2719.35853379152
6428,0.0,0.0,0.0,0.0,2753.95189003436,0.0,-9.651665797243971e-14,0.0,3600.0,2753.95189003436
6429,0.0,0.0,0.0,0.0,0.0,0.0,2420.9,0.0,3600.0,2420.9
6430,0.0,0.0,0.0,0.0,0.0,0.0,2436.9,0.0,3600.0,2436.9
6431,0.0,0.0,0.0,0.0,0.0,0.0,2483.3,0.0,3600.0,2483.3
6432,0.0,0.0,0.0,0.0,0.0,0.0,2471.2,0.0,7200.0,2471.2
6433,0.0,0.0,0.0,0.0,0.0,0.0,2449.0,0.0,7200.0,2449.0
6434,0.0,0.0,0.0,0.0,0.0,0.0,2552.0,0.0,7200.0,2552.0
6435,0.0,0.0,0.0,0.0,0.0,0.0,2425.7,0.0,7200.0,2425.7
6436,0.0,0.0,0.0,0.0,0.0,0.0,2503.1,0.0,7200.0,2503.1
6437,0.0,0.0,0.0,0.0,0.0,0.0,2506.4,0.0,7200.0,2506.4
6438,557.604,0.0,0.0,0.0,823.576655211914,0.0,1206.9417,0.0,6256.61322427043,2588.1223552119145
6439,568.266,0.0,0.0,0.0,2319.22334478809,0.0,-7.8189502259839e-14,0.0,3600.0,2887.48934478809
6440,2589.89690721649,4649.55309278351,0.0,0.0,1.62392087524591e-13,0.0,1.67686148852777e-30,0.0,7433.556525,2589.89690721649
6441,2520.82474226804,7359.58525773196,0.0,0.0,6.13125355684584e-14,0.0,4.8042130497734596e-30,0.0,13501.53457,2520.82474226804
6442,2658.24742268041,8922.20257731959,0.0,0.0,-1.26283886690916e-14,0.0,2.61557401296619e-31,0.0,20857.890595,2658.24742268041
6443,2621.34020618557,9736.04979381443,0.0,0.0,1.21679635882825e-13,0.0,-1.04113876617213e-29,0.0,28885.26365,2621.34020618557
6444,2579.38144329897,9596.98855670103,0.0,0.0,-1.92142147122071e-13,0.0,8.645390415100429e-30,0.0,36797.980715,2579.38144329897
6445,2567.01030927835,8537.54969072165,0.0,0.0,-5.18762232831074e-14,0.0,1.85160258643337e-30,0.0,43837.190435,2567.01030927835
6446,2612.47422680412,6524.32577319588,0.0,0.0,4.8482767302311504e-14,0.0,-2.65911325487861e-30,0.0,49216.497035,2612.47422680412
6447,2671.64948453608,3534.99051546392,0.0,0.0,-3.82644309150623e-14,0.0,1.75587512930925e-30,0.0,52131.096715,2671.64948453608
6448,2547.42268041237,124.710319587629,0.0,0.0,-2.08744636276802e-13,0.0,1.3457563674225099e-30,0.0,52233.9203735,2547.42268041237
6449,192.8049,0.0,0.0,0.0,2731.47680068729,0.0,-1.17020212541008e-13,0.0,49105.0809683599,2924.28170068729
6450,0.0,0.0,0.0,0.0,2808.13287514318,0.0,1.41867198655531e-13,0.0,45888.433917795,2808.13287514318
6451,0.0,0.0,0.0,0.0,2894.15807560138,0.0,-8.956110385580421e-15,0.0,42573.2471187098,2894.15807560138
6452,0.0,0.0,0.0,0.0,2915.34936998855,0.0,-5.48479495243929e-14,0.0,39233.7862137974,2915.34936998855
6453,0.0,0.0,0.0,0.0,2971.36311569301,0.0,-1.57976097775338e-13,0.0,35830.1629426713,2971.36311569301
6454,0.0,0.0,0.0,0.0,2942.84077892325,0.0,-1.68031205342837e-13,0.0,32459.211305875,2942.84077892325
6455,0.0,0.0,0.0,0.0,0.0,0.0,2533.3,0.0,32459.211305875,2533.3
6456,0.0,0.0,0.0,0.0,0.0,0.0,2515.6,0.0,32459.211305875,2515.6
6457,0.0,0.0,0.0,0.0,0.0,0.0,2597.0,0.0,32459.211305875,2597.0
6458,0.0,0.0,0.0,0.0,0.0,0.0,2410.1,0.0,32459.211305875,2410.1
6459,0.0,0.0,0.0,0.0,0.0,0.0,2465.0,0.0,32459.211305875,2465.0
6460,0.0,0.0,0.0,0.0,0.0,0.0,2486.3,0.0,32459.211305875,2486.3
6461,0.0,0.0,0.0,0.0,144.420462027117,0.0,2433.12093665033,0.0,32293.7812233697,2577.541398677447
6462,38.8266,0.0,0.0,0.0,2883.66345704467,0.0,1.97935292080311e-13,0.0,28990.6157513826,2922.49005704467
6463,0.0,0.0,0.0,0.0,2905.04009163803,0.0,1.7796438117237e-13,0.0,25662.9638709267,2905.04009163803
6464,2158.068,0.0,0.0,0.0,640.290996563573,0.0,-2.33052848191953e-14,0.0,24929.5263032708,2798.3589965635733
6465,2672.88659793814,372.653402061855,0.0,0.0,-2.10124296287044e-13,0.0,6.1648234516380896e-30,0.0,25236.7790332708,2672.88659793814
6466,2844.32989690722,2382.24010309278,0.0,0.0,-3.82029681838777e-14,0.0,-1.67713835046969e-30,0.0,27200.9359982708,2844.32989690722
6467,2739.8969072165,5049.00309278351,0.0,0.0,1.82597383532889e-13,0.0,-6.3489674965351205e-31,0.0,31363.8390482708,2739.8969072165
6468,2652.37113402062,5925.70886597938,0.0,0.0,1.48671843852715e-13,0.0,-8.93154388849969e-32,0.0,36249.5860082708,2652.37113402062
6469,2794.0206185567,235.889381443299,0.0,0.0,1.21741098614009e-13,0.0,8.193217106753969e-30,0.0,36444.0768032708,2794.0206185567
6470,476.418,0.0,0.0,0.0,2558.61917525773,0.0,3.36488511281234e-14,0.0,33513.241550971,3035.0371752577303
6471,625.929,0.0,0.0,0.0,2273.36640320733,0.0,1.41372009926512e-13,0.0,30909.1563239294,2899.2954032073303
6472,0.0,0.0,0.0,0.0,3052.00458190149,0.0,1.83227663409549e-13,0.0,27413.1602392771,3052.00458190149
6473,0.0,0.0,0.0,0.0,2993.24169530355,0.0,8.762633586788051e-14,0.0,23984.4755940267,2993.24169530355
6474,0.0,0.0,0.0,0.0,3019.93127147766,0.0,-1.55539025721693e-14,0.0,20525.2186965724,3019.93127147766
6475,0.0,0.0,0.0,0.0,3044.21534936999,0.0,2.67807382481244e-14,0.0,17038.1449859538,3044.21534936999
6476,0.0,0.0,0.0,0.0,2971.36311569301,0.0,-1.57976097775338e-13,0.0,13634.5217148278,2971.36311569301
6477,0.0,0.0,0.0,0.0,2858.41924398625,0.0,-9.49668446210938e-14,0.0,10360.2728671918,2858.41924398625
6478,0.0,0.0,0.0,0.0,2967.69759450172,0.0,1.2547647533448201e-14,0.0,6960.84836031695,2967.69759450172
6479,0.0,0.0,0.0,0.0,2934.0206185567,0.0,-1.08474970128901e-13,0.0,3600.0,2934.0206185567
6480,0.0,0.0,0.0,0.0,0.0,0.0,2486.5,0.0,7200.0,2486.5
6481,0.0,0.0,0.0,0.0,0.0,0.0,2388.8,0.0,7200.0,2388.8
6482,0.0,0.0,0.0,0.0,0.0,0.0,2487.6,12000.0,17094.0,2487.6
6483,0.0,0.0,0.0,0.0,0.0,0.0,2462.7,3016.12609988837,19580.795969358,2462.7
6484,0.0,0.0,0.0,0.0,0.0,0.0,2189.5,0.0,19580.795969358,2189.5
6485,0.0,0.0,0.0,0.0,2424.62772050401,0.0,-1.88051125390658e-13,0.0,16803.4446285744,2424.62772050401
6486,0.0,0.0,0.0,0.0,2503.78006872852,0.0,-1.2832792484245701e-14,0.0,13935.4262222417,2503.78006872852
6487,0.0,0.0,0.0,0.0,2483.27605956472,0.0,-1.30194031449867e-13,0.0,11090.894653439,2483.27605956472
6488,680.961,0.0,0.0,0.0,1800.42134020619,0.0,3.20746475427679e-14,0.0,9028.55634850637,2481.38234020619
6489,850.587,0.0,0.0,0.0,1738.52303550974,0.0,-3.8293771646085604e-14,0.0,7037.12102718937,2589.11003550974
6490,2428.35051546392,4421.33948453608,0.0,0.0,1.93924566326424e-13,0.0,1.98530991258138e-30,0.0,10682.5154321894,2428.35051546392
6491,2272.37113402062,3690.72886597938,0.0,0.0,2.41254015894767e-13,0.0,7.314758087723151e-31,0.0,13725.5213821894,2272.3711340206205
6492,737.286,0.0,0.0,0.0,1710.69024054983,0.0,-1.56058450774491e-14,0.0,11765.9678420407,2447.97624054983
6493,2397.9381443299,1580.0018556701,0.0,0.0,-1.5600793475711e-13,0.0,-4.49279843940759e-30,0.0,13068.6793720407,2397.9381443299
6494,2778.35051546392,5545.41948453608,0.0,0.0,2.04607124638969e-13,0.0,2.0800165950033698e-30,0.0,17640.8777370407,2778.35051546392
6495,2693.81443298969,2858.46556701031,0.0,0.0,-1.00096148257179e-13,0.0,3.29318150541819e-30,0.0,19997.6825970407,2693.81443298969
6496,673.248,0.0,0.0,0.0,2257.67404352806,0.0,-1.48784675169494e-13,0.0,17411.5725815446,2930.92204352806
6497,0.0,0.0,0.0,0.0,3011.45475372279,0.0,-8.747749629160501e-15,0.0,13962.0253264211,3011.45475372279
6498,0.0,0.0,0.0,0.0,3013.86025200458,0.0,-1.54262628889504e-13,0.0,10509.7226322578,3013.86025200458
6499,0.0,0.0,0.0,0.0,3019.2439862543,0.0,1.4769917553226399e-13,0.0,7051.25300310053,3019.2439862543
6500,0.0,0.0,0.0,0.0,3012.94387170676,0.0,-1.82003845111988e-13,0.0,3600.0,3012.94387170676
6501,0.0,0.0,0.0,0.0,0.0,0.0,2527.9,0.0,3600.0,2527.9
6502,0.0,0.0,0.0,0.0,0.0,0.0,2723.0,0.0,3600.0,2723.0
6503,0.0,0.0,0.0,0.0,0.0,0.0,2697.3,1614.67716662813,4931.3013238849,2697.3
6504,0.0,0.0,0.0,0.0,0.0,0.0,2592.6,0.0,4931.3013238849,2592.6
6505,0.0,0.0,0.0,0.0,0.0,0.0,2666.2,0.0,4931.3013238849,2666.2
6506,0.0,0.0,0.0,0.0,0.0,0.0,2585.5,12000.0,14825.3013238849,2585.5
6507,0.0,0.0,0.0,0.0,0.0,0.0,2539.2,0.0,14825.3013238849,2539.2
6508,0.0,0.0,0.0,0.0,0.0,0.0,2535.4,0.0,14825.3013238849,2535.4
6509,0.0,0.0,0.0,0.0,0.0,0.0,2640.9,0.0,14825.3013238849,2640.9
6510,0.0,0.0,0.0,0.0,0.0,0.0,2606.7,0.0,14825.3013238849,2606.7
6511,2705.77319587629,529.906804123711,0.0,0.0,0.0,0.0,-1.64372341625551e-13,0.0,15262.2094838849,2705.77319587629
6512,1350.216,0.0,0.0,0.0,1465.28119129439,0.0,4.4439618547355e-14,0.0,13583.7659657928,2815.49719129439
6513,2647.73195876289,7067.40804123711,0.0,0.0,1.2248515427104599e-13,0.0,-1.5494710861807e-30,0.0,19410.8438957928,2647.73195876289
6514,2650.30927835052,1593.19072164948,0.0,0.0,-8.05879193332711e-14,0.0,-5.091843617032411e-31,0.0,20724.4296457928,2650.30927835052
6515,2560.51546391753,769.874536082475,0.0,0.0,-7.291053196595021e-14,0.0,9.18092160011477e-31,0.0,21359.1912007928,2560.51546391753
6516,1994.421,0.0,0.0,0.0,0.0,0.0,619.11163,0.0,21359.1912007928,2613.53263
6517,2629.27835051546,3731.86164948454,0.0,0.0,0.0,0.0,1.65554992395535e-13,0.0,24436.1111307928,2629.27835051546
6518,2001.48,0.0,0.0,0.0,0.0,0.0,725.6644,0.0,24436.1111307928,2727.1444
6519,1271.055,0.0,0.0,0.0,1585.99845360825,0.0,-4.01563254584256e-14,0.0,22619.3889617112,2857.05345360825
6520,846.363,0.0,0.0,0.0,1994.30457044674,0.0,7.220944654741631e-14,0.0,20334.96219144,2840.66757044674
6521,0.0,0.0,0.0,0.0,2896.56357388316,0.0,-1.54470989645924e-13,0.0,17017.019953315,2896.56357388316
6522,0.0,0.0,0.0,0.0,2805.7273768614,0.0,-1.6736527297059e-13,0.0,13803.1283417899,2805.7273768614
6523,0.0,0.0,0.0,0.0,2999.42726231386,0.0,-1.3291514153779e-13,0.0,10367.3582818657,2999.42726231386
6524,0.0,0.0,0.0,0.0,2990.83619702176,0.0,1.75388301565643e-13,0.0,6941.42907565517,2990.83619702176
6525,0.0,0.0,0.0,0.0,2917.06758304696,0.0,-3.7109750680302904e-14,0.0,3600.0,2917.06758304696
6526,0.0,0.0,0.0,0.0,0.0,0.0,2607.1,0.0,3600.0,2607.1
6527,0.0,0.0,0.0,0.0,0.0,0.0,2608.5,0.0,3600.0,2608.5
6528,0.0,0.0,0.0,0.0,0.0,0.0,2619.3,0.0,7200.0,2619.3
6529,0.0,0.0,0.0,0.0,0.0,0.0,2656.5,0.0,7200.0,2656.5
6530,0.0,0.0,0.0,0.0,0.0,0.0,2634.4,6684.89779846163,12711.6982348316,2634.4
6531,0.0,0.0,0.0,0.0,0.0,0.0,2600.7,0.0,12711.6982348316,2600.7
6532,0.0,0.0,0.0,0.0,0.0,0.0,2468.5,0.0,12711.6982348316,2468.5
6533,0.0,0.0,0.0,0.0,0.0,0.0,2558.7,0.0,12711.6982348316,2558.7
6534,0.0,0.0,0.0,0.0,2891.4089347079,0.0,1.31555937583108e-13,0.0,9399.66050893482,2891.4089347079
6535,442.041,0.0,0.0,0.0,2445.95673539519,0.0,-4.56773166217147e-14,0.0,6597.87730687847,2887.9977353951904
6536,1181.622,0.0,0.0,0.0,1602.55058419244,0.0,-3.5197612216953903e-15,0.0,4762.19507985392,2784.17258419244
6537,2669.38144329897,91.7705567010307,0.0,0.0,1.89655528639265e-14,0.0,-1.0830537339693901e-31,0.0,4837.85990385392,2669.38144329897
6538,2561.13402061856,2617.79597938144,0.0,0.0,1.09424009238699e-13,0.0,-4.008674815811789e-30,0.0,6996.23268885391,2561.13402061856
6539,2474.12371134021,2677.83628865979,0.0,0.0,1.32813410355021e-13,0.0,4.9059805687566e-30,0.0,9204.10870885391,2474.12371134021
6540,2388.86597938144,888.904020618556,0.0,0.0,5.72849436273518e-14,0.0,4.569866668578919e-30,0.0,9937.01007385391,2388.86597938144
6541,2506.18556701031,3976.75443298969,0.0,0.0,-2.46466391131882e-13,0.0,-1.98753449642151e-29,0.0,13215.8441038539,2506.1855670103096
6542,2707.11340206186,2346.95659793814,0.0,0.0,-2.35124734179809e-13,0.0,-9.45485595988438e-30,0.0,15150.9098188539,2707.11340206186
6543,2736.49484536082,3038.47515463918,0.0,0.0,1.77885310732213e-16,0.0,-1.5575568615519e-33,0.0,17656.1325838539,2736.49484536082
6544,2266.509,0.0,0.0,0.0,448.094238258878,0.0,6.252943475464571e-15,0.0,17142.851669468,2714.6032382588783
6545,0.0,0.0,0.0,0.0,2960.2520045819,0.0,1.4259216386239998e-13,0.0,13751.9559024785,2960.2520045819
6546,0.0,0.0,0.0,0.0,2938.71706758305,0.0,-9.8007438489164e-14,0.0,10385.7278754647,2938.71706758305
6547,0.0,0.0,0.0,0.0,2949.82817869416,0.0,-1.5812628030180101e-15,0.0,7006.77234431441,2949.82817869416
6548,0.0,0.0,0.0,0.0,2974.11225658648,0.0,4.07533780172757e-14,0.0,3600.0,2974.11225658648
6549,0.0,0.0,0.0,0.0,0.0,0.0,2518.2,0.0,3600.0,2518.2
6550,0.0,0.0,0.0,0.0,0.0,0.0,2472.4,0.0,3600.0,2472.4
6551,0.0,0.0,0.0,0.0,0.0,0.0,2458.2,12000.0,13494.0,2458.2
6552,0.0,0.0,0.0,0.0,0.0,0.0,2530.6,12000.0,23388.0,2530.6
6553,0.0,0.0,0.0,0.0,0.0,0.0,2559.6,12000.0,33282.0,2559.6
6554,0.0,0.0,0.0,0.0,0.0,0.0,2465.8,12000.0,43176.0,2465.8
6555,0.0,0.0,0.0,0.0,0.0,0.0,2395.0,0.0,43176.0,2395.0
6556,0.0,0.0,0.0,0.0,0.0,0.0,2433.5,0.0,43176.0,2433.5
6557,0.0,0.0,0.0,0.0,0.0,0.0,2491.6,0.0,43176.0,2491.6
6558,21.71037,0.0,0.0,0.0,2064.74044902795,0.0,752.5225290986,0.0,40810.8906654892,2838.97334812655
6559,14.26221,0.0,0.0,0.0,2950.24702898053,0.0,-1.65289565094574e-13,0.0,37431.4553516512,2964.50923898053
6560,94.7511,0.0,0.0,0.0,2943.97644100802,0.0,3.29691410900921e-14,0.0,34059.2028419055,3038.72754100802
6561,1036.773,0.0,0.0,0.0,2005.18922107675,0.0,-2.55418988695824e-14,0.0,31762.3079724018,3041.96222107675
6562,2757.73195876289,341.448041237113,0.0,0.0,-6.68911699477183e-14,0.0,-4.1451686474801595e-30,0.0,32043.8318824018,2757.73195876289
6563,2708.35051546392,1041.22948453608,0.0,0.0,9.82902347665026e-14,0.0,2.7115752019645096e-30,0.0,32902.3255924018,2708.35051546392
6564,1673.238,0.0,0.0,0.0,993.194891179839,0.0,-2.77943092698155e-14,0.0,31764.6453046815,2666.4328911798398
6565,2463.29896907217,224.422030927835,0.0,0.0,-6.02506777348188e-14,0.0,-1.0662815642215e-30,0.0,31949.6812691815,2463.29896907217
6566,886.335,0.0,0.0,0.0,2071.76981672394,0.0,2.64175700279238e-14,0.0,29576.5199670922,2958.10481672394
6567,690.033,0.0,0.0,0.0,2224.36195876289,0.0,-1.92408543164595e-14,0.0,27028.5681242939,2914.39495876289
6568,256.8132,0.0,0.0,0.0,2703.88453150057,0.0,-1.46173056713827e-13,0.0,23931.3349839725,2960.69773150057
6569,0.0,0.0,0.0,0.0,2989.23253150057,0.0,-1.43847187438871e-13,0.0,20507.2427371219,2989.23253150057
6570,0.0,0.0,0.0,0.0,2988.65979381443,0.0,1.7265595139160199e-13,0.0,17083.8065471856,2988.65979381443
6571,0.0,0.0,0.0,0.0,2942.38258877434,0.0,1.86216167088514e-13,0.0,13713.3797559206,2942.38258877434
6572,0.0,0.0,0.0,0.0,2965.63573883162,0.0,4.7559530960284505e-14,0.0,10316.3170539371,2965.63573883162
6573,0.0,0.0,0.0,0.0,2978.00687285223,0.0,1.18976840597988e-13,0.0,6905.08352260575,2978.00687285223
6574,0.0,0.0,0.0,0.0,2885.33791523482,0.0,5.0600124828354605e-14,0.0,3600.0,2885.33791523482
6575,0.0,0.0,0.0,0.0,0.0,0.0,2620.6,0.0,3600.0,2620.6
6576,0.0,0.0,0.0,0.0,2876.6323024055,266.167697594502,-1.91340930118135e-13,0.0,3600.0,2876.6323024055
6577,0.0,0.0,0.0,0.0,0.0,0.0,2525.5,6593.08671922377,9036.0,2525.5
6578,0.0,0.0,0.0,0.0,0.0,0.0,2487.9,12000.0,18930.0,2487.9
6579,0.0,0.0,0.0,0.0,0.0,0.0,2476.8,12000.0,28824.0,2476.8
6580,0.0,0.0,0.0,0.0,0.0,0.0,2466.9,12000.0,38718.0,2466.9
6581,0.0,0.0,0.0,0.0,0.0,0.0,2538.8,12000.0,48612.0,2538.8
6582,0.0,0.0,0.0,0.0,0.0,0.0,2610.0,12000.0,58506.0,2610.0
6583,0.0,0.0,0.0,285.4431,0.0,0.0,2619.6,12000.0,68400.0,2619.6
6584,905.745,0.0,0.0,0.0,2030.73006872852,0.0,-1.2763603385351101e-14,0.0,66073.848718524,2936.47506872852
6585,2665.05154639175,0.0,0.0,200.917453608246,-1.53064226543071e-13,1696.39726488148,-2.3923547989213697e-30,0.0,64130.66743,2665.05154639175
6586,2707.21649484536,5178.08680412371,0.0,3810.55670103093,-1.2573219050314998e-13,0.0,-6.23130989069627e-30,0.0,68400.0,2707.21649484536
6587,2776.90721649485,0.0,0.0,1535.74278350516,1.42054845926139e-13,-1.42054845926139e-13,-8.784850433081069e-30,0.0,68400.0,2776.90721649485
6588,2382.615,0.0,0.0,0.0,344.631672394044,0.0,7.149181997324031e-15,0.0,68005.2329067651,2727.246672394044
6589,2365.527,0.0,0.0,0.0,368.200240549828,0.0,2.07766252922955e-14,0.0,67583.4685991479,2733.727240549828
6590,2273.274,0.0,0.0,0.0,517.782611683848,0.0,-1.03414855907416e-16,0.0,66990.3613692695,2791.056611683848
6591,1869.891,0.0,0.0,0.0,853.500263459336,0.0,-1.7696954544527202e-14,0.0,66012.6978372428,2723.391263459336
6592,6.47622,0.0,0.0,0.0,2896.58426872852,0.0,9.973281626103961e-14,0.0,62694.731893682,2903.06048872852
6593,0.0,0.0,0.0,0.0,2924.51317296678,0.0,1.72087256752048e-13,0.0,59344.7740781416,2924.51317296678
6594,0.0,0.0,0.0,0.0,2879.72508591065,0.0,-4.53615365964477e-14,0.0,56046.1199132955,2879.72508591065
6595,0.0,0.0,0.0,0.0,2900.91638029782,0.0,-9.12533757352601e-14,0.0,52723.1916426222,2900.91638029782
6596,0.0,0.0,0.0,0.0,2773.31042382589,0.0,1.41350594205082e-13,0.0,49546.4328524436,2773.31042382589
6597,0.0,0.0,0.0,0.0,2810.08018327606,0.0,-4.63947454973449e-14,0.0,46327.5552083702,2810.08018327606
6598,0.0,0.0,0.0,0.0,2827.94959908362,0.0,-3.22658351608787e-14,0.0,43088.2085885723,2827.94959908362
6599,0.0,0.0,0.0,0.0,2744.10080183276,0.0,-1.60198786144447e-13,0.0,39944.9087010204,2744.10080183276
6600,0.0,0.0,0.0,0.0,0.0,0.0,2427.0,12000.0,49838.9087010204,2427.0
6601,0.0,0.0,0.0,0.0,2777.09049255441,0.0,1.24076909622336e-13,0.0,46657.8199352078,2777.09049255441
6602,0.0,0.0,0.0,0.0,2850.74455899198,0.0,-9.816370905647891e-14,0.0,43392.3622502227,2850.74455899198
6603,0.0,0.0,0.0,0.0,2712.48568155785,0.0,8.076115009025e-14,0.0,40285.2767043375,2712.48568155785
6604,0.0,0.0,0.0,0.0,2707.7892325315,0.0,7.029361845051251e-14,0.0,37183.570825149,2707.7892325315
6605,0.0,0.0,0.0,0.0,2695.76174112257,0.0,-5.3873773458117305e-14,0.0,34095.6421411598,2695.76174112257
6606,0.0,0.0,0.0,0.0,2683.96334478809,0.0,7.07060425227512e-14,0.0,31021.2282296042,2683.96334478809
6607,14.47371,0.0,0.0,0.0,2701.21477812142,0.0,-6.20495392345052e-14,0.0,27927.0532260287,2715.68848812142
6608,1098.723,0.0,0.0,0.0,1571.17833906071,0.0,-2.1992757234804302e-14,0.0,26127.3071331756,2669.9013390607097
6609,2509.38144329897,0.0,0.0,2273.84855670103,2.06815797323756e-13,936.341817572655,-1.05125909487361e-29,0.0,25054.7506411107,2509.38144329897
6610,2529.48453608247,406.568762886597,0.0,3810.55670103093,-8.42756832043468e-14,0.0,-3.8857489333818794e-30,0.0,25389.9665861107,2529.48453608247
6611,2492.0618556701,1596.23144329897,0.0,3810.55670103093,8.34445728256665e-15,0.0,4.96027885949788e-31,0.0,26706.0594111107,2492.0618556701
6612,2556.0824742268,526.820824742268,0.0,3810.55670103093,1.50941979268687e-13,0.0,5.9226817858507494e-30,0.0,27140.4231811107,2556.0824742268
6613,2545.9793814433,454.243917525773,0.0,3810.55670103093,2.33977919328662e-13,0.0,3.74777674092166e-30,0.0,27514.9472911107,2545.979381443301
6614,2552.98969072165,2532.98360824742,0.0,3810.55670103093,-1.92947665510292e-13,0.0,-2.16526160440158e-31,0.0,29603.3922761107,2552.98969072165
6615,2600.72164948454,0.0,0.0,3042.84835051546,-1.49818658703862e-13,0.0,-5.61776378007772e-30,0.0,29603.3922761107,2600.72164948454
6616,203.2584,0.0,0.0,0.0,2596.37955555556,0.0,5.19370423211917e-16,0.0,26629.3034381319,2799.63795555556
6617,0.0,0.0,0.0,0.0,2777.66323024055,0.0,-1.34673315645556e-13,0.0,23447.558615405,2777.66323024055
6618,0.0,0.0,0.0,0.0,2758.41924398625,0.0,1.19951016664264e-13,0.0,20287.8573049969,2758.41924398625
6619,0.0,0.0,0.0,0.0,2847.99541809851,0.0,1.0010125247479099e-13,0.0,17025.5486932002,2847.99541809851
6620,0.0,0.0,0.0,0.0,2893.35624284078,0.0,1.0469069928134502e-15,0.0,13711.280373795,2893.35624284078
6621,0.0,0.0,0.0,0.0,2863.23024054983,0.0,1.0997834182102301e-14,0.0,10431.5206480793,2863.23024054983
6622,0.0,0.0,0.0,0.0,2967.58304696449,0.0,-1.40702413192591e-13,0.0,7032.22735258729,2967.58304696449
6623,0.0,0.0,0.0,0.0,2996.33447880871,0.0,1.75852815826987e-13,0.0,3600.0,2996.33447880871
6624,0.0,0.0,0.0,0.0,0.0,0.0,2522.7,12000.0,17094.0,2522.7
6625,0.0,0.0,0.0,0.0,0.0,0.0,2575.3,12000.0,26988.0,2575.3
6626,0.0,0.0,0.0,0.0,0.0,0.0,2539.6,12000.0,36882.0,2539.6
6627,0.0,0.0,0.0,0.0,0.0,0.0,2507.2,12000.0,46776.0,2507.2
6628,0.0,0.0,0.0,0.0,0.0,0.0,2321.7,0.0,46776.0,2321.7
6629,0.0,0.0,0.0,0.0,0.0,0.0,1644.4,0.0,46776.0,1644.4
6630,0.0,0.0,0.0,0.0,1421.07674684994,0.0,7.61934102421867e-14,0.0,45148.1915843643,1421.07674684994
6631,125.1147,0.0,0.0,0.0,2198.66980641466,0.0,-1.27061614907094e-13,0.0,42629.6694693418,2323.78450641466
6632,2308.55670103093,145.389298969072,0.0,0.0,-1.84781093538458e-13,0.0,7.598237216361829e-30,0.0,42749.5429463418,2308.55670103093
6633,2444.12371134021,2663.28628865979,0.0,0.0,2.36078140709618e-13,0.0,5.8214784988359096e-30,0.0,44945.4224913418,2444.1237113402103
6634,2571.64948453608,5586.37051546392,0.0,0.0,-4.13165904329321e-14,0.0,-2.2064728957138497e-30,0.0,49551.3849813418,2571.64948453608
6635,2508.45360824742,5745.26639175258,0.0,0.0,2.0157845940742199e-13,0.0,-1.98957477889359e-30,0.0,54288.3571213418,2508.45360824742
6636,2460.61855670103,5463.31144329897,0.0,0.0,4.9056908924332805e-14,0.0,1.88116771555863e-31,0.0,58792.8574063418,2460.61855670103
6637,2345.15463917526,6228.54536082474,0.0,0.0,-1.73246028265046e-13,0.0,5.3215646524496e-30,0.0,63928.2930563418,2345.15463917526
6638,2632.37113402062,3748.71886597938,0.0,0.0,4.38810337391836e-14,0.0,-2.31285100444085e-31,0.0,67019.1117613418,2632.37113402062
6639,2715.46391752577,1245.73608247423,0.0,0.0,-2.19242806395792e-13,0.0,-9.0479907543363e-30,0.0,68046.2211613418,2715.46391752577
6640,1088.991,0.0,0.0,0.0,1644.99281786942,0.0,-3.7777793661551905e-14,0.0,66161.9224008957,2733.98381786942
6641,0.0,0.0,0.0,0.0,2932.87514318442,0.0,1.2031043082999601e-14,0.0,62802.3861544073,2932.87514318442
6642,0.0,0.0,0.0,0.0,2892.66895761741,0.0,1.64299985097247e-13,0.0,59488.9051032991,2892.66895761741
6643,0.0,0.0,0.0,0.0,2914.77663230241,0.0,1.46149362180918e-13,0.0,56150.100255301,2914.77663230241
6644,0.0,0.0,0.0,0.0,2892.89805269187,0.0,-4.17001578997189e-14,0.0,52836.3567814271,2892.89805269187
6645,0.0,0.0,0.0,0.0,2923.25315005727,0.0,1.39343209237909e-13,0.0,49487.8422910981,2923.25315005727
6646,0.0,0.0,0.0,0.0,2964.26116838488,0.0,-2.29287501547317e-14,0.0,46092.3541257087,2964.26116838488
6647,0.0,0.0,0.0,0.0,2871.47766323024,0.0,-1.86802613087824e-13,0.0,42803.1471804278,2871.47766323024
6648,0.0,0.0,0.0,0.0,0.0,0.0,2393.3,0.0,42803.1471804278,2393.3
6649,0.0,0.0,0.0,0.0,0.0,0.0,2431.7,0.0,42803.1471804278,2431.7
6650,0.0,0.0,0.0,0.0,0.0,0.0,2358.2,0.0,42803.1471804278,2358.2
6651,0.0,0.0,0.0,0.0,1985.99608836953,0.0,648.225414853403,0.0,40528.2375717571,2634.2215032229333
6652,0.0,0.0,0.0,0.0,2550.05727376861,0.0,-8.414592174373931e-14,0.0,37607.209766753,2550.05727376861
6653,0.0,0.0,0.0,0.0,2433.56242840779,0.0,-1.52110213441134e-13,0.0,34819.6239381072,2433.56242840779
6654,0.0,0.0,0.0,0.0,2461.16838487973,0.0,-1.69796322096119e-13,0.0,32000.4161661945,2461.16838487973
6655,0.0,0.0,0.0,0.0,2479.61053837342,0.0,-1.74231997036617e-14,0.0,29160.0833616431,2479.61053837342
6656,10.07565,0.0,0.0,0.0,2461.1988768614,0.0,-5.177726910578791e-15,0.0,26340.8406619164,2471.2745268614003
6657,607.293,0.0,0.0,0.0,2025.80273768614,0.0,9.9095492234522e-14,0.0,24020.3335168005,2633.09573768614
6658,2378.65979381443,907.810206185567,0.0,0.0,3.0928340010667504e-14,0.0,-8.285844455382881e-31,0.0,24768.8230318005,2378.65979381443
6659,2304.74226804124,1105.98773195876,0.0,0.0,1.90151845437841e-13,0.0,7.658406731619079e-30,0.0,25680.7099168005,2304.74226804124
6660,2331.64948453608,214.666515463918,0.0,0.0,2.48272304622559e-13,0.0,1.38705882568324e-29,0.0,25857.7024588005,2331.6494845360803
6661,2360.61855670103,1598.33144329897,0.0,0.0,4.6004749406463e-14,0.0,1.7351733085963097e-30,0.0,27175.5267338005,2360.61855670103
6662,2384.0206185567,2445.4393814433,0.0,0.0,-1.87686833307636e-13,0.0,-3.33738111709301e-30,0.0,29191.7915038005,2384.0206185567
6663,569.634,0.0,0.0,0.0,1956.53495990836,0.0,5.03144813988647e-14,0.0,26950.6288922217,2526.16895990836
6664,44.5449,0.0,0.0,0.0,2539.1654604811,0.0,1.44117900654239e-13,0.0,24042.0773910978,2583.7103604811
6665,0.0,0.0,0.0,0.0,2570.9049255441,0.0,-1.9534765049044502e-14,0.0,21097.169114415,2570.9049255441
6666,0.0,0.0,0.0,0.0,2548.79725085911,0.0,-5.91370556952968e-14,0.0,18177.5846346222,2548.79725085911
6667,0.0,0.0,0.0,0.0,2498.39633447881,0.0,8.21998404178693e-14,0.0,15315.7331632834,2498.39633447881
6668,0.0,0.0,0.0,0.0,2469.18671248568,0.0,-1.61596626369079e-13,0.0,12487.3405945713,2469.18671248568
6669,0.0,0.0,0.0,0.0,2382.93241695304,0.0,1.37473912106417e-13,0.0,9757.7501971451,2382.93241695304
6670,0.0,0.0,0.0,0.0,2612.48568155785,0.0,-1.01315425948276e-13,0.0,6765.21218848778,2612.48568155785
6671,0.0,0.0,0.0,0.0,2763.23024054983,0.0,-1.1332582829384199e-13,0.0,3600.0,2763.23024054983
6672,0.0,0.0,0.0,0.0,0.0,0.0,2161.1,0.0,7200.0,2161.1
6673,0.0,0.0,0.0,0.0,0.0,0.0,2435.3,0.0,7200.0,2435.3
6674,0.0,0.0,0.0,0.0,0.0,0.0,2402.0,12000.0,17094.0,2402.0
6675,0.0,0.0,0.0,0.0,0.0,0.0,2496.1,12000.0,26988.0,2496.1
6676,0.0,0.0,0.0,0.0,0.0,0.0,2384.3,12000.0,36882.0,2384.3
6677,0.0,0.0,0.0,0.0,0.0,0.0,2414.6,0.0,36882.0,2414.6
6678,0.0,0.0,0.0,0.0,2849.5990836197,0.0,-3.54106094071588e-14,0.0,33617.8544288434,2849.5990836197
6679,5.37888,0.0,0.0,0.0,2951.41178281787,0.0,-1.12536803373299e-13,0.0,30237.08491817,2956.7906628178703
6680,53.1444,0.0,0.0,0.0,2898.79717296678,0.0,-7.897896172976221e-14,0.0,26916.5841473032,2951.9415729667803
6681,2602.26804123711,372.885958762887,0.0,0.0,2.21261636856272e-14,0.0,2.0654247409950803e-31,0.0,27224.0286203032,2602.26804123711
6682,2524.0206185567,8311.0493814433,0.0,0.0,2.4946946437297e-14,0.0,9.08906231048273e-31,0.0,34076.4888353031,2524.0206185567
6683,2582.78350515464,4844.79649484536,0.0,0.0,-9.72264889991405e-15,0.0,1.78366610624361e-31,0.0,38071.0235453031,2582.78350515464
6684,2622.0618556701,4462.0481443299,0.0,0.0,-9.186811355415999e-14,0.0,-3.34387772168585e-30,0.0,41749.9822403032,2622.0618556701
6685,2585.46391752577,7595.57608247423,0.0,0.0,-1.34657292290559e-13,0.0,9.933950831594709e-30,0.0,48012.5347203031,2585.46391752577
6686,2585.77319587629,3162.91680412371,0.0,0.0,2.0914739547091199e-13,0.0,-7.93360720377931e-30,0.0,50620.3596253032,2585.77319587629
6687,2494.22680412371,392.829195876288,0.0,0.0,-1.58278070173081e-13,0.0,-1.05047956641433e-29,0.0,50944.2472973031,2494.22680412371
6688,129.8646,0.0,0.0,0.0,2782.28102863688,0.0,1.97300453359327e-13,0.0,47757.2129002391,2912.14562863688
6689,0.0,0.0,0.0,0.0,2861.0538373425,0.0,-4.948742955452e-14,0.0,44479.9461907976,2861.0538373425
6690,0.0,0.0,0.0,0.0,2871.24856815579,0.0,1.9197529909142102e-14,0.0,41191.0016682823,2871.24856815579
6691,0.0,0.0,0.0,0.0,2884.65063001146,0.0,-1.83141234391095e-13,0.0,37886.7054139737,2884.65063001146
6692,0.0,0.0,0.0,0.0,2925.08591065292,0.0,-1.44415882078425e-13,0.0,34536.091541519,2925.08591065292
6693,0.0,0.0,0.0,0.0,2864.71935853379,0.0,-1.62258261300725e-13,0.0,31254.6260678263,2864.71935853379
6694,0.0,0.0,0.0,0.0,3002.29095074456,0.0,1.61311481418282e-13,0.0,27815.5757233308,3002.29095074456
6695,0.0,0.0,0.0,0.0,2474.83762783875,0.0,480.366750896768,0.0,24980.7101702509,2955.204378735518
6696,0.0,0.0,0.0,0.0,0.0,0.0,2542.0,0.0,24980.7101702509,2542.0
6697,0.0,0.0,0.0,0.0,0.0,0.0,2610.5,0.0,24980.7101702509,2610.5
6698,0.0,0.0,0.0,0.0,0.0,0.0,2525.3,0.0,24980.7101702509,2525.3
6699,0.0,0.0,0.0,0.0,0.0,0.0,2537.3,0.0,24980.7101702509,2537.3
6700,0.0,0.0,0.0,0.0,0.0,0.0,2491.2,0.0,24980.7101702509,2491.2
6701,0.0,0.0,0.0,0.0,2970.44673539519,0.0,1.53524209763481e-13,0.0,21578.1365901876,2970.44673539519
6702,0.0,0.0,0.0,0.0,2899.54180985109,0.0,1.77499866911026e-13,0.0,18256.7828561085,2899.54180985109
6703,131.2392,0.0,0.0,0.0,2818.43983505155,0.0,-1.14137251054822e-13,0.0,15028.3294368055,2949.67903505155
6704,632.7,0.0,0.0,0.0,2114.18213058419,0.0,5.15040137304798e-14,0.0,12606.5858737079,2746.8821305841902
6705,109.7664,0.0,0.0,0.0,2631.87467583047,0.0,8.10727035297817e-14,0.0,9591.83824961801,2741.64107583047
6706,2622.78350515464,530.276494845361,0.0,0.0,1.84231914595655e-13,0.0,4.53479366363157e-31,0.0,10029.051219618,2622.78350515464
6707,2531.9587628866,4426.0012371134,0.0,0.0,9.290647710147651e-14,0.0,1.6796479940481297e-30,0.0,13678.289239618,2531.9587628866
6708,2516.80412371134,2226.97587628866,0.0,0.0,2.33087443922933e-13,0.0,1.49543306802245e-29,0.0,15514.430849618,2516.8041237113403
6709,2490.61855670103,7270.00144329897,0.0,0.0,-5.42078214302637e-14,0.0,-7.27381158523446e-31,0.0,21508.547039618,2490.61855670103
6710,2667.42268041237,5023.73731958763,0.0,0.0,-1.0090166664539999e-13,0.0,5.4500740540047e-30,0.0,25650.618459618,2667.42268041237
6711,2644.94845360825,1952.22154639175,0.0,0.0,1.22400197253538e-13,0.0,-3.51861881959145e-30,0.0,27260.225124618,2644.94845360825
6712,117.5838,0.0,0.0,0.0,2714.36851546392,0.0,-1.08410403293633e-13,0.0,24150.9828388632,2831.95231546392
6713,0.0,0.0,0.0,0.0,2817.29667812142,0.0,-2.8192032391911302e-14,0.0,20923.8388776703,2817.29667812142
6714,0.0,0.0,0.0,0.0,3022.22222222222,0.0,8.26755947653308e-14,0.0,17461.957752559,3022.22222222222
6715,0.0,0.0,0.0,0.0,3094.95990836197,0.0,-1.67306240135968e-13,0.0,13916.7573993379,3094.95990836197
6716,0.0,0.0,0.0,0.0,3049.5990836197,0.0,-6.82518946539906e-14,0.0,10423.5167537254,3049.5990836197
6717,0.0,0.0,0.0,0.0,2908.47651775487,0.0,-1.83553658463334e-13,0.0,7091.92853178399,2908.47651775487
6718,0.0,0.0,0.0,0.0,3048.45360824742,0.0,5.2254118557910505e-14,0.0,3600.0,3048.45360824742
6719,0.0,0.0,0.0,0.0,0.0,0.0,2630.8,0.0,3600.0,2630.8
6720,0.0,0.0,0.0,0.0,0.0,0.0,2547.9,11004.0503766815,16272.8395355739,2547.9
6721,0.0,0.0,0.0,0.0,0.0,0.0,2689.2,0.0,16272.8395355739,2689.2
6722,0.0,0.0,0.0,0.0,0.0,0.0,2658.9,0.0,16272.8395355739,2658.9
6723,0.0,0.0,0.0,0.0,0.0,0.0,2536.0,0.0,16272.8395355739,2536.0
6724,0.0,0.0,0.0,0.0,0.0,0.0,2419.5,0.0,16272.8395355739,2419.5
6725,0.0,0.0,0.0,0.0,0.0,0.0,2528.6,0.0,16272.8395355739,2528.6
6726,0.0,0.0,0.0,0.0,0.0,0.0,2506.4,0.0,16272.8395355739,2506.4
6727,35.1585,0.0,0.0,0.0,2787.39548109966,0.0,-4.0523326061681704e-14,0.0,13079.9466591711,2822.55398109966
6728,2573.169,0.0,0.0,0.0,106.788167239404,0.0,1.82394218349096e-15,0.0,12957.6234435475,2679.957167239404
6729,2689.07216494845,1645.23783505155,0.0,0.0,-2.20048324784014e-13,0.0,4.12771091837731e-30,0.0,14314.1220385475,2689.07216494845
6730,2672.0618556701,2545.6581443299,0.0,0.0,-9.0342033795225e-14,0.0,1.39199857185747e-30,0.0,16413.0171785475,2672.0618556701
6731,2520.20618556701,118.64481443299,0.0,0.0,-1.05394948904697e-13,0.0,4.23040203091257e-30,0.0,16510.8398280475,2520.20618556701
6732,2584.63917525773,739.540824742268,0.0,0.0,-1.48750297987401e-14,0.0,-3.4827861024944704e-31,0.0,17120.5912380475,2584.63917525773
6733,2470.61855670103,1291.95144329897,0.0,0.0,0.0,0.0,-1.38805805337733e-13,0.0,18185.8052030475,2470.61855670103
6734,2590.41237113402,1456.79762886598,0.0,0.0,0.0,0.0,2.05446656250903e-13,0.0,19386.9348480475,2590.41237113402
6735,2545.36082474227,283.120175257732,0.0,0.0,6.72704348555058e-14,0.0,3.1739657220607595e-30,0.0,19620.3674325475,2545.36082474227
6736,94.3437,0.0,0.0,0.0,2728.73609507446,0.0,-4.6539241624766604e-14,0.0,16494.6674381896,2823.07979507446
6737,0.0,0.0,0.0,0.0,2840.66437571592,0.0,-1.3598607794101401e-14,0.0,13240.7563548953,2840.66437571592
6738,0.0,0.0,0.0,0.0,2848.68270332188,0.0,-6.31518256296426e-14,0.0,9977.66047480151,2848.68270332188
6739,0.0,0.0,0.0,0.0,2797.47995418099,0.0,1.45941001424498e-13,0.0,6773.21608284162,2797.47995418099
6740,0.0,0.0,0.0,0.0,2770.21764032073,0.0,5.3124114245976204e-14,0.0,3600.0,2770.21764032073
6741,0.0,0.0,0.0,0.0,0.0,0.0,2481.0,0.0,3600.0,2481.0
6742,0.0,0.0,0.0,0.0,0.0,0.0,2330.5,0.0,3600.0,2330.5
6743,0.0,0.0,0.0,0.0,0.0,0.0,2458.0,0.0,3600.0,2458.0
6744,0.0,0.0,0.0,0.0,0.0,0.0,2374.8,0.0,3600.0,2374.8
6745,0.0,0.0,0.0,0.0,0.0,0.0,2334.6,0.0,3600.0,2334.6
6746,0.0,0.0,0.0,0.0,0.0,0.0,2408.0,10460.7884086025,12224.9200428928,2408.0
6747,0.0,0.0,0.0,0.0,0.0,0.0,2395.3,12000.0,22118.9200428928,2395.3
6748,0.0,0.0,0.0,0.0,0.0,0.0,2352.9,12000.0,32012.9200428928,2352.9
6749,0.0,0.0,0.0,0.0,0.0,0.0,2433.8,0.0,32012.9200428928,2433.8
6750,0.0,0.0,0.0,0.0,0.0,0.0,2499.9,0.0,32012.9200428928,2499.9
6751,64.488,0.0,0.0,0.0,0.0,0.0,2352.44664,0.0,32012.9200428928,2416.93464
6752,50.1237,0.0,0.0,0.0,2796.7697720504,0.0,-9.825958753841771e-14,0.0,28809.2891470733,2846.8934720504003
6753,852.042,0.0,0.0,0.0,1909.41495990836,0.0,-5.1632627133975804e-14,0.0,26622.1013350362,2761.45695990836
6754,2383.827,0.0,0.0,0.0,202.620630011455,0.0,-5.239150215865151e-15,0.0,26390.0043934424,2586.447630011455
6755,1360.452,0.0,0.0,0.0,1242.2240091638,0.0,-3.21267918771827e-14,0.0,24967.0673840909,2602.6760091638
6756,2484.74226804124,3038.46773195876,0.0,0.0,1.07092411091543e-13,0.0,4.4311505633584794e-30,0.0,27472.2840290909,2484.74226804124
6757,2598.45360824742,264.980391752577,0.0,0.0,-9.25886749248736e-14,0.0,7.8216256031140905e-31,0.0,27690.7603620909,2598.45360824742
6758,2143.992,0.0,0.0,0.0,474.487697594502,0.0,9.937806484562551e-15,0.0,27147.2463900468,2618.4796975945023
6759,1317.234,0.0,0.0,0.0,1385.08936998855,0.0,-9.00806729298357e-14,0.0,25560.6606283188,2702.32336998855
6760,67.5708,0.0,0.0,0.0,2700.1790652921,0.0,-6.75083472407108e-14,0.0,22467.6720082821,2767.7498652921
6761,0.0,0.0,0.0,0.0,2747.42268041237,0.0,1.76774901704157e-13,0.0,19320.5669906276,2747.42268041237
6762,0.0,0.0,0.0,0.0,2640.43528064147,0.0,-1.71751616874187e-13,0.0,16296.0134045549,2640.43528064147
6763,0.0,0.0,0.0,0.0,2765.86483390607,0.0,-6.78464132272686e-14,0.0,13127.7833542615,2765.86483390607
6764,0.0,0.0,0.0,0.0,2672.39404352806,0.0,-6.84671980559272e-14,0.0,10066.6217923737,2672.39404352806
6765,0.0,0.0,0.0,0.0,2759.90836197022,0.0,-5.33050788185637e-14,0.0,6905.2147339886,2759.90836197022
6766,0.0,0.0,0.0,0.0,2885.45246277205,0.0,1.46097271991813e-13,0.0,3600.0,2885.45246277205
6767,0.0,0.0,0.0,0.0,0.0,0.0,2530.9,0.0,3600.0,2530.9
6768,0.0,0.0,0.0,0.0,0.0,0.0,2417.1,12000.0,17094.0,2417.1
6769,0.0,0.0,0.0,0.0,0.0,0.0,2422.6,12000.0,26988.0,2422.6
6770,0.0,0.0,0.0,0.0,0.0,0.0,2405.4,12000.0,36882.0,2405.4
6771,0.0,0.0,0.0,0.0,0.0,0.0,2275.7,12000.0,46776.0,2275.7
6772,0.0,0.0,0.0,0.0,0.0,0.0,2444.3,12000.0,56670.0,2444.3
6773,0.0,0.0,0.0,0.0,0.0,0.0,2314.0,12000.0,66564.0,2314.0
6774,0.0,0.0,0.0,0.0,2632.76059564719,0.0,-1.74948481309572e-13,0.0,63548.2375765782,2632.76059564719
6775,20.799,0.0,0.0,0.0,2745.50397479954,0.0,-3.3776530062113704e-14,0.0,60403.3303889499,2766.30297479954
6776,473.667,0.0,0.0,0.0,2251.59565864834,0.0,1.13139001560555e-13,0.0,57824.1830136368,2725.26265864834
6777,1012.59,0.0,0.0,0.0,1721.29175257732,0.0,-1.58143866844943e-14,0.0,55852.4857025517,2733.88175257732
6778,953.841,0.0,0.0,0.0,1877.51916380298,0.0,-7.03339268358807e-14,0.0,53701.8337394326,2831.36016380298
6779,1928.133,0.0,0.0,0.0,744.22793814433,0.0,-3.5512521033808204e-14,0.0,52849.3389649259,2672.3609381443302
6780,1287.9,0.0,0.0,0.0,1417.79725085911,0.0,-8.865833000928961e-14,0.0,51225.2871311812,2705.6972508591098
6781,2508.55670103093,1427.50329896907,0.0,0.0,-1.78676774502718e-13,0.0,4.50412414228094e-30,0.0,52402.2636011812,2508.55670103093
6782,1740.174,0.0,0.0,0.0,841.845612829324,0.0,4.722366725739201e-16,0.0,51437.9501844237,2582.019612829324
6783,1529.307,0.0,0.0,0.0,1048.07813287514,0.0,-6.3394484092649e-14,0.0,50237.4024949905,2577.38513287514
6784,70.2321,0.0,0.0,0.0,2620.01702520046,0.0,9.83320394446715e-14,0.0,47236.2375176704,2690.24912520046
6785,0.0,0.0,0.0,0.0,2806.18556701031,0.0,-6.68652945154763e-14,0.0,44021.8210606139,2806.18556701031
6786,0.0,0.0,0.0,0.0,2716.03665521191,0.0,-1.27506828819414e-13,0.0,40910.6679618603,2716.03665521191
6787,0.0,0.0,0.0,0.0,2837.686139748,0.0,-6.327940589748961e-15,0.0,37660.1683745201,2837.686139748
6788,0.0,0.0,0.0,0.0,2881.90148911798,0.0,-4.2629186422406204e-14,0.0,34359.0211933998,2881.90148911798
6789,0.0,0.0,0.0,0.0,2818.90034364261,0.0,-1.0595098071128e-13,0.0,31130.040272847,2818.90034364261
6790,0.0,0.0,0.0,0.0,2940.77892325315,0.0,-1.90772235478581e-13,0.0,27761.4504409419,2940.77892325315
6791,0.0,0.0,0.0,0.0,0.0,0.0,2547.1,0.0,27761.4504409419,2547.1
6792,0.0,0.0,0.0,0.0,0.0,0.0,2521.8,137.014186436059,27874.4186376585,2521.8
6793,0.0,0.0,0.0,0.0,0.0,0.0,2508.1,12000.0,37768.4186376585,2508.1
6794,0.0,0.0,0.0,0.0,0.0,0.0,2514.0,12000.0,47662.4186376585,2514.0
6795,0.0,0.0,0.0,0.0,0.0,0.0,2504.1,12000.0,57556.4186376585,2504.1
6796,0.0,0.0,0.0,0.0,0.0,0.0,2314.3,0.0,57556.4186376585,2314.3
6797,0.0,0.0,0.0,0.0,2790.37800687285,0.0,-1.7375900184136e-13,0.0,54360.1093514353,2790.37800687285
6798,0.0,0.0,0.0,0.0,2888.20160366552,0.0,-1.09920603102037e-13,0.0,51051.7455442583,2888.20160366552
6799,180.9957,0.0,0.0,0.0,2675.52596907216,0.0,-6.027618232261e-14,0.0,47986.9964387919,2856.52166907216
6800,219.1272,0.0,0.0,0.0,2563.51273310424,0.0,-9.730969322222861e-14,0.0,45050.5557364961,2782.63993310424
6801,120.9342,0.0,0.0,0.0,2704.57482932417,0.0,-1.1479426328739998e-13,0.0,41952.5318770182,2825.50902932417
6802,473.766,0.0,0.0,0.0,2370.95873997709,0.0,1.7854089300288e-14,0.0,39236.6570316836,2844.72473997709
6803,632.394,0.0,0.0,0.0,2143.50265750286,0.0,-1.6717737832738299e-13,0.0,36781.3275270984,2775.89665750286
6804,1754.67,0.0,0.0,0.0,978.316265750286,0.0,4.2665100369543805e-14,0.0,35660.690338381,2732.9862657502863
6805,2089.485,0.0,0.0,0.0,466.895246277206,0.0,-2.4409105410190802e-14,0.0,35125.8733323361,2556.380246277206
6806,1456.995,0.0,0.0,0.0,1347.09604810997,0.0,-7.33225106442071e-14,0.0,33582.8079851311,2804.09104810997
6807,628.755,0.0,0.0,0.0,2269.31002290951,0.0,-1.67408646904282e-13,0.0,30983.3692418213,2898.06502290951
6808,24.26823,0.0,0.0,0.0,2820.34343287514,0.0,-1.19136090445559e-13,0.0,27752.7352980926,2844.61166287514
6809,0.0,0.0,0.0,0.0,2829.0950744559,0.0,-9.501893481019881e-14,0.0,24512.0765644661,2829.0950744559
6810,0.0,0.0,0.0,0.0,3003.20733104238,0.0,1.89052697640766e-13,0.0,21071.9765289078,3003.20733104238
6811,0.0,0.0,0.0,0.0,3052.92096219931,0.0,-1.8602555769185e-13,0.0,17574.9307531927,3052.92096219931
6812,0.0,0.0,0.0,0.0,3084.65063001145,0.0,6.55060905607944e-14,0.0,14041.5394244281,3084.65063001145
6813,0.0,0.0,0.0,0.0,3010.99656357388,0.0,-5.14948145216929e-14,0.0,10592.5170148361,3010.99656357388
6814,0.0,0.0,0.0,0.0,3001.03092783505,0.0,1.86320347466724e-13,0.0,7154.90999555193,3001.03092783505
6815,0.0,0.0,0.0,0.0,3103.43642611684,0.0,1.65129130682325e-13,0.0,3600.0,3103.43642611684
6816,0.0,0.0,0.0,0.0,0.0,0.0,2673.1,12000.0,17094.0,2673.1
6817,0.0,0.0,0.0,0.0,0.0,0.0,2548.2,12000.0,26988.0,2548.2
6818,0.0,0.0,0.0,0.0,0.0,0.0,2479.9,12000.0,36882.0,2479.9
6819,0.0,0.0,0.0,0.0,0.0,0.0,2496.7,4908.43900882856,40929.0079627791,2496.7
6820,0.0,0.0,0.0,0.0,2715.46391752577,0.0,7.34904828858976e-14,0.0,37818.5109209398,2715.46391752577
6821,0.0,0.0,0.0,0.0,2595.53264604811,0.0,-8.7703120062258e-14,0.0,34845.3921969442,2595.53264604811
6822,0.0,0.0,0.0,0.0,2553.49369988545,0.0,9.08338950702162e-15,0.0,31920.4280504546,2553.49369988545
6823,168.3381,0.0,0.0,0.0,2347.32192783505,0.0,-5.767595835977511e-14,0.0,29231.6285913079,2515.6600278350497
6824,1397.289,0.0,0.0,0.0,960.515085910653,0.0,7.50424626600693e-15,0.0,28131.3822156943,2357.804085910653
6825,2230.72164948454,1511.20835051546,0.0,0.0,-2.49664970398445e-13,0.0,-5.84561355667943e-30,0.0,29377.3735006943,2230.72164948454
6826,2182.0618556701,4213.6381443299,0.0,0.0,1.91616462465591e-13,0.0,4.8084873808142496e-30,0.0,32851.5181506943,2182.0618556701
6827,2084.94845360825,2649.17154639175,0.0,0.0,-1.9160597394491099e-13,0.0,3.79958144831288e-30,0.0,35035.7600906943,2084.94845360825
6828,2177.42268041237,2469.18731958763,0.0,0.0,1.8105682961541599e-13,0.0,-2.1522462611656197e-30,0.0,37071.6050356943,2177.42268041237
6829,2121.54639175258,1349.66360824742,0.0,0.0,-1.64443851940006e-13,0.0,-3.97766911028352e-30,0.0,38184.4026806943,2121.54639175258
6830,1830.444,0.0,0.0,0.0,603.515830469645,0.0,-1.67767740491526e-14,0.0,37493.0901601106,2433.959830469645
6831,811.338,0.0,0.0,0.0,1953.49615120275,0.0,-6.747048048935731e-14,0.0,35255.408429065,2764.83415120275
6832,140.6328,0.0,0.0,0.0,2687.95668270332,0.0,-1.53932055222044e-13,0.0,32176.4202472743,2828.58948270332
6833,0.0,0.0,0.0,0.0,2971.59221076747,0.0,3.30181965515796e-14,0.0,28772.5345533826,2971.59221076747
6834,0.0,0.0,0.0,0.0,2874.5704467354,0.0,-9.85761331287176e-14,0.0,25479.7849007647,2874.5704467354
6835,0.0,0.0,0.0,0.0,2981.44329896907,0.0,9.6700324723587e-14,0.0,22064.6150279479,2981.44329896907
6836,0.0,0.0,0.0,0.0,3150.28636884307,0.0,-1.0718131028247899e-13,0.0,18456.0395768103,3150.28636884307
6837,0.0,0.0,0.0,0.0,2983.6197021764,0.0,1.57185588460209e-13,0.0,15038.3766877194,2983.6197021764
6838,0.0,0.0,0.0,0.0,2972.73768613975,0.0,-2.97349030977405e-14,0.0,11633.1788799992,2972.73768613975
6839,0.0,0.0,0.0,0.0,3093.81443298969,0.0,-1.04553140486648e-13,0.0,8089.29064060663,3093.81443298969
6840,0.0,0.0,0.0,0.0,3043.06987399771,0.0,1.47286751460025e-13,0.0,4603.52904381659,3043.06987399771
6841,0.0,0.0,0.0,0.0,0.0,0.0,2688.7,0.0,4603.52904381659,2688.7
6842,0.0,0.0,0.0,0.0,0.0,0.0,2687.7,12000.0,14497.5290438166,2687.7
6843,0.0,0.0,0.0,0.0,0.0,0.0,2587.9,12000.0,24391.5290438166,2587.9
6844,0.0,0.0,0.0,0.0,0.0,0.0,2394.5,12000.0,34285.5290438166,2394.5
6845,0.0,0.0,0.0,0.0,0.0,0.0,2598.0,0.0,34285.5290438166,2598.0
6846,0.0,0.0,0.0,0.0,2942.6116838488,0.0,-1.97839759084516e-14,0.0,30914.8398297859,2942.6116838488
6847,179.8161,0.0,0.0,0.0,2750.37615463918,0.0,1.00382593179374e-13,0.0,27764.3516801419,2930.19225463918
6848,40.65,0.0,0.0,0.0,2807.06701030928,0.0,-2.7443522826521903e-15,0.0,24548.9255514944,2847.71701030928
6849,104.0982,0.0,0.0,0.0,2830.38344329897,0.0,-8.31932150843447e-14,0.0,21306.7910230878,2934.48164329897
6850,683.544,0.0,0.0,0.0,2258.261534937,0.0,1.85633935511067e-14,0.0,18720.0080506514,2941.805534937
6851,2502.825,0.0,0.0,0.0,192.164662084765,0.0,-8.497262967074899e-17,0.0,18499.8881628109,2694.989662084765
6852,2726.39175257732,424.718247422681,0.0,0.0,8.32138253707072e-14,0.0,1.4781744782991402e-31,0.0,18850.0683578109,2726.39175257732
6853,2733.50515463918,1308.39484536082,0.0,0.0,-2.34319215791588e-13,0.0,2.14446788639104e-29,0.0,19928.8399078109,2733.50515463918
6854,1647.672,0.0,0.0,0.0,1275.20980526919,0.0,3.38701685458694e-14,0.0,18468.1184813857,2922.88180526919
6855,1408.995,0.0,0.0,0.0,1449.22663230241,0.0,-6.74567483963841e-14,0.0,16808.0650652317,2858.22163230241
6856,23.96967,0.0,0.0,0.0,2781.72900355097,0.0,-1.4603477715349e-13,0.0,13621.6629993085,2805.69867355097
6857,0.0,0.0,0.0,0.0,2838.37342497136,0.0,-1.69581018694182e-13,0.0,10370.3761436712,2838.37342497136
6858,0.0,0.0,0.0,0.0,2871.59221076747,0.0,-9.13054659243651e-14,0.0,7081.03798700745,2871.59221076747
6859,0.0,0.0,0.0,0.0,3038.9461626575,0.0,-1.21931005447604e-13,0.0,3600.0,3038.9461626575
6860,0.0,0.0,0.0,0.0,0.0,0.0,2600.0,0.0,3600.0,2600.0
6861,0.0,0.0,0.0,0.0,0.0,0.0,2412.9,0.0,3600.0,2412.9
6862,0.0,0.0,0.0,0.0,0.0,0.0,2450.2,0.0,3600.0,2450.2
6863,0.0,0.0,0.0,0.0,0.0,0.0,2511.0,0.0,3600.0,2511.0
6864,0.0,0.0,0.0,0.0,0.0,0.0,2494.5,12000.0,17094.0,2494.5
6865,0.0,0.0,0.0,0.0,0.0,0.0,2512.9,12000.0,26988.0,2512.9
6866,0.0,0.0,0.0,0.0,0.0,0.0,2504.4,12000.0,36882.0,2504.4
6867,0.0,0.0,0.0,0.0,0.0,0.0,2269.7,12000.0,46776.0,2269.7
6868,0.0,0.0,0.0,0.0,0.0,0.0,2215.8,12000.0,56670.0,2215.8
6869,0.0,0.0,0.0,0.0,2847.76632302406,0.0,-1.48645955414707e-13,0.0,53407.953810969,2847.76632302406
6870,0.0,0.0,0.0,0.0,2789.23253150057,0.0,-5.32529886294587e-14,0.0,50212.9566385743,2789.23253150057
6871,52.9353,0.0,0.0,0.0,2686.88746735395,0.0,-1.71669101214615e-13,0.0,47135.1932166339,2739.82276735395
6872,39.429,0.0,0.0,0.0,2926.75128293242,0.0,-1.31679997958165e-13,0.0,43782.6717012474,2966.18028293242
6873,102.8136,0.0,0.0,0.0,2892.0627812142,0.0,-1.14461217781755e-13,0.0,40469.8850102804,2994.8763812142
6874,391.383,0.0,0.0,0.0,2606.02347079038,0.0,1.22863538846457e-13,0.0,37484.7493049077,2997.40647079038
6875,180.4686,0.0,0.0,0.0,2816.31782130584,0.0,1.427912327424e-13,0.0,34258.72660009,2996.78642130584
6876,179.8923,0.0,0.0,0.0,2725.43467239404,0.0,1.72643116997751e-13,0.0,31136.808304106,2905.32697239404
6877,147.7098,0.0,0.0,0.0,2671.73137915235,0.0,-2.3903134797449703e-14,0.0,28076.4058079407,2819.4411791523503
6878,83.1543,0.0,0.0,0.0,2809.89728407789,0.0,-1.05512226006827e-13,0.0,24857.7376703944,2893.0515840778903
6879,97.5159,0.0,0.0,0.0,850.788491408941,0.0,1748.07122399999,0.0,23883.1804064666,2696.375615408931
6880,0.0,0.0,0.0,0.0,2948.45360824742,0.0,-1.29822457480615e-13,0.0,20505.7994119106,2948.45360824742
6881,0.0,0.0,0.0,0.0,2895.64719358534,0.0,9.92764043303135e-14,0.0,17188.9068648483,2895.64719358534
6882,0.0,0.0,0.0,0.0,2890.60710194731,0.0,-1.9768256879979998e-13,0.0,13877.7876186315,2890.60710194731
6883,0.0,0.0,0.0,0.0,2943.8717067583,0.0,-4.4792841956894e-14,0.0,10505.6550793894,2943.8717067583
6884,0.0,0.0,0.0,0.0,3049.25544100802,0.0,-1.55018123830643e-14,0.0,7012.80806792551,3049.25544100802
6885,0.0,0.0,0.0,0.0,2979.38144329897,0.0,1.89465121713004e-13,0.0,3600.0,2979.38144329897
6886,0.0,0.0,0.0,0.0,0.0,0.0,2623.3,0.0,3600.0,2623.3
6887,0.0,0.0,0.0,0.0,0.0,0.0,2665.4,12000.0,13494.0,2665.4
6888,0.0,0.0,0.0,0.0,2918.32760595647,0.0,-1.19871530291326e-13,0.0,10151.1275991335,2918.32760595647
6889,0.0,0.0,0.0,0.0,0.0,0.0,2586.8,0.0,10151.1275991335,2586.8
6890,0.0,0.0,0.0,0.0,0.0,0.0,2537.8,0.0,10151.1275991335,2537.8
6891,0.0,0.0,0.0,0.0,0.0,0.0,2515.3,8879.10435501552,17471.9491398438,2515.3
6892,0.0,0.0,0.0,0.0,0.0,0.0,2307.5,0.0,17471.9491398438,2307.5
6893,0.0,0.0,0.0,0.0,2743.06987399771,0.0,5.58043742309126e-14,0.0,14329.8301547376,2743.06987399771
6894,0.0,0.0,0.0,0.0,0.0,0.0,2391.5,0.0,14329.8301547376,2391.5
6895,76.5081,0.0,0.0,0.0,2788.7596139748,0.0,-6.14392810156964e-14,0.0,11135.3746977218,2865.2677139748
6896,48.8481,0.0,0.0,0.0,2890.16877777778,0.0,1.8294018527203399e-13,0.0,7824.7575410462,2939.0168777777803
6897,354.534,0.0,0.0,0.0,2540.7812371134,0.0,-5.945854942422451e-15,0.0,4914.35520758297,2895.3152371134
6898,1606.074,0.0,0.0,0.0,1147.43209621993,0.0,8.98044875729552e-14,0.0,3600.0,2753.50609621993
6899,1586.832,0.0,0.0,0.0,0.0,0.0,951.37296,0.0,3600.0,2538.20496
6900,2636.18556701031,15.3704329896905,0.0,0.0,0.0,0.0,1.52096617087868e-13,0.0,3612.672922,2636.18556701031
6901,0.0,1789.566,0.0,0.0,0.0,0.0,2501.9,6133.58323916968,10145.3094696954,2501.9
6902,0.0,879.291,0.0,0.0,0.0,0.0,2561.4,11120.709,20039.3094696954,2561.4
6903,0.0,115.4175,0.0,0.0,0.0,0.0,2620.9,0.0,20134.4711984454,2620.9
6904,7.39518,0.0,0.0,0.0,0.0,0.0,2527.7266754,0.0,20134.4711984454,2535.1218554
6905,0.0,0.0,0.0,0.0,2880.29782359679,0.0,9.28826754595434e-14,0.0,16835.160976685,2880.29782359679
6906,0.0,0.0,0.0,0.0,2953.03550973654,0.0,1.82142364319547e-13,0.0,13452.531526815,2953.03550973654
6907,0.0,0.0,0.0,0.0,2849.02634593356,0.0,-1.15901907900569e-13,0.0,10189.0420125727,2849.02634593356
6908,0.0,0.0,0.0,0.0,2924.74226804124,0.0,-3.39128862449179e-14,0.0,6838.82177426656,2924.74226804124
6909,0.0,0.0,0.0,0.0,0.0,0.0,2535.2,0.0,6838.82177426656,2535.2
6910,0.0,0.0,0.0,0.0,2827.49140893471,0.0,-1.72599864908301e-14,0.0,3600.0,2827.49140893471
6911,0.0,0.0,0.0,0.0,0.0,0.0,2529.4,0.0,3600.0,2529.4
6912,0.0,0.0,0.0,0.0,0.0,0.0,2471.7,12000.0,17094.0,2471.7
6913,0.0,0.0,0.0,0.0,0.0,0.0,2437.0,12000.0,26988.0,2437.0
6914,0.0,0.0,0.0,0.0,0.0,0.0,2439.2,12000.0,36882.0,2439.2
6915,0.0,0.0,0.0,0.0,0.0,0.0,2376.3,12000.0,46776.0,2376.3
6916,0.0,0.0,0.0,0.0,0.0,0.0,2403.6,12000.0,56670.0,2403.6
6917,0.0,0.0,0.0,0.0,0.0,0.0,2416.3,12000.0,66564.0,2416.3
6918,0.0,0.0,0.0,0.0,0.0,0.0,2494.4,2226.80412371134,68400.0,2494.4
6919,12.6729,0.0,0.0,0.0,2819.59597594502,0.0,1.12783730756307e-13,0.0,65170.2222497766,2832.26887594502
6920,741.279,0.0,0.0,0.0,1979.33490263459,0.0,-2.0130857154337502e-14,0.0,62902.9428653155,2720.61390263459
6921,417.972,0.0,0.0,0.0,2389.76765177549,0.0,5.60932216546825e-15,0.0,60165.5228747364,2807.7396517754896
6922,1480.401,0.0,0.0,0.0,1200.81446735395,0.0,-7.99488218430718e-14,0.0,58790.0194757056,2681.21546735395
6923,2647.83505154639,143.013948453608,0.0,0.0,2.47504754679199e-13,0.0,1.82111152365774e-29,0.0,58907.9344762056,2647.8350515463903
6924,172.6293,0.0,0.0,0.0,2733.39012485682,0.0,1.44051706116543e-14,0.0,55776.9034053501,2906.01942485682
6925,1738.89,0.0,0.0,0.0,913.260824742268,0.0,1.8561615932708e-14,0.0,54730.7856221402,2652.150824742268
6926,92.9079,0.0,0.0,0.0,2702.84001947308,0.0,-1.76188237298417e-13,0.0,51634.7489446223,2795.74791947308
6927,137.4237,0.0,0.0,0.0,2717.41009278351,0.0,2.39264787410027e-14,0.0,48522.0226069551,2854.83379278351
6928,11.77971,0.0,0.0,0.0,2756.09814581901,0.0,-1.55630001071538e-13,0.0,45364.9800573342,2767.8778558190097
6929,0.0,0.0,0.0,0.0,2779.83963344788,0.0,-7.41880519089337e-14,0.0,42180.7422183332,2779.83963344788
6930,0.0,0.0,0.0,0.0,2906.9873997709,0.0,-1.0297562980506401e-14,0.0,38850.8597443688,2906.9873997709
6931,0.0,0.0,0.0,0.0,2893.81443298969,0.0,4.37939718853458e-14,0.0,35536.0665794322,2893.81443298969
6932,0.0,0.0,0.0,0.0,2748.91179839633,0.0,-5.4234107341250996e-14,0.0,32387.2558138006,2748.91179839633
6933,0.0,0.0,0.0,0.0,2786.82703321879,0.0,9.226189063088481e-14,0.0,29195.0140804458,2786.82703321879
6934,0.0,0.0,0.0,0.0,2785.79610538373,0.0,-8.87293863176386e-14,0.0,26003.9532495366,2785.79610538373
6935,0.0,0.0,0.0,0.0,2758.30469644903,0.0,2.4453869500805e-14,0.0,22844.3831505114,2758.30469644903
6936,0.0,0.0,0.0,0.0,0.0,0.0,2509.6,10709.0581577539,31674.0016015794,2509.6
6937,0.0,0.0,0.0,0.0,0.0,0.0,2380.1,12000.0,41568.0016015794,2380.1
6938,0.0,0.0,0.0,0.0,0.0,0.0,2371.0,12000.0,51462.0016015794,2371.0
6939,0.0,0.0,0.0,0.0,0.0,0.0,2404.3,12000.0,61356.0016015794,2404.3
6940,0.0,0.0,0.0,0.0,2727.37686139748,0.0,1.02160727631069e-13,0.0,58231.8585759237,2727.37686139748
6941,0.0,0.0,0.0,0.0,2608.82016036655,0.0,6.92083193605103e-14,0.0,55243.5193315175,2608.82016036655
6942,0.0,0.0,0.0,0.0,2791.52348224513,0.0,1.02729422270622e-13,0.0,52045.8979314658,2791.52348224513
6943,0.0,0.0,0.0,0.0,2847.88087056128,0.0,4.604105311332211e-15,0.0,48783.720531052,2847.88087056128
6944,12.6237,0.0,0.0,0.0,2701.78122680412,0.0,7.7558903702631e-14,0.0,45688.8966744608,2714.40492680412
6945,173.346,0.0,0.0,0.0,2675.32002290951,0.0,1.55728443514586e-13,0.0,42624.3834752517,2848.66602290951
6946,2534.43298969072,648.507010309278,0.0,0.0,-2.35186196910994e-13,0.0,-6.0218424801054496e-30,0.0,43159.0775052517,2534.43298969072
6947,801.642,0.0,0.0,0.0,1932.53981672394,0.0,2.25322690580824e-14,0.0,40945.4007392449,2734.18181672394
6948,379.467,0.0,0.0,0.0,2367.83162657503,0.0,-4.62708420439827e-14,0.0,38233.1079252987,2747.29862657503
6949,574.182,0.0,0.0,0.0,2156.06352806415,0.0,1.62991511004521e-13,0.0,35763.3902528312,2730.2455280641498
6950,378.915,0.0,0.0,0.0,2437.28802978236,0.0,1.62581571369782e-13,0.0,32971.5368395639,2816.20302978236
6951,0.0,0.0,0.0,0.0,2875.48682703322,0.0,-1.30820033436528e-14,0.0,29677.7374958832,2875.48682703322
6952,0.0,0.0,0.0,0.0,2795.99083619702,0.0,-7.77973404165575e-14,0.0,26474.9988519004,2795.99083619702
6953,0.0,0.0,0.0,0.0,2894.95990836197,0.0,-1.34464954889136e-13,0.0,23158.8935731353,2894.95990836197
6954,0.0,0.0,0.0,0.0,2756.81557846506,0.0,1.97709964983632e-13,0.0,20001.0292220871,2756.81557846506
6955,0.0,0.0,0.0,0.0,2848.91179839633,0.0,1.27842468697275e-13,0.0,16737.6709192276,2848.91179839633
6956,0.0,0.0,0.0,0.0,2821.87857961054,0.0,-1.13221647915632e-13,0.0,13505.2785027207,2821.87857961054
6957,0.0,0.0,0.0,0.0,2876.74684994273,0.0,-3.8090869392095203e-14,0.0,10210.0358338287,2876.74684994273
6958,0.0,0.0,0.0,0.0,2961.0538373425,0.0,1.32589146484006e-13,0.0,6818.22158715913,2961.0538373425
6959,0.0,0.0,0.0,0.0,2809.50744558992,0.0,-1.2688604399075499e-13,0.0,3600.0,2809.50744558992
6960,0.0,0.0,0.0,0.0,0.0,0.0,2561.6,0.0,7200.0,2561.6
6961,0.0,0.0,0.0,0.0,0.0,0.0,2511.5,0.0,7200.0,2511.5
6962,0.0,0.0,0.0,0.0,0.0,0.0,2501.6,5440.12850431245,11685.3859518056,2501.6
6963,0.0,0.0,0.0,0.0,0.0,0.0,2459.5,12000.0,21579.3859518056,2459.5
6964,0.0,0.0,0.0,0.0,0.0,0.0,2231.4,0.0,21579.3859518056,2231.4
6965,0.0,0.0,0.0,0.0,0.0,0.0,2070.8,0.0,21579.3859518056,2070.8
6966,0.0,0.0,0.0,0.0,0.0,0.0,2055.9,0.0,21579.3859518056,2055.9
6967,137.2428,0.0,0.0,0.0,2349.45530813288,0.0,-2.2656622696834302e-14,0.0,18888.1427580681,2486.69810813288
6968,52.5579,0.0,0.0,0.0,2376.65387972509,0.0,1.51105179710465e-13,0.0,16165.7442704105,2429.21177972509
6969,425.067,0.0,0.0,0.0,1913.38489117984,0.0,1.9997132645208402e-14,0.0,13974.0089998723,2338.45189117984
6970,1324.347,0.0,0.0,0.0,1061.03483390607,0.0,7.37348579241123e-14,0.0,12758.6197285022,2385.38183390607
6971,1762.44,0.0,0.0,0.0,523.405727376861,0.0,2.94651516117328e-14,0.0,12159.071358082,2285.845727376861
6972,2316.70103092783,2909.35896907217,0.0,0.0,1.0196352447904e-13,0.0,-1.7121425684527297e-30,0.0,14557.837828082,2316.70103092783
6973,2420.82474226804,3224.72525773196,0.0,0.0,5.826037605058861e-14,0.0,-4.667539537313189e-30,0.0,17216.623803082,2420.82474226804
6974,2649.07216494845,1197.58783505155,0.0,0.0,7.56448893072171e-14,0.0,-4.9269592514114596e-30,0.0,18204.034973082,2649.07216494845
6975,1675.548,0.0,0.0,0.0,1074.59156930126,0.0,5.4886924461963205e-14,0.0,16973.1167951882,2750.13956930126
6976,460.371,0.0,0.0,0.0,2473.92912943872,0.0,6.39664838953968e-14,0.0,14139.2919046513,2934.30012943872
6977,0.0,0.0,0.0,0.0,3057.50286368843,0.0,1.25939264108312e-13,0.0,10636.9976736222,3057.50286368843
6978,0.0,0.0,0.0,0.0,3035.85337915235,0.0,1.86836951917173e-13,0.0,7159.50239395168,3035.85337915235
6979,0.0,0.0,0.0,0.0,3107.44558991982,0.0,-3.9178333480582097e-16,0.0,3600.0,3107.44558991982
6980,0.0,0.0,0.0,0.0,0.0,0.0,2707.8,0.0,3600.0,2707.8
6981,0.0,0.0,0.0,0.0,0.0,0.0,2603.7,0.0,3600.0,2603.7
6982,0.0,0.0,0.0,0.0,0.0,0.0,2660.9,0.0,3600.0,2660.9
6983,0.0,0.0,0.0,0.0,0.0,0.0,2684.9,0.0,3600.0,2684.9
6984,0.0,0.0,0.0,0.0,0.0,0.0,2537.6,0.0,3600.0,2537.6
6985,0.0,0.0,0.0,0.0,0.0,0.0,2509.9,7615.36348486909,9878.86719327456,2509.9
6986,0.0,0.0,0.0,0.0,0.0,0.0,2655.1,12000.0,19772.8671932746,2655.1
6987,0.0,0.0,0.0,0.0,0.0,0.0,2661.6,12000.0,29666.8671932746,2661.6
6988,0.0,0.0,0.0,0.0,0.0,0.0,2555.1,12000.0,39560.8671932746,2555.1
6989,0.0,0.0,0.0,0.0,2668.15578465063,0.0,-9.39405783657132e-14,0.0,36504.5604525522,2668.15578465063
6990,0.0,0.0,0.0,0.0,2573.19587628866,0.0,1.36447645851036e-13,0.0,33557.0279482124,2573.19587628866
6991,61.6365,0.0,0.0,0.0,2541.02244558992,0.0,-1.8223604944029998e-14,0.0,30646.3493163797,2602.65894558992
6992,341.496,0.0,0.0,0.0,2251.48783505155,0.0,-1.41974453819935e-13,0.0,28067.3254503413,2592.98383505155
6993,2437.31958762887,1.59941237113389,0.0,0.0,-1.28760855734696e-13,0.0,-1.0300901264593199e-29,0.0,28068.6441658413,2437.31958762887
6994,2476.39175257732,2388.88824742268,0.0,0.0,7.55834265760326e-14,0.0,-1.4939457716325298e-30,0.0,30038.2825258413,2476.39175257732
6995,2637.73195876289,4395.61804123711,0.0,0.0,-1.59107082847626e-13,0.0,-2.7312552046194196e-30,0.0,33662.4696008413,2637.73195876289
6996,2677.42268041237,2902.66731958763,0.0,0.0,2.11944683936259e-13,0.0,-4.36929781692491e-30,0.0,36055.7188058413,2677.42268041237
6997,2672.16494845361,219.577051546392,0.0,0.0,1.90505098814342e-14,0.0,-8.938599210179621e-31,0.0,36236.7600848413,2672.16494845361
6998,2532.426,0.0,0.0,0.0,386.536975945017,0.0,-2.03454373775979e-14,0.0,35793.9914984209,2918.9629759450168
6999,425.625,0.0,0.0,0.0,2667.97680412371,0.0,-7.93889810706295e-14,0.0,32737.8897754842,3093.60180412371
7000,5.12289,0.0,0.0,0.0,3126.03756781214,0.0,1.07416364812373e-13,0.0,29157.0907287349,3131.16045781214
7001,0.0,0.0,0.0,0.0,3188.77434135166,0.0,1.19805986183067e-13,0.0,25504.4282529598,3188.77434135166
7002,0.0,0.0,0.0,0.0,3171.01947308133,0.0,-1.3806730075124299e-13,0.0,21872.1035415264,3171.01947308133
7003,0.0,0.0,0.0,0.0,3147.07903780069,0.0,4.8336586356258e-14,0.0,18267.2020091087,3147.07903780069
7004,0.0,0.0,0.0,0.0,3194.2726231386,0.0,1.7802341400699099e-13,0.0,14608.2413869568,3194.2726231386
7005,0.0,0.0,0.0,0.0,3097.25085910653,0.0,-1.1323829235887e-14,0.0,11060.4168060788,3097.25085910653
7006,0.0,0.0,0.0,0.0,3294.38717067583,0.0,8.49786322511346e-16,0.0,7286.77743531607,3294.38717067583
7007,0.0,0.0,0.0,0.0,3218.55670103093,0.0,-1.7663638249659799e-13,0.0,3600.0,3218.55670103093
7008,0.0,0.0,0.0,0.0,0.0,0.0,2663.9,12000.0,17094.0,2663.9
7009,0.0,0.0,0.0,0.0,0.0,0.0,2789.0,12000.0,26988.0,2789.0
7010,0.0,0.0,0.0,0.0,0.0,0.0,2722.3,12000.0,36882.0,2722.3
7011,0.0,0.0,0.0,0.0,0.0,0.0,2693.9,12000.0,46776.0,2693.9
7012,0.0,0.0,0.0,0.0,0.0,0.0,2648.1,4366.09686894303,50375.8468684435,2648.1
7013,0.0,0.0,0.0,0.0,0.0,0.0,2802.6,0.0,50375.8468684435,2802.6
7014,0.0,0.0,0.0,0.0,0.0,0.0,2833.4,0.0,50375.8468684435,2833.4
7015,42.3324,0.0,0.0,0.0,3063.27327835052,0.0,1.62784049845667e-13,0.0,46866.9427695311,3105.60567835052
7016,34.254,0.0,0.0,0.0,2881.64217640321,0.0,-1.02201550020447e-13,0.0,43566.0926247394,2915.89617640321
7017,18.27993,0.0,0.0,0.0,2899.73478568156,0.0,-1.4036818856467599e-13,0.0,40244.517841599,2918.01471568156
7018,130.8645,0.0,0.0,0.0,3157.57323596793,0.0,-5.89651470122591e-14,0.0,36627.5954636289,3288.43773596793
7019,65.6604,0.0,0.0,0.0,3303.6763024055,0.0,4.7250516925610804e-14,0.0,32843.31562124,3369.3367024055
7020,161.9826,0.0,0.0,0.0,3105.9299862543,0.0,1.75138001854432e-13,0.0,29285.5493139613,3267.9125862543
7021,32.5773,0.0,0.0,0.0,3235.85340091638,0.0,2.8485397864337604e-14,0.0,25578.9589349047,3268.43070091638
7022,192.9336,0.0,0.0,0.0,0.0,0.0,2723.554408,0.0,25578.9589349047,2916.488008
7023,13.91547,0.0,0.0,0.0,3229.55554879725,0.0,-2.20027453167453e-14,0.0,21879.5825903489,3243.47101879725
7024,0.0,0.0,0.0,0.0,3228.40778923253,0.0,-1.12954254324591e-13,0.0,18181.5209761077,3228.40778923253
7025,0.0,0.0,0.0,0.0,3194.04352806415,0.0,-7.072379388250711e-14,0.0,14522.8227767215,3194.04352806415
7026,0.0,0.0,0.0,0.0,3223.59679266896,0.0,1.20322590633515e-13,0.0,10830.2720405601,3223.59679266896
7027,0.0,0.0,0.0,0.0,3147.76632302406,0.0,-5.71635781855945e-14,0.0,7224.58323984522,3147.76632302406
7028,0.0,0.0,0.0,0.0,3164.26116838488,0.0,-1.13522948964144e-13,0.0,3600.0,3164.26116838488
7029,0.0,0.0,0.0,0.0,0.0,0.0,2647.2,0.0,3600.0,2647.2
7030,0.0,0.0,0.0,0.0,0.0,0.0,2733.8,0.0,3600.0,2733.8
7031,0.0,0.0,0.0,0.0,0.0,0.0,2591.6,0.0,3600.0,2591.6
7032,0.0,0.0,0.0,0.0,0.0,0.0,2610.8,12000.0,13494.0,2610.8
7033,0.0,0.0,0.0,0.0,0.0,0.0,2689.9,12000.0,23388.0,2689.9
7034,0.0,0.0,0.0,0.0,0.0,0.0,2692.5,12000.0,33282.0,2692.5
7035,0.0,0.0,0.0,0.0,0.0,0.0,2740.6,12000.0,43176.0,2740.6
7036,0.0,0.0,0.0,0.0,0.0,0.0,2662.9,12000.0,53070.0,2662.9
7037,0.0,0.0,0.0,0.0,0.0,0.0,2797.8,12000.0,62964.0,2797.8
7038,0.0,0.0,0.0,0.0,3202.8636884307,0.0,-1.88032942659023e-13,0.0,59295.1985241344,3202.8636884307
7039,0.0,0.0,0.0,0.0,3217.75486827033,0.0,-1.66633365118204e-13,0.0,55609.3395684982,3217.75486827033
7040,0.0,0.0,0.0,0.0,3208.5910652921,0.0,3.4258659292378303e-15,0.0,51933.9775234901,3208.5910652921
7041,243.9405,0.0,0.0,0.0,2884.62510309278,0.0,-5.89952529440069e-14,0.0,48629.7105096381,3128.5656030927803
7042,733.548,0.0,0.0,0.0,2447.94781214204,0.0,-1.25709313514935e-13,0.0,45825.646578204,3181.4958121420404
7043,210.4101,0.0,0.0,0.0,2965.98190492554,0.0,1.0270863102103e-14,0.0,42428.1873514851,3176.3920049255403
7044,436.533,0.0,0.0,0.0,2731.57272623139,0.0,2.2132647228245902e-14,0.0,39299.2380659967,3168.10572623139
7045,112.8684,0.0,0.0,0.0,2798.87474455899,0.0,7.27291555772051e-14,0.0,36093.1959760093,2911.74314455899
7046,15.36501,0.0,0.0,0.0,3197.0171137457,0.0,9.61737660420882e-14,0.0,32431.0916074575,3212.3821237457
7047,455.706,0.0,0.0,0.0,2701.22013745704,0.0,9.43835589905309e-14,0.0,29336.9104648951,3156.92613745704
7048,0.0,0.0,0.0,0.0,3200.8018327606,0.0,-1.53021059232187e-13,0.0,25670.4707939207,3200.8018327606
7049,0.0,0.0,0.0,0.0,3153.72279495991,0.0,-1.39519990317184e-14,0.0,22057.9590012977,3153.72279495991
7050,0.0,0.0,0.0,0.0,3098.28178694158,0.0,1.69667447712636e-13,0.0,18508.953517974,3098.28178694158
7051,0.0,0.0,0.0,0.0,3193.24169530355,0.0,-2.9678629415323003e-15,0.0,14851.1737982677,3193.24169530355
7052,0.0,0.0,0.0,0.0,3106.41466208477,0.0,-1.81383060283329e-13,0.0,11292.8523067617,3106.41466208477
7053,0.0,0.0,0.0,0.0,2946.04810996564,0.0,-4.20604917828526e-14,0.0,7918.22675124552,2946.04810996564
7054,0.0,0.0,0.0,0.0,3166.43757159221,0.0,-5.30376852275221e-14,0.0,4291.15049512615,3166.43757159221
7055,0.0,0.0,0.0,0.0,603.374382245131,0.0,2253.1541643,0.0,3600.0,2856.528546545131
7056,0.0,0.0,0.0,0.0,0.0,0.0,2751.4,12000.0,17094.0,2751.4
7057,0.0,0.0,0.0,0.0,0.0,0.0,2847.4,12000.0,26988.0,2847.4
7058,0.0,0.0,0.0,0.0,0.0,0.0,2739.2,12000.0,36882.0,2739.2
7059,0.0,0.0,0.0,0.0,0.0,0.0,2666.3,12000.0,46776.0,2666.3
7060,0.0,0.0,0.0,0.0,0.0,0.0,2552.1,12000.0,56670.0,2552.1
7061,0.0,0.0,0.0,0.0,0.0,0.0,2693.4,12000.0,66564.0,2693.4
7062,0.0,0.0,0.0,0.0,0.0,0.0,2680.7,2226.80412371134,68400.0,2680.7
7063,16.69455,0.0,0.0,0.0,0.0,0.0,2679.6062865,0.0,68400.0,2696.3008365
7064,0.0,0.0,0.0,0.0,0.0,0.0,2678.9,0.0,68400.0,2678.9
7065,57.4683,0.0,0.0,0.0,3045.31013631157,0.0,1.16367911105029e-13,0.0,64911.672237902,3102.77843631157
7066,315.168,0.0,0.0,0.0,2847.52238258877,0.0,1.67857767477011e-13,0.0,61649.9054766319,3162.6903825887703
7067,22.81965,0.0,0.0,0.0,3055.85903722795,0.0,-4.50486598473746e-14,0.0,58149.4942083296,3078.67868722795
7068,474.198,0.0,0.0,0.0,2598.42833906071,0.0,4.69072395842231e-14,0.0,55173.0585393024,3072.62633906071
7069,619.452,0.0,0.0,0.0,2381.70854524628,0.0,-1.22188999282631e-13,0.0,52444.8700567752,3001.16054524628
7070,518.991,0.0,0.0,0.0,2532.96532646048,0.0,-8.599527254478461e-14,0.0,49543.4206564768,3051.95632646048
7071,294.1185,0.0,0.0,0.0,2693.0183906071,0.0,-7.94916418803542e-15,0.0,46458.6344129406,2987.1368906071
7072,0.0,0.0,0.0,0.0,2929.43871706758,0.0,-2.3445354605180302e-14,0.0,43103.0345079376,2929.43871706758
7073,0.0,0.0,0.0,0.0,2902.97823596793,0.0,-1.26265259162096e-13,0.0,39777.744432373,2902.97823596793
7074,0.0,0.0,0.0,0.0,2961.28293241695,0.0,-7.341099651296021e-14,0.0,36385.6677629378,2961.28293241695
7075,0.0,0.0,0.0,0.0,2955.89919816724,0.0,7.93745499517357e-14,0.0,32999.7580284965,2955.89919816724
7076,0.0,0.0,0.0,0.0,3020.73310423826,0.0,-2.55569199505632e-14,0.0,29539.5826513622,3020.73310423826
7077,0.0,0.0,0.0,0.0,3066.78121420389,0.0,5.13771802243282e-14,0.0,26026.6602983222,3066.78121420389
7078,0.0,0.0,0.0,0.0,3101.26002290951,0.0,1.04643866945703e-13,0.0,22474.2433190444,3101.26002290951
7079,0.0,0.0,0.0,0.0,3058.64833906071,0.0,5.433250896410711e-15,0.0,18970.6369741868,3058.64833906071
7080,0.0,0.0,0.0,0.0,3029.0950744559,0.0,-1.8561313361961199e-13,0.0,15500.8831661044,3029.0950744559
7081,0.0,0.0,0.0,0.0,2930.58419243986,0.0,1.9529015594422099e-13,0.0,12143.971147273,2930.58419243986
7082,0.0,0.0,0.0,0.0,0.0,0.0,2590.3,0.0,12143.971147273,2590.3
7083,0.0,0.0,0.0,0.0,0.0,0.0,2592.2,0.0,12143.971147273,2592.2
7084,0.0,0.0,0.0,0.0,0.0,0.0,2593.5,0.0,12143.971147273,2593.5
7085,0.0,0.0,0.0,0.0,0.0,0.0,2620.8,9268.2792960699,19785.6674268826,2620.8
7086,0.0,0.0,0.0,0.0,0.0,0.0,2646.0,0.0,19785.6674268826,2646.0
7087,0.0,0.0,0.0,0.0,0.0,0.0,2553.8,0.0,19785.6674268826,2553.8
7088,0.0,0.0,0.0,0.0,0.0,0.0,2585.0,0.0,19785.6674268826,2585.0
7089,197.2971,0.0,0.0,0.0,2667.14984306987,0.0,8.0680617463482e-14,0.0,16730.5129674669,2864.44694306987
7090,487.626,0.0,0.0,0.0,2274.57363115693,0.0,6.8614578252303e-14,0.0,14125.0448905403,2762.19963115693
7091,2608.65979381443,1419.71020618557,0.0,0.0,-6.62320713081892e-14,0.0,-4.8381954496984796e-30,0.0,15295.5959555403,2608.65979381443
7092,371.595,0.0,0.0,0.0,2388.37668957617,0.0,-7.59611592158339e-16,0.0,12559.7692779044,2759.9716895761703
7093,548.262,0.0,0.0,0.0,0.0,0.0,1827.78586,0.0,12559.7692779044,2376.04786
7094,366.996,0.0,0.0,0.0,0.0,0.0,2085.11388,0.0,12559.7692779044,2452.10988
7095,679.113,0.0,0.0,0.0,0.0,0.0,1852.06039,0.0,12559.7692779044,2531.17339
7096,0.0,0.0,0.0,0.0,0.0,0.0,2533.6,0.0,12559.7692779044,2533.6
7097,0.0,0.0,0.0,0.0,2721.3058419244,0.0,2.1204914876315e-14,0.0,9442.58045553968,2721.3058419244
7098,0.0,0.0,0.0,0.0,2546.04810996564,0.0,1.9688081939855399e-13,0.0,6526.14504893528,2546.04810996564
7099,0.0,0.0,0.0,0.0,2554.5246277205,0.0,1.90074666455545e-13,0.0,3600.0,2554.5246277205
7100,0.0,0.0,0.0,0.0,0.0,0.0,2354.7,0.0,3600.0,2354.7
7101,0.0,0.0,0.0,0.0,0.0,0.0,2536.8,0.0,3600.0,2536.8
7102,0.0,0.0,0.0,0.0,0.0,0.0,2595.7,0.0,3600.0,2595.7
7103,0.0,0.0,0.0,0.0,0.0,0.0,2578.6,0.0,3600.0,2578.6
7104,0.0,0.0,0.0,0.0,0.0,0.0,2622.2,12000.0,17094.0,2622.2
7105,0.0,0.0,0.0,0.0,0.0,0.0,2569.8,12000.0,26988.0,2569.8
7106,0.0,0.0,0.0,0.0,0.0,0.0,2509.4,12000.0,36882.0,2509.4
7107,0.0,0.0,0.0,0.0,0.0,0.0,2439.0,12000.0,46776.0,2439.0
7108,0.0,0.0,0.0,0.0,0.0,0.0,2478.5,12000.0,56670.0,2478.5
7109,0.0,0.0,0.0,0.0,0.0,0.0,2300.0,7594.97550955446,62932.0573076276,2300.0
7110,0.0,0.0,0.0,0.0,2699.77090492554,0.0,1.19846836286054e-13,0.0,59839.5362252387,2699.77090492554
7111,41.3193,0.0,0.0,0.0,2707.58336655212,0.0,1.26681924268994e-13,0.0,56738.0661604596,2748.90266655212
7112,164.4891,0.0,0.0,0.0,2567.63524971363,0.0,1.44168473159058e-13,0.0,53796.903216916,2732.12434971363
7113,69.3903,0.0,0.0,0.0,2616.82864719358,0.0,1.73359688643859e-13,0.0,50799.3904480802,2686.21894719358
7114,2506.70103092784,948.038969072165,0.0,0.0,-1.89151450335386e-13,0.0,-4.87461766288174e-31,0.0,51581.0485780802,2506.70103092784
7115,2592.78350515464,2722.52649484536,0.0,0.0,-2.17778189368042e-13,0.0,1.01397081431131e-29,0.0,53825.7716730802,2592.78350515464
7116,2388.018,0.0,0.0,0.0,257.414135166095,0.0,1.6146042965143602e-14,0.0,53530.9101207709,2645.432135166095
7117,1828.791,0.0,0.0,0.0,916.349060710195,0.0,-2.94087437767306e-14,0.0,52481.2548393159,2745.140060710195
7118,2654.53608247423,3556.12391752577,0.0,0.0,-1.79506836029331e-14,0.0,1.30602127566486e-30,0.0,55413.2790093159,2654.53608247423
7119,422.904,0.0,0.0,0.0,2366.41823596793,0.0,6.05922747282647e-14,0.0,52702.6051995015,2789.32223596793
7120,0.0,0.0,0.0,0.0,2843.8717067583,0.0,1.70125019328463e-13,0.0,49445.0201974874,2843.8717067583
7121,0.0,0.0,0.0,0.0,2880.06872852234,0.0,-9.81116188673739e-14,0.0,46145.9723984928,2880.06872852234
7122,0.0,0.0,0.0,0.0,2706.9873997709,0.0,8.02966358289064e-14,0.0,43045.1849989843,2706.9873997709
7123,0.0,0.0,0.0,0.0,2772.85223367698,0.0,1.5635644287513099e-13,0.0,39868.9510543371,2772.85223367698
7124,0.0,0.0,0.0,0.0,2890.72164948454,0.0,-1.02185421636341e-13,0.0,36557.7005967374,2890.72164948454
7125,0.0,0.0,0.0,0.0,2853.49369988545,0.0,4.28128531735536e-14,0.0,33289.0938385639,2853.49369988545
7126,0.0,0.0,0.0,0.0,2857.15922107675,0.0,-6.995797857265141e-14,0.0,30016.2883161393,2857.15922107675
7127,0.0,0.0,0.0,0.0,0.0,0.0,2558.2,0.0,30016.2883161393,2558.2
7128,0.0,0.0,0.0,0.0,0.0,0.0,2474.3,0.0,30016.2883161393,2474.3
7129,0.0,0.0,0.0,0.0,0.0,0.0,2541.3,0.0,30016.2883161393,2541.3
7130,0.0,0.0,0.0,0.0,0.0,0.0,2397.1,0.0,30016.2883161393,2397.1
7131,0.0,0.0,0.0,0.0,0.0,0.0,2505.6,0.0,30016.2883161393,2505.6
7132,0.0,0.0,0.0,0.0,0.0,0.0,2452.6,0.0,30016.2883161393,2452.6
7133,0.0,0.0,0.0,0.0,0.0,0.0,2542.9,0.0,30016.2883161393,2542.9
7134,0.0,0.0,0.0,0.0,3044.6735395189,0.0,6.952780314065681e-14,0.0,26528.6897599893,3044.6735395189
7135,75.0708,0.0,0.0,0.0,3026.09544558992,0.0,-1.30139285222715e-13,0.0,23062.3719528989,3101.16624558992
7136,187.5951,0.0,0.0,0.0,2901.87027835052,0.0,1.20205836890276e-13,0.0,19738.3510154986,3089.46537835052
7137,2107.434,0.0,0.0,0.0,581.65981672394,0.0,4.0255194407599404e-14,0.0,19072.0740203967,2689.09381672394
7138,2636.49484536082,2219.78515463917,0.0,0.0,-2.87427420713763e-15,0.0,8.20633933807611e-32,0.0,20902.2868803967,2636.49484536082
7139,2550.51546391753,2533.22453608247,0.0,0.0,1.35145008502178e-13,0.0,7.484964313713419e-30,0.0,22990.9305103967,2550.51546391753
7140,2554.32989690722,2632.64010309278,0.0,0.0,2.49859847112678e-13,0.0,-1.78829763017844e-29,0.0,25161.5422753967,2554.32989690722
7141,2444.63917525773,2945.76082474227,0.0,0.0,-2.11881752812179e-13,0.0,-1.00951439530749e-29,0.0,27590.3220753967,2444.63917525773
7142,2005.539,0.0,0.0,0.0,636.915429553264,0.0,4.883054724219821e-15,0.0,26860.7511366186,2642.454429553264
7143,138.7701,0.0,0.0,0.0,2671.2405532646,0.0,2.2480223111047e-14,0.0,23800.9108694197,2810.0106532646
7144,0.0,0.0,0.0,0.0,2759.79381443299,0.0,-1.48802225982022e-13,0.0,20639.6350224175,2759.79381443299
7145,0.0,0.0,0.0,0.0,2771.59221076747,0.0,1.23612395360992e-13,0.0,17464.8444029816,2771.59221076747
7146,0.0,0.0,0.0,0.0,2900.57273768614,0.0,-3.8503293464333904e-14,0.0,14142.3097664569,2900.57273768614
7147,0.0,0.0,0.0,0.0,3153.95189003436,0.0,1.77042295295199e-13,0.0,10529.5355510681,3153.95189003436
7148,0.0,0.0,0.0,0.0,3072.50859106529,0.0,-9.64055349487131e-14,0.0,7010.05262888566,3072.50859106529
7149,0.0,0.0,0.0,0.0,2976.97594501718,0.0,-6.201443635053541e-14,0.0,3600.0,2976.97594501718
7150,0.0,0.0,0.0,0.0,0.0,0.0,2710.5,0.0,3600.0,2710.5
7151,0.0,0.0,0.0,0.0,0.0,0.0,2654.1,0.0,3600.0,2654.1
7152,0.0,0.0,0.0,0.0,0.0,0.0,2545.9,0.0,7200.0,2545.9
7153,0.0,0.0,0.0,0.0,0.0,0.0,2507.0,0.0,7200.0,2507.0
7154,0.0,0.0,0.0,0.0,0.0,0.0,2584.6,0.0,7200.0,2584.6
7155,0.0,0.0,0.0,0.0,0.0,0.0,2523.8,0.0,7200.0,2523.8
7156,0.0,0.0,0.0,0.0,0.0,0.0,2322.4,8070.71919232834,13854.3079740747,2322.4
7157,0.0,0.0,0.0,0.0,0.0,0.0,2225.7,0.0,13854.3079740747,2225.7
7158,0.0,0.0,0.0,0.0,0.0,0.0,2302.5,0.0,13854.3079740747,2302.5
7159,31.3269,0.0,0.0,0.0,2602.42028293242,0.0,9.557229724587381e-14,0.0,10873.299631655,2633.74718293242
7160,760.887,0.0,0.0,0.0,1780.57229095074,0.0,3.3403630601026805e-14,0.0,8833.69792380763,2541.45929095074
7161,1740.252,0.0,0.0,0.0,795.481741122566,0.0,3.2222192454019e-14,0.0,7922.49318025372,2535.733741122566
7162,2330.985,0.0,0.0,0.0,81.3797823596796,0.0,-1.14862824609986e-15,0.0,7829.27464375924,2412.36478235968
7163,2505.05154639175,6915.36845360825,0.0,0.0,3.47860179167587e-14,0.0,9.768710308983081e-31,0.0,13530.9959337592,2505.05154639175
7164,141.4965,0.0,0.0,0.0,0.0,0.0,2221.948395,0.0,13530.9959337592,2363.444895
7165,75.9666,0.0,0.0,0.0,0.0,0.0,2210.512398,0.0,13530.9959337592,2286.478998
7166,27.05031,0.0,0.0,0.0,0.0,0.0,2472.8611993,0.0,13530.9959337592,2499.9115093
7167,196.803,0.0,0.0,0.0,0.0,0.0,2407.90109,0.0,13530.9959337592,2604.70409
7168,0.0,0.0,0.0,0.0,0.0,0.0,2526.7,0.0,13530.9959337592,2526.7
7169,0.0,0.0,0.0,0.0,2979.26689576174,0.0,9.39679745495456e-14,0.0,10118.3190772166,2979.26689576174
7170,0.0,0.0,0.0,0.0,2810.30927835051,0.0,1.44599548829572e-13,0.0,6899.17901037751,2810.30927835051
7171,0.0,0.0,0.0,0.0,2880.18327605956,0.0,-2.6144717039152604e-15,0.0,3600.0,2880.18327605956
7172,0.0,0.0,0.0,0.0,0.0,0.0,2548.3,0.0,3600.0,2548.3
7173,0.0,0.0,0.0,0.0,0.0,0.0,2565.7,0.0,3600.0,2565.7
7174,0.0,0.0,0.0,0.0,0.0,0.0,2713.9,0.0,3600.0,2713.9
7175,0.0,0.0,0.0,0.0,0.0,0.0,2699.5,12000.0,13494.0,2699.5
7176,0.0,0.0,0.0,0.0,0.0,0.0,2627.9,0.0,13494.0,2627.9
7177,0.0,0.0,0.0,0.0,0.0,0.0,2626.6,12000.0,23388.0,2626.6
7178,0.0,0.0,0.0,0.0,0.0,0.0,2652.4,12000.0,33282.0,2652.4
7179,0.0,0.0,0.0,0.0,0.0,0.0,2641.7,0.0,33282.0,2641.7
7180,0.0,0.0,0.0,0.0,0.0,0.0,2491.4,0.0,33282.0,2491.4
7181,0.0,0.0,0.0,0.0,0.0,0.0,2607.5,0.0,33282.0,2607.5
7182,0.0,0.0,0.0,0.0,1198.23371761552,0.0,1521.64196452165,0.0,31909.4527862365,2719.87568213717
7183,433.812,0.0,0.0,0.0,2494.50442153494,0.0,5.21796018331865e-14,0.0,29052.0594053259,2928.31642153494
7184,0.0,0.0,0.0,0.0,2926.46048109966,0.0,-1.61746874008279e-14,0.0,25699.8709962771,2926.46048109966
7185,51.0483,0.0,0.0,0.0,2933.65767353952,0.0,1.56642090718044e-13,0.0,22339.4383805388,2984.70597353952
7186,2646.70103092783,6045.85896907216,0.0,0.0,7.855272678053061e-15,0.0,-3.82054407073934e-31,0.0,27324.2491005388,2646.70103092783
7187,2777.62886597938,6622.51113402062,0.0,0.0,-7.14929035108461e-14,0.0,-1.7173404930456297e-30,0.0,32784.5095305388,2777.62886597938
7188,933.27,0.0,0.0,0.0,2027.6381443299,0.0,5.5897754237452605e-14,0.0,30461.8999723144,2960.9081443299
7189,221.0928,0.0,0.0,0.0,2722.61166552119,0.0,1.29437103995971e-13,0.0,27343.215361179,2943.70446552119
7190,1286.622,0.0,0.0,0.0,1610.39709049255,0.0,5.9931432422098e-14,0.0,25498.5451544292,2897.0190904925503
7191,2005.344,0.0,0.0,0.0,949.045040091638,0.0,2.54463917316834e-14,0.0,24411.4374338203,2954.389040091638
7192,0.0,0.0,0.0,0.0,3058.87743413517,0.0,-1.42813978537974e-13,0.0,20907.5686661969,3058.87743413517
7193,0.0,0.0,0.0,0.0,3018.78579610538,0.0,1.04952110639732e-13,0.0,17449.6238825711,3018.78579610538
7194,0.0,0.0,0.0,0.0,2999.31271477663,0.0,1.10829235060053e-13,0.0,14013.9850340297,2999.31271477663
7195,0.0,0.0,0.0,0.0,3092.2107674685,0.0,3.09587213953018e-14,0.0,10471.933753997,3092.2107674685
7196,0.0,0.0,0.0,0.0,3053.95189003436,0.0,5.27186328192541e-14,0.0,6973.70707583624,3053.95189003436
7197,0.0,0.0,0.0,0.0,2945.24627720504,0.0,8.34483527207031e-14,0.0,3600.0,2945.24627720504
7198,0.0,0.0,0.0,0.0,0.0,0.0,2715.4,0.0,3600.0,2715.4
7199,0.0,0.0,0.0,0.0,0.0,0.0,2670.6,0.0,3600.0,2670.6
7200,0.0,0.0,0.0,0.0,0.0,0.0,2441.2,0.0,7200.0,2441.2
7201,0.0,0.0,0.0,0.0,0.0,0.0,2577.6,7783.6284495754,13617.6016566749,2577.6
7202,0.0,0.0,0.0,0.0,0.0,0.0,2504.0,12000.0,23511.6016566749,2504.0
7203,0.0,0.0,0.0,0.0,0.0,0.0,2546.8,12000.0,33405.6016566749,2546.8
7204,0.0,0.0,0.0,0.0,0.0,0.0,2455.5,12000.0,43299.6016566749,2455.5
7205,0.0,0.0,0.0,0.0,0.0,0.0,2674.7,0.0,43299.6016566749,2674.7
7206,0.0,0.0,0.0,0.0,0.0,0.0,2672.6,0.0,43299.6016566749,2672.6
7207,0.0,0.0,0.0,0.0,3011.91294387171,0.0,3.39993152633719e-14,0.0,39849.52955602,3011.91294387171
7208,131.3205,0.0,0.0,0.0,2998.64732531501,0.0,-1.06541180632798e-13,0.0,36414.6528947199,3129.96782531501
7209,1772.283,0.0,0.0,0.0,1181.88486827033,0.0,3.43865111820746e-14,0.0,35060.8328852465,2954.1678682703296
7210,1155.492,0.0,0.0,0.0,1915.54726231386,0.0,2.25020842178371e-14,0.0,32866.6206718285,3071.03926231386
7211,889.497,0.0,0.0,0.0,2128.0502978236,0.0,1.83860127652166e-13,0.0,30428.9914646995,3017.5472978236
7212,424.866,0.0,0.0,0.0,2743.50513172967,0.0,-1.2654854030151e-13,0.0,27286.3739025808,3168.37113172967
7213,247.404,0.0,0.0,0.0,2805.74813287514,0.0,-1.82371898679756e-13,0.0,24072.4585155531,3053.15213287514
7214,308.763,0.0,0.0,0.0,2717.64019473081,0.0,1.63079576855429e-13,0.0,20959.4686017721,3026.40319473081
7215,108.0882,0.0,0.0,0.0,2966.49993814433,0.0,-9.61390967934784e-14,0.0,17561.4159807592,3074.58813814433
7216,0.0,0.0,0.0,0.0,3107.7892325315,0.0,-1.10894779168313e-13,0.0,14001.5199526589,3107.7892325315
7217,0.0,0.0,0.0,0.0,3031.72966781214,0.0,-8.23808049904568e-14,0.0,10528.748282771,3031.72966781214
7218,0.0,0.0,0.0,0.0,2991.86712485682,0.0,-4.06148588097167e-14,0.0,7101.63817411488,2991.86712485682
7219,0.0,0.0,0.0,0.0,3056.93012600229,0.0,-1.23049479476793e-14,0.0,3600.0,3056.93012600229
7220,0.0,0.0,0.0,0.0,0.0,0.0,2721.7,0.0,3600.0,2721.7
7221,0.0,0.0,0.0,0.0,0.0,0.0,2609.8,0.0,3600.0,2609.8
7222,0.0,0.0,0.0,0.0,0.0,0.0,2712.0,0.0,3600.0,2712.0
7223,0.0,0.0,0.0,0.0,0.0,0.0,2702.3,0.0,3600.0,2702.3
7224,0.0,0.0,0.0,0.0,0.0,0.0,2662.4,0.0,3600.0,2662.4
7225,0.0,0.0,0.0,0.0,0.0,0.0,2668.5,0.0,3600.0,2668.5
7226,0.0,0.0,0.0,0.0,0.0,0.0,2642.9,2353.3395900526,5540.32849199837,2642.9
7227,0.0,0.0,0.0,0.0,0.0,0.0,2575.6,0.0,5540.32849199837,2575.6
7228,0.0,0.0,0.0,0.0,0.0,0.0,2569.4,0.0,5540.32849199837,2569.4
7229,0.0,0.0,0.0,0.0,0.0,0.0,2720.4,0.0,5540.32849199837,2720.4
7230,0.0,0.0,0.0,0.0,0.0,0.0,2768.3,12000.0,15434.3284919984,2768.3
7231,0.0,0.0,0.0,0.0,0.0,0.0,2698.5,12000.0,25328.3284919984,2698.5
7232,565.095,0.0,0.0,0.0,0.0,0.0,2231.15785,0.0,25328.3284919984,2796.25285
7233,491.388,0.0,0.0,0.0,0.0,0.0,2215.95364,0.0,25328.3284919984,2707.34164
7234,1721.388,0.0,0.0,0.0,0.0,0.0,981.35364,0.0,25328.3284919984,2702.74164
7235,2016.567,0.0,0.0,0.0,0.0,0.0,663.03001,0.0,25328.3284919984,2679.59701
7236,21.98517,0.0,0.0,0.0,0.0,0.0,2678.9743851,0.0,25328.3284919984,2700.9595551
7237,2814.74226804124,682.807731958762,0.0,0.0,1.2984159290556e-14,0.0,2.5183416267373503e-31,0.0,25891.3034669984,2814.74226804124
7238,1658.532,0.0,0.0,0.0,1251.68838487973,0.0,-3.14278587423194e-14,0.0,24457.5252483503,2910.22038487973
7239,209.562,0.0,0.0,0.0,2829.12355097365,0.0,-1.25486956735135e-13,0.0,21216.8338955741,3038.6855509736497
7240,0.0,0.0,0.0,0.0,3077.54868270332,0.0,-1.38688085579902e-13,0.0,17691.5776725462,3077.54868270332
7241,0.0,0.0,0.0,0.0,3028.98052691867,0.0,5.813124297823199e-14,0.0,14221.9550758467,3028.98052691867
7242,0.0,0.0,0.0,0.0,3074.5704467354,0.0,-1.8917033193812999e-13,0.0,10700.110348773,3074.5704467354
7243,0.0,0.0,0.0,0.0,3043.64261168385,0.0,-1.11463473807867e-13,0.0,7213.69269506868,3043.64261168385
7244,0.0,0.0,0.0,0.0,0.0,0.0,2722.3,0.0,7213.69269506868,2722.3
7245,0.0,0.0,0.0,0.0,3154.75372279496,0.0,1.67039277916805e-13,0.0,3600.0,3154.75372279496
7246,0.0,0.0,0.0,0.0,0.0,0.0,2677.7,0.0,3600.0,2677.7
7247,0.0,0.0,0.0,0.0,0.0,0.0,2666.6,0.0,3600.0,2666.6
7248,0.0,0.0,0.0,0.0,0.0,0.0,2600.5,0.0,7200.0,2600.5
7249,0.0,0.0,0.0,0.0,0.0,0.0,2569.2,0.0,7200.0,2569.2
7250,0.0,0.0,0.0,0.0,0.0,0.0,2626.4,0.0,7200.0,2626.4
7251,0.0,0.0,0.0,0.0,0.0,0.0,2595.8,12000.0,17094.0,2595.8
7252,0.0,0.0,0.0,0.0,0.0,0.0,2547.5,12000.0,26988.0,2547.5
7253,0.0,0.0,0.0,0.0,0.0,0.0,2567.8,12000.0,36882.0,2567.8
7254,0.0,0.0,0.0,0.0,0.0,0.0,2653.9,0.0,36882.0,2653.9
7255,0.0,0.0,0.0,0.0,0.0,0.0,2620.9,12000.0,46776.0,2620.9
7256,74.3769,0.0,0.0,0.0,0.0,0.0,2632.454407,0.0,46776.0,2706.8313070000004
7257,1058.61,0.0,0.0,0.0,0.0,0.0,1673.9483,0.0,46776.0,2732.5583
7258,1153.857,0.0,0.0,0.0,1752.30092783505,0.0,-2.48542503416703e-14,0.0,44768.7824423424,2906.15792783505
7259,2762.98969072165,959.590309278351,0.0,0.0,1.10375947375613e-13,0.0,3.38937601336061e-30,0.0,45559.9646523424,2762.98969072165
7260,1378.332,0.0,0.0,0.0,1405.63340206186,0.0,9.41284977110645e-14,0.0,43949.8462078271,2783.96540206186
7261,1603.479,0.0,0.0,0.0,1081.93054982818,0.0,-4.26433456549301e-14,0.0,42710.5214084821,2685.40954982818
7262,136.0587,0.0,0.0,0.0,2679.75150171821,0.0,-1.12564621620738e-13,0.0,39640.9320594349,2815.81020171821
7263,1807.281,0.0,0.0,0.0,812.414009163802,0.0,1.54266182213615e-14,0.0,38710.331819843,2619.695009163802
7264,0.0,0.0,0.0,0.0,2799.54180985109,0.0,5.31762044350811e-14,0.0,35503.5256229918,2799.54180985109
7265,0.0,0.0,0.0,0.0,2844.55899198167,0.0,6.87194122402998e-15,0.0,32245.1533526806,2844.55899198167
7266,0.0,0.0,0.0,0.0,2895.76174112257,0.0,-1.4446797226753e-13,0.0,28928.1295942355,2895.76174112257
7267,0.0,0.0,0.0,0.0,2916.49484536082,0.0,1.63887561025008e-13,0.0,25587.3565754946,2916.49484536082
7268,0.0,0.0,0.0,0.0,2843.18442153494,0.0,-6.36163398909863e-14,0.0,22330.5588417776,2843.18442153494
7269,0.0,0.0,0.0,0.0,2891.75257731959,0.0,7.88058553121821e-14,0.0,19018.1274817322,2891.75257731959
7270,0.0,0.0,0.0,0.0,0.0,0.0,2565.4,0.0,19018.1274817322,2565.4
7271,0.0,0.0,0.0,0.0,0.0,0.0,2581.8,0.0,19018.1274817322,2581.8
7272,0.0,0.0,0.0,0.0,0.0,0.0,2666.0,0.0,19018.1274817322,2666.0
7273,0.0,0.0,0.0,0.0,0.0,0.0,2631.4,0.0,19018.1274817322,2631.4
7274,0.0,0.0,0.0,0.0,0.0,0.0,2563.9,12000.0,28912.1274817322,2563.9
7275,0.0,0.0,0.0,0.0,0.0,0.0,2520.6,1224.18920727556,29921.4714831309,2520.6
7276,0.0,0.0,0.0,0.0,0.0,0.0,2438.9,0.0,29921.4714831309,2438.9
7277,0.0,0.0,0.0,0.0,0.0,0.0,2481.0,0.0,29921.4714831309,2481.0
7278,0.0,0.0,0.0,0.0,0.0,0.0,2380.7,0.0,29921.4714831309,2380.7
7279,0.0,0.0,0.0,0.0,0.0,0.0,2381.3,0.0,29921.4714831309,2381.3
7280,59.7222,0.0,0.0,0.0,2825.73821993127,0.0,4.09445601333603e-14,0.0,26684.6579436907,2885.4604199312703
7281,1073.454,0.0,0.0,0.0,1735.91021764032,0.0,-8.78658741896027e-14,0.0,24696.2155408954,2809.36421764032
7282,2624.12371134021,1891.20628865979,0.0,0.0,1.37391649631826e-13,0.0,8.09480032525949e-30,0.0,26255.5151258954,2624.12371134021
7283,2671.75257731959,797.477422680412,0.0,0.0,7.1128112761597e-14,0.0,-5.299833635661871e-31,0.0,26913.0352608954,2671.75257731959
7284,2581.75257731959,723.917422680412,0.0,0.0,-1.24352530492907e-13,0.0,1.09872412733423e-29,0.0,27509.9051758954,2581.75257731959
7285,1090.248,0.0,0.0,0.0,1618.3956930126,0.0,-8.443664311206231e-14,0.0,25656.0727669463,2708.6436930126
7286,662.133,0.0,0.0,0.0,2137.83618556701,0.0,1.72963574459514e-13,0.0,23207.2340664113,2799.96918556701
7287,12.22506,0.0,0.0,0.0,2865.79804329897,0.0,-1.7646687589769202e-14,0.0,19924.5329858856,2878.02310329897
7288,0.0,0.0,0.0,0.0,2782.24513172967,0.0,1.77291506154606e-13,0.0,16737.5397078447,2782.24513172967
7289,0.0,0.0,0.0,0.0,2886.02520045819,0.0,-1.12652953276079e-13,0.0,13431.6689169419,2886.02520045819
7290,0.0,0.0,0.0,0.0,2873.19587628866,0.0,-1.69064414243734e-13,0.0,10140.4938009182,2873.19587628866
7291,0.0,0.0,0.0,0.0,2698.85452462772,0.0,3.43527065009889e-14,0.0,7049.02240959208,2698.85452462772
7292,0.0,0.0,0.0,0.0,3010.99656357388,0.0,-5.14948145216929e-14,0.0,3600.0,3010.99656357388
7293,0.0,0.0,0.0,0.0,0.0,0.0,2642.9,0.0,3600.0,2642.9
7294,0.0,0.0,0.0,0.0,0.0,0.0,2560.6,0.0,3600.0,2560.6
7295,0.0,0.0,0.0,0.0,0.0,0.0,2599.9,0.0,3600.0,2599.9
7296,0.0,0.0,0.0,0.0,0.0,0.0,2665.2,12000.0,17094.0,2665.2
7297,0.0,0.0,0.0,0.0,0.0,0.0,2611.7,12000.0,26988.0,2611.7
7298,0.0,0.0,0.0,0.0,0.0,0.0,2598.1,12000.0,36882.0,2598.1
7299,0.0,0.0,0.0,0.0,0.0,0.0,2566.4,12000.0,46776.0,2566.4
7300,0.0,0.0,0.0,0.0,0.0,0.0,2550.0,12000.0,56670.0,2550.0
7301,0.0,0.0,0.0,0.0,0.0,0.0,2386.1,12000.0,66564.0,2386.1
7302,0.0,0.0,0.0,0.0,0.0,0.0,2535.1,2226.80412371134,68400.0,2535.1
7303,0.0,0.0,0.0,0.0,2969.87399770905,0.0,1.52799977074896e-14,0.0,64998.082476851,2969.87399770905
7304,77.4003,0.0,0.0,0.0,2779.17721534937,0.0,1.31356574000828e-13,0.0,61814.603421468,2856.5775153493696
7305,2520.129,0.0,0.0,0.0,87.37098510882,0.0,-2.85334449208072e-16,0.0,61714.5221097741,2607.49998510882
7306,2611.9587628866,1184.6912371134,0.0,0.0,-8.832173494185021e-15,0.0,-9.37820455139707e-33,0.0,62691.3000347741,2611.9587628866
7307,2635.77319587629,1997.27680412371,0.0,0.0,2.26300531961341e-13,0.0,2.32050021920694e-30,0.0,64338.0547597741,2635.77319587629
7308,2626.39175257732,1932.73824742268,0.0,0.0,8.01616658528373e-14,0.0,1.6948739848703598e-30,0.0,65931.5974447741,2626.39175257732
7309,10.1016,0.0,0.0,0.0,2960.4827583047,0.0,1.26221669131441e-13,0.0,62540.437355078,2970.5843583047
7310,608.424,0.0,0.0,0.0,2333.48077892325,0.0,1.32838594842119e-13,0.0,59867.4925911338,2941.90477892325
7311,18.3015,0.0,0.0,0.0,3041.978860252,0.0,9.72626048327854e-14,0.0,56382.9807237203,3060.280360252
7312,0.0,0.0,0.0,0.0,3105.61282932417,0.0,-1.7138004290493499e-13,0.0,52825.5777118942,3105.61282932417
7313,0.0,0.0,0.0,0.0,3054.18098510882,0.0,-1.53281510177712e-13,0.0,49327.0886109677,3054.18098510882
7314,0.0,0.0,0.0,0.0,3083.73424971363,0.0,3.77648743383106e-14,0.0,45794.746973266,3083.73424971363
7315,0.0,0.0,0.0,0.0,3052.92096219931,0.0,-1.8602555769185e-13,0.0,42297.7011975508,3052.92096219931
7316,0.0,0.0,0.0,0.0,3100.91638029782,0.0,-1.8184757454467299e-13,0.0,38745.6778524216,3100.91638029782
7317,0.0,0.0,0.0,0.0,3083.73424971363,0.0,3.77648743383106e-14,0.0,35213.3362147198,3083.73424971363
7318,0.0,0.0,0.0,0.0,3067.23940435281,0.0,1.51877158679442e-13,0.0,31699.8890161485,3067.23940435281
7319,0.0,0.0,0.0,0.0,0.0,0.0,2557.0,0.0,31699.8890161485,2557.0
7320,0.0,0.0,0.0,0.0,0.0,0.0,2313.9,8065.14914744462,38349.6044882166,2313.9
7321,0.0,0.0,0.0,0.0,0.0,0.0,2122.1,0.0,38349.6044882166,2122.1
7322,0.0,0.0,0.0,0.0,0.0,0.0,2259.9,0.0,38349.6044882166,2259.9
7323,0.0,0.0,0.0,0.0,0.0,0.0,2217.0,12000.0,48243.6044882166,2217.0
7324,0.0,0.0,0.0,0.0,0.0,0.0,2224.7,0.0,48243.6044882166,2224.7
7325,0.0,0.0,0.0,0.0,0.0,0.0,1987.0,0.0,48243.6044882166,1987.0
7326,0.0,0.0,0.0,0.0,0.0,0.0,1845.6,0.0,48243.6044882166,1845.6
7327,0.0,0.0,0.0,0.0,2152.34822451317,0.0,-1.43969550548716e-13,0.0,45778.1426044672,2152.34822451317
7328,153.3987,0.0,0.0,0.0,1853.49743528064,0.0,2.5802466714851602e-14,0.0,43655.00693977,2006.89613528064
7329,0.0,0.0,0.0,0.0,2142.38258877434,0.0,9.38456114397012e-14,0.0,41200.9604463286,2142.38258877434
7330,78.2352,0.0,0.0,0.0,2176.53133562428,0.0,-3.61514705538037e-14,0.0,38707.7974043764,2254.76653562428
7331,940.728,0.0,0.0,0.0,1137.44998854525,0.0,9.978595707141212e-15,0.0,37404.8764552982,2078.17798854525
7332,1123.551,0.0,0.0,0.0,979.330504009164,0.0,4.7669122878362805e-14,0.0,36283.0774816337,2102.881504009164
7333,74.9739,0.0,0.0,0.0,2522.9957812142,0.0,-5.5999656856161904e-14,0.0,33393.0479498877,2597.9696812142
7334,659.448,0.0,0.0,0.0,2158.00164948454,0.0,-4.61888276080122e-14,0.0,30921.1102070647,2817.44964948454
7335,78.2367,0.0,0.0,0.0,2761.2948465063,0.0,-5.51923224445439e-16,0.0,27758.1149647894,2839.5315465063
7336,0.0,0.0,0.0,0.0,2845.70446735395,0.0,-5.58811584252902e-14,0.0,24498.4305806497,2845.70446735395
7337,0.0,0.0,0.0,0.0,2929.43871706758,0.0,-2.3445354605180302e-14,0.0,21142.8306756468,2929.43871706758
7338,0.0,0.0,0.0,0.0,3054.98281786942,0.0,1.75956996205197e-13,0.0,17643.4230950403,3054.98281786942
7339,0.0,0.0,0.0,0.0,2988.54524627721,0.0,1.9405890665562e-14,0.0,14220.1181164868,2988.54524627721
7340,0.0,0.0,0.0,0.0,3120.5040091638,0.0,-9.22275518015358e-14,0.0,10645.6576248903,3120.5040091638
7341,0.0,0.0,0.0,0.0,3119.70217640321,0.0,-8.22245344231419e-14,0.0,7072.11561297366,3119.70217640321
7342,0.0,0.0,0.0,0.0,3031.156930126,0.0,1.18616506714854e-13,0.0,3600.0,3031.156930126
7343,0.0,0.0,0.0,0.0,0.0,0.0,2696.6,0.0,3600.0,2696.6
7344,0.0,0.0,0.0,0.0,0.0,0.0,2821.7,0.0,7200.0,2821.7
7345,0.0,0.0,0.0,0.0,0.0,0.0,2684.5,6418.0292392786,12491.6651077852,2684.5
7346,0.0,0.0,0.0,0.0,0.0,0.0,2659.2,12000.0,22385.6651077852,2659.2
7347,0.0,0.0,0.0,0.0,0.0,0.0,2602.4,12000.0,32279.6651077852,2602.4
7348,0.0,0.0,0.0,0.0,0.0,0.0,2668.7,12000.0,42173.6651077852,2668.7
7349,0.0,0.0,0.0,0.0,0.0,0.0,2511.4,0.0,42173.6651077852,2511.4
7350,0.0,0.0,0.0,0.0,3000.11454753723,0.0,1.00826217681659e-13,0.0,38737.1077795639,3000.11454753723
7351,0.0,0.0,0.0,0.0,2959.67926689576,0.0,6.210086536898941e-14,0.0,35346.8680694885,2959.67926689576
7352,279.7026,0.0,0.0,0.0,2739.5057021764,0.0,9.30873257626111e-14,0.0,32208.8317554262,3019.2083021764
7353,835.428,0.0,0.0,0.0,2113.21287514318,0.0,-3.7628188786799e-14,0.0,29788.1984505658,2948.64087514318
7354,2732.47422680412,722.685773195877,0.0,0.0,1.56325736933713e-13,0.0,-4.06420013035996e-30,0.0,30384.0528705658,2732.47422680412
7355,2687.01030927835,1451.81969072165,0.0,0.0,4.03396896168002e-14,0.0,4.37689143572636e-31,0.0,31581.0782055658,2687.01030927835
7356,2646.80412371134,752.31587628866,0.0,0.0,1.32874873086206e-13,0.0,1.47296708897767e-30,0.0,32201.3626455658,2646.80412371134
7357,2666.49484536082,27.049154639175,0.0,0.0,-1.06139004561734e-13,0.0,2.9542810997201396e-30,0.0,32223.6646735658,2666.49484536082
7358,933.621,0.0,0.0,0.0,1830.22638029782,0.0,-9.936538027414661e-15,0.0,30127.1854292384,2763.84738029782
7359,159.1368,0.0,0.0,0.0,2800.15727835052,0.0,9.86520328154059e-14,0.0,26919.6742283787,2959.29407835052
7360,0.0,0.0,0.0,0.0,2852.4627720504,0.0,-8.04255102123889e-14,0.0,23652.2483726508,2852.4627720504
7361,0.0,0.0,0.0,0.0,2974.11225658648,0.0,4.07533780172757e-14,0.0,20245.4760283364,2974.11225658648
7362,0.0,0.0,0.0,0.0,2863.23024054983,0.0,1.0997834182102301e-14,0.0,16965.7163026207,2863.23024054983
7363,0.0,0.0,0.0,0.0,2876.86139747995,0.0,5.74062777713635e-14,0.0,13670.3424223458,2876.86139747995
7364,0.0,0.0,0.0,0.0,2895.18900343643,0.0,1.14282253000362e-13,0.0,10353.974720815,2895.18900343643
7365,0.0,0.0,0.0,0.0,2978.57961053837,0.0,-1.97526298232485e-13,0.0,6942.08513256942,2978.57961053837
7366,0.0,0.0,0.0,0.0,2917.6403207331,0.0,4.33815478131072e-14,0.0,3600.0,2917.6403207331
7367,0.0,0.0,0.0,0.0,0.0,0.0,2658.5,0.0,3600.0,2658.5
7368,0.0,0.0,0.0,0.0,0.0,0.0,2706.0,0.0,3600.0,2706.0
7369,0.0,0.0,0.0,0.0,0.0,0.0,2663.4,8479.4699325261,10591.3229593678,2663.4
7370,0.0,0.0,0.0,0.0,0.0,0.0,2545.3,12000.0,20485.3229593678,2545.3
7371,0.0,0.0,0.0,0.0,0.0,0.0,2693.9,12000.0,30379.3229593678,2693.9
7372,0.0,0.0,0.0,0.0,0.0,0.0,2720.6,12000.0,40273.3229593678,2720.6
7373,0.0,0.0,0.0,0.0,0.0,0.0,2625.0,12000.0,50167.3229593678,2625.0
7374,0.0,0.0,0.0,0.0,0.0,0.0,2706.6,0.0,50167.3229593678,2706.6
7375,0.0,0.0,0.0,0.0,3101.03092783505,0.0,-8.63504273812143e-14,0.0,46615.1684028557,3101.03092783505
7376,189.9096,0.0,0.0,0.0,2764.36161282932,0.0,-1.83354910609471e-13,0.0,43448.6602552849,2954.27121282932
7377,51.7299,0.0,0.0,0.0,2888.34134822451,0.0,1.72023002683773e-13,0.0,40140.1363741571,2940.07124822451
7378,163.9443,0.0,0.0,0.0,2737.19820045819,0.0,-3.37912840811715e-14,0.0,37004.7432464845,2901.14250045819
7379,292.0164,0.0,0.0,0.0,2673.93366781214,0.0,1.01156298746851e-13,0.0,33941.8180828967,2965.95006781214
7380,96.8712,0.0,0.0,0.0,2854.79374112257,0.0,-4.67700656139368e-14,0.0,30671.7221595032,2951.66494112257
7381,320.709,0.0,0.0,0.0,2602.53410080183,0.0,-1.95011057789426e-13,0.0,27690.5834415171,2923.2431008018298
7382,29.19489,0.0,0.0,0.0,2908.11106151203,0.0,2.65389684655162e-14,0.0,24359.4138407015,2937.3059515120303
7383,72.8337,0.0,0.0,0.0,2974.51467468499,0.0,1.13513668997252e-13,0.0,20952.1805363659,3047.34837468499
7384,0.0,0.0,0.0,0.0,3063.00114547537,0.0,1.26403778369655e-13,0.0,17443.58815896,3063.00114547537
7385,0.0,0.0,0.0,0.0,3110.08018327606,0.0,4.5087631731768e-14,0.0,13881.0679032027,3110.08018327606
7386,0.0,0.0,0.0,0.0,2972.05040091638,0.0,7.5765261444112e-14,0.0,10476.6573637796,2972.05040091638
7387,0.0,0.0,0.0,0.0,2986.82703321879,0.0,1.6676918214720402e-15,0.0,7055.32055596887,2986.82703321879
7388,0.0,0.0,0.0,0.0,3016.49484536082,0.0,-5.1030300260349204e-14,0.0,3600.0,3016.49484536082
7389,0.0,0.0,0.0,0.0,0.0,0.0,2645.8,0.0,3600.0,2645.8
7390,0.0,0.0,0.0,0.0,0.0,0.0,2602.3,0.0,3600.0,2602.3
7391,0.0,0.0,0.0,0.0,0.0,0.0,2612.1,0.0,3600.0,2612.1
7392,0.0,0.0,0.0,0.0,2924.05498281787,0.0,1.29340191859516e-13,0.0,3850.56702999099,2924.05498281787
7393,0.0,0.0,0.0,0.0,0.0,0.0,2504.5,0.0,3850.56702999099,2504.5
7394,0.0,0.0,0.0,0.0,0.0,0.0,2463.2,12000.0,13744.567029991,2463.2
7395,0.0,0.0,0.0,0.0,0.0,0.0,2532.3,12000.0,23638.567029991,2532.3
7396,0.0,0.0,0.0,0.0,0.0,0.0,2531.0,12000.0,33532.567029991,2531.0
7397,0.0,0.0,0.0,0.0,0.0,0.0,2476.2,12000.0,43426.567029991,2476.2
7398,0.0,0.0,0.0,0.0,0.0,0.0,2553.2,12000.0,53320.567029991,2553.2
7399,0.0,0.0,0.0,0.0,0.0,0.0,2533.8,12000.0,63214.567029991,2533.8
7400,166.605,0.0,0.0,0.0,0.0,0.0,2499.29315,0.0,63214.567029991,2665.89815
7401,414.342,0.0,0.0,0.0,0.0,0.0,2305.08826,0.0,63214.567029991,2719.43026
7402,2673.81443298969,2638.01556701031,0.0,0.0,-2.0488695837071e-13,0.0,-2.3581927182044398e-30,0.0,65389.610864991,2673.81443298969
7403,92.9193,0.0,0.0,0.0,2868.46309163803,0.0,5.28438858744771e-14,0.0,62103.8570372269,2961.38239163803
7404,92.361,0.0,0.0,0.0,2857.62867124857,0.0,-9.769673306570221e-14,0.0,58830.5137711919,2949.9896712485697
7405,59.382,0.0,0.0,0.0,2975.25711340206,0.0,1.39890334184759e-13,0.0,55422.4300215905,3034.63911340206
7406,25.80963,0.0,0.0,0.0,2920.92171695304,0.0,1.53890983009136e-13,0.0,52076.5861304644,2946.73134695304
7407,0.0,0.0,0.0,0.0,2862.54295532646,0.0,1.74250912286536e-13,0.0,48797.6136730458,2862.54295532646
7408,0.0,0.0,0.0,0.0,2866.66666666667,0.0,1.04227145432863e-13,0.0,45513.9176058446,2866.66666666667
7409,0.0,0.0,0.0,0.0,2801.60366552119,0.0,1.8164321008244802e-14,0.0,42304.7496041021,2801.60366552119
7410,0.0,0.0,0.0,0.0,2863.9175257732,0.0,-1.52255243922331e-13,0.0,39024.2026100893,2863.9175257732
7411,0.0,0.0,0.0,0.0,2944.32989690722,0.0,-5.97986906269426e-14,0.0,35651.5452253158,2944.32989690722
7412,0.0,0.0,0.0,0.0,2912.82932416953,0.0,-6.2583130990089e-14,0.0,32314.9709708261,2912.82932416953
7413,0.0,0.0,0.0,0.0,2988.54524627721,0.0,1.9405890665562e-14,0.0,28891.6659922726,2988.54524627721
7414,0.0,0.0,0.0,0.0,2974.22680412371,0.0,1.36250525180734e-13,0.0,25484.7624365753,2974.22680412371
7415,0.0,0.0,0.0,0.0,2900.68728522337,0.0,1.14746767261706e-13,0.0,22162.0965886677,2900.68728522337
7416,0.0,0.0,0.0,0.0,2995.18900343643,0.0,-1.58388521847576e-13,0.0,18731.1813499089,2995.18900343643
7417,0.0,0.0,0.0,0.0,2998.62542955326,0.0,-1.22912124159396e-13,0.0,15296.3297696646,2998.62542955326
7418,0.0,0.0,0.0,0.0,0.0,0.0,2574.9,0.0,15296.3297696646,2574.9
7419,0.0,0.0,0.0,0.0,0.0,0.0,2734.2,0.0,15296.3297696646,2734.2
7420,0.0,0.0,0.0,0.0,0.0,0.0,2620.2,12000.0,25190.3297696646,2620.2
7421,0.0,0.0,0.0,0.0,0.0,0.0,2492.6,12000.0,35084.3297696646,2492.6
7422,0.0,0.0,0.0,0.0,0.0,0.0,2542.2,12000.0,44978.3297696646,2542.2
7423,0.0,0.0,0.0,0.0,0.0,0.0,2515.7,4015.8271404714,48289.3792469833,2515.7
7424,58.4292,0.0,0.0,0.0,2695.78886139748,0.0,1.57129045528488e-13,0.0,45201.4194973871,2754.21806139748
7425,29.81838,0.0,0.0,0.0,2746.70810011455,0.0,-1.61558396704971e-13,0.0,42055.1330138653,2776.52648011455
7426,78.0798,0.0,0.0,0.0,2718.62840091638,0.0,-9.43056683394936e-14,0.0,38941.011134236,2796.70820091638
7427,93.4455,0.0,0.0,0.0,2712.78105956472,0.0,6.12075386988748e-14,0.0,35833.5872401183,2806.22655956472
7428,92.4,0.0,0.0,0.0,2644.41237113402,0.0,-1.6690429107519502e-15,0.0,32804.477994833,2736.81237113402
7429,2511.85567010309,3523.51432989691,0.0,0.0,-1.2127687668871399e-13,0.0,3.8235368253644795e-30,0.0,35709.615559833,2511.85567010309
7430,308.424,0.0,0.0,0.0,2393.5036884307,0.0,-1.93563380988538e-13,0.0,32967.9160312755,2701.9276884307
7431,79.5459,0.0,0.0,0.0,2704.05552920962,0.0,5.4825576130940604e-14,0.0,29870.4870172897,2783.60142920962
7432,0.0,0.0,0.0,0.0,2869.53035509737,0.0,-5.62935824975288e-14,0.0,26583.5106655173,2869.53035509737
7433,0.0,0.0,0.0,0.0,2827.72050400916,0.0,1.7373430783608699e-13,0.0,23344.426468485,2827.72050400916
7434,0.0,0.0,0.0,0.0,2807.33104238259,0.0,-1.87371307727377e-13,0.0,20128.6978976,2807.33104238259
7435,0.0,0.0,0.0,0.0,2902.8636884307,0.0,1.17479117435747e-13,0.0,16803.5390334182,2902.8636884307
7436,0.0,0.0,0.0,0.0,2983.73424971363,0.0,-8.65587881376342e-14,0.0,13385.7449329444,2983.73424971363
7437,0.0,0.0,0.0,0.0,2845.13172966781,0.0,-1.94125370481281e-13,0.0,10126.716605719,2845.13172966781
7438,0.0,0.0,0.0,0.0,2837.57159221077,0.0,-1.59578001315789e-13,0.0,6876.34822976163,2837.57159221077
7439,0.0,0.0,0.0,0.0,2860.2520045819,0.0,1.82685013864548e-14,0.0,3600.0,2860.2520045819
7440,0.0,0.0,0.0,0.0,0.0,0.0,2502.3,12000.0,17094.0,2502.3
7441,0.0,0.0,0.0,0.0,0.0,0.0,2528.2,12000.0,26988.0,2528.2
7442,0.0,0.0,0.0,0.0,0.0,0.0,2386.5,12000.0,36882.0,2386.5
7443,0.0,0.0,0.0,0.0,0.0,0.0,2415.9,12000.0,46776.0,2415.9
7444,0.0,0.0,0.0,0.0,0.0,0.0,2378.6,12000.0,56670.0,2378.6
7445,0.0,0.0,0.0,0.0,0.0,0.0,2350.3,12000.0,66564.0,2350.3
7446,0.0,0.0,0.0,0.0,0.0,0.0,2298.7,0.0,66564.0,2298.7
7447,0.0,0.0,0.0,0.0,2609.27835051546,0.0,5.4202470690461705e-14,0.0,63575.1359100625,2609.27835051546
7448,150.4368,0.0,0.0,0.0,2492.29817182131,0.0,-7.651781755445111e-14,0.0,60720.2697338639,2642.73497182131
7449,350.136,0.0,0.0,0.0,2413.25095074456,0.0,1.3381741849273501e-14,0.0,57955.950202656,2763.38695074456
7450,93.8598,0.0,0.0,0.0,2724.92095532646,0.0,4.7131935608260404e-14,0.0,54834.6203569212,2818.78075532646
7451,108.7623,0.0,0.0,0.0,2752.57797136312,0.0,1.67129918284614e-14,0.0,51681.6100804457,2861.34027136312
7452,139.9122,0.0,0.0,0.0,2654.27854066438,0.0,-1.42623195847832e-13,0.0,48641.1993809447,2794.1907406643804
7453,122.6325,0.0,0.0,0.0,2652.28691294387,0.0,1.04301077841995e-13,0.0,45603.0700419483,2774.91941294387
7454,212.9448,0.0,0.0,0.0,2616.08653379152,0.0,-9.904812021603381e-15,0.0,42606.4073457381,2829.0313337915204
7455,83.0937,0.0,0.0,0.0,2695.64617525773,0.0,-1.71653542623926e-13,0.0,39518.6110396009,2778.73987525773
7456,0.0,0.0,0.0,0.0,2775.37227949599,0.0,4.85857972156651e-14,0.0,36339.490444531,2775.37227949599
7457,0.0,0.0,0.0,0.0,2744.44444444444,0.0,1.8404556890851e-13,0.0,33195.7969228306,2744.44444444444
7458,0.0,0.0,0.0,0.0,2830.35509736541,0.0,-1.20027800858641e-13,0.0,29953.6948639928,2830.35509736541
7459,0.0,0.0,0.0,0.0,2393.47079037801,0.0,9.5655875736572e-14,0.0,27212.0330193445,2393.47079037801
7460,0.0,0.0,0.0,0.0,2507.56013745704,0.0,-8.7859390629573e-14,0.0,24339.6846373777,2507.56013745704
7461,0.0,0.0,0.0,0.0,2499.77090492554,0.0,-1.86553402228417e-13,0.0,21476.2586294446,2499.77090492554
7462,0.0,0.0,0.0,0.0,2543.64261168385,0.0,-1.12351652227567e-13,0.0,18562.5786618801,2543.64261168385
7463,0.0,0.0,0.0,0.0,2516.03665521191,0.0,-9.46655435725818e-14,0.0,15680.5206375823,2516.03665521191
7464,0.0,0.0,0.0,0.0,2512.94387170676,0.0,-1.82892023531688e-13,0.0,12802.0053206216,2512.94387170676
7465,0.0,0.0,0.0,0.0,0.0,0.0,2247.0,8652.72636815938,19936.178211169,2247.0
7466,0.0,0.0,0.0,0.0,0.0,0.0,2213.7,12000.0,29830.178211169,2213.7
7467,0.0,0.0,0.0,0.0,0.0,0.0,2182.2,12000.0,39724.178211169,2182.2
7468,0.0,0.0,0.0,0.0,0.0,0.0,2164.1,12000.0,49618.178211169,2164.1
7469,0.0,0.0,0.0,0.0,2379.26689576174,0.0,-3.1243866346099204e-14,0.0,46892.786577994,2379.26689576174
7470,0.0,0.0,0.0,0.0,2492.55441008018,0.0,1.92238321990033e-13,0.0,44037.6268871805,2492.55441008018
7471,0.0,0.0,0.0,0.0,2467.92668957617,0.0,-1.94340673883218e-13,0.0,41210.6776436797,2467.92668957617
7472,134.7885,0.0,0.0,0.0,2371.76993699885,0.0,-3.48951624271641e-14,0.0,38493.8735921347,2506.55843699885
7473,366.441,0.0,0.0,0.0,2278.29579610538,0.0,-1.36015117753442e-13,0.0,35884.141866928,2644.73679610538
7474,79.104,0.0,0.0,0.0,2574.19143184422,0.0,-1.60500605815904e-13,0.0,32935.4689782176,2653.29543184422
7475,126.9876,0.0,0.0,0.0,2528.89121191294,0.0,-3.4161311624968704e-14,0.0,30038.6863757973,2655.87881191294
7476,142.7391,0.0,0.0,0.0,2475.4216185567,0.0,1.58556584073034e-13,0.0,27203.1518757323,2618.1607185567
7477,77.6247,0.0,0.0,0.0,2680.64609507446,0.0,1.47662257444993e-14,0.0,24132.5377920273,2758.27079507446
7478,12.10908,0.0,0.0,0.0,2898.00022038946,0.0,-1.66291868772125e-13,0.0,20812.9499107107,2910.1093003894603
7479,23.00175,0.0,0.0,0.0,3113.61775773196,0.0,-5.0403027959809805e-14,0.0,17246.3774505366,3136.61950773196
7480,0.0,0.0,0.0,0.0,3071.47766323024,0.0,1.19597625426647e-13,0.0,13728.0754307998,3071.47766323024
7481,0.0,0.0,0.0,0.0,2968.95761741123,0.0,-1.24612185149942e-14,0.0,10327.2075987136,2968.95761741123
7482,0.0,0.0,0.0,0.0,2930.69873997709,0.0,-4.84542206536228e-14,0.0,6970.1643684993,2930.69873997709
7483,0.0,0.0,0.0,0.0,2942.15349369989,0.0,-6.2531040800984e-14,0.0,3600.0,2942.15349369989
7484,0.0,0.0,0.0,0.0,0.0,0.0,2628.3,0.0,3600.0,2628.3
7485,0.0,0.0,0.0,0.0,0.0,0.0,2669.4,0.0,3600.0,2669.4
7486,0.0,0.0,0.0,0.0,0.0,0.0,2720.2,0.0,3600.0,2720.2
7487,0.0,0.0,0.0,0.0,0.0,0.0,2761.9,0.0,3600.0,2761.9
7488,0.0,0.0,0.0,0.0,0.0,0.0,2691.6,0.0,7200.0,2691.6
7489,0.0,0.0,0.0,0.0,0.0,0.0,2699.2,12000.0,17094.0,2699.2
7490,0.0,0.0,0.0,0.0,0.0,0.0,2679.8,12000.0,26988.0,2679.8
7491,0.0,0.0,0.0,0.0,0.0,0.0,2647.1,12000.0,36882.0,2647.1
7492,0.0,0.0,0.0,0.0,0.0,0.0,2613.6,12000.0,46776.0,2613.6
7493,0.0,0.0,0.0,0.0,0.0,0.0,2553.8,12000.0,56670.0,2553.8
7494,0.0,0.0,0.0,0.0,695.288166552132,0.0,1982.91343059999,0.0,55873.5645285772,2678.2015971521223
7495,0.0,0.0,0.0,0.0,2909.96563573883,0.0,4.01846833777221e-14,0.0,52540.2705586587,2909.96563573883
7496,88.2687,0.0,0.0,0.0,2827.4677674685,0.0,1.63274669815416e-13,0.0,49301.4758651094,2915.7364674685
7497,31.179,0.0,0.0,0.0,2832.48152348225,0.0,-1.62315527199506e-13,0.0,46056.9380375238,2863.66052348225
7498,63.4632,0.0,0.0,0.0,2841.74191981672,0.0,1.41926900311903e-13,0.0,42801.7926539995,2905.20511981672
7499,79.1184,0.0,0.0,0.0,2845.53854753723,0.0,8.463547826582599e-14,0.0,39542.2983269237,2924.65694753723
7500,304.488,0.0,0.0,0.0,2630.63761741123,0.0,6.379010673891231e-14,0.0,36528.9677227871,2935.12561741123
7501,13.99872,0.0,0.0,0.0,2934.38859289805,0.0,-1.51220567458491e-13,0.0,33167.6978569245,2948.38731289805
7502,0.0,0.0,0.0,0.0,2863.1156930126,0.0,-8.44993129813563e-14,0.0,29888.0693425916,2863.1156930126
7503,0.0,0.0,0.0,0.0,3094.50171821306,0.0,1.86941132295383e-13,0.0,26343.393834902,3094.50171821306
7504,0.0,0.0,0.0,0.0,3001.83276059565,0.0,1.18564416525749e-13,0.0,22904.8683359379,3001.83276059565
7505,0.0,0.0,0.0,0.0,2905.04009163803,0.0,1.7796438117237e-13,0.0,19577.2164554819,2905.04009163803
7506,0.0,0.0,0.0,0.0,2984.53608247423,0.0,-1.54314719078609e-13,0.0,16158.5038753282,2984.53608247423
7507,0.0,0.0,0.0,0.0,2869.64490263459,0.0,3.92035646659298e-14,0.0,12871.3963121729,2869.64490263459
7508,0.0,0.0,0.0,0.0,2678.00687285223,0.0,2.74944633688751e-14,0.0,9803.80539252541,2678.00687285223
7509,0.0,0.0,0.0,0.0,2711.4547537228,0.0,-4.24772132956925e-14,0.0,6697.90074908578,2711.4547537228
7510,0.0,0.0,0.0,0.0,2704.46735395189,0.0,1.30314367925791e-13,0.0,3600.0,2704.46735395189
7511,0.0,0.0,0.0,0.0,0.0,0.0,2480.0,3616.37947371427,6581.70487607741,2480.0
7512,0.0,0.0,0.0,0.0,0.0,0.0,2422.9,12000.0,16475.7048760774,2422.9
7513,0.0,0.0,0.0,0.0,0.0,0.0,2409.5,12000.0,26369.7048760774,2409.5
7514,0.0,0.0,0.0,0.0,0.0,0.0,2629.2,12000.0,36263.7048760774,2629.2
7515,0.0,0.0,0.0,0.0,0.0,0.0,2666.8,12000.0,46157.7048760774,2666.8
7516,0.0,0.0,0.0,0.0,0.0,0.0,2594.5,12000.0,56051.7048760774,2594.5
7517,0.0,0.0,0.0,0.0,0.0,0.0,2545.6,12000.0,65945.7048760774,2545.6
7518,0.0,0.0,0.0,0.0,2956.47193585338,0.0,-1.79375675316156e-13,0.0,62559.1390847219,2956.47193585338
7519,0.0,0.0,0.0,0.0,2995.64719358534,0.0,-5.7888543392463e-14,0.0,59127.6990004317,2995.64719358534
7520,0.0,0.0,0.0,0.0,2980.41237113402,0.0,-2.65380386623555e-14,0.0,55713.7100300605,2980.41237113402
7521,157.4187,0.0,0.0,0.0,2898.85894730813,0.0,-9.898773543549291e-14,0.0,52393.138498207,3056.2776473081303
7522,94.3755,0.0,0.0,0.0,3038.32275486827,0.0,1.94117296023798e-13,0.0,48912.814609469,3132.69825486827
7523,78.0672,0.0,0.0,0.0,3066.29417640321,0.0,-1.00509300124679e-13,0.0,45400.4501462351,3144.3613764032098
7524,13.29966,0.0,0.0,0.0,3108.70484513173,0.0,4.05377151315842e-14,0.0,41839.5053064508,3122.00450513173
7525,0.0,0.0,0.0,0.0,3160.36655211913,0.0,-1.91746411544857e-13,0.0,38219.3832536224,3160.36655211913
7526,0.0,0.0,0.0,0.0,3060.13745704467,0.0,-1.6782284458641699e-13,0.0,34714.0711607877,3060.13745704467
7527,22.23099,0.0,0.0,0.0,3090.76281752577,0.0,-1.90660592779932e-14,0.0,31173.6784717548,3112.99380752577
7528,0.0,0.0,0.0,0.0,3016.26575028637,0.0,9.721692917403571e-14,0.0,27718.6203385516,3016.26575028637
7529,0.0,0.0,0.0,0.0,3152.57731958763,0.0,1.06554014180183e-13,0.0,24107.4206597571,3152.57731958763
7530,0.0,0.0,0.0,0.0,2991.86712485682,0.0,-4.06148588097167e-14,0.0,20680.3105511009,2991.86712485682
7531,0.0,0.0,0.0,0.0,2940.77892325315,0.0,-1.90772235478581e-13,0.0,17311.7207191958,2940.77892325315
7532,0.0,0.0,0.0,0.0,2965.52119129439,0.0,-4.79376162031741e-14,0.0,13914.7892285952,2965.52119129439
7533,0.0,0.0,0.0,0.0,3054.63917525773,0.0,-1.10534445285179e-13,0.0,10415.7752821373,3054.63917525773
7534,0.0,0.0,0.0,0.0,3001.60366552119,0.0,-7.242987780116791e-14,0.0,6977.51220593889,3001.60366552119
7535,0.0,0.0,0.0,0.0,2948.56815578465,0.0,-3.43253103171565e-14,0.0,3600.0,2948.56815578465
7536,0.0,0.0,0.0,0.0,0.0,0.0,2668.6,12000.0,17094.0,2668.6
7537,0.0,0.0,0.0,0.0,0.0,0.0,2692.4,12000.0,26988.0,2692.4
7538,0.0,0.0,0.0,0.0,0.0,0.0,2709.0,12000.0,36882.0,2709.0
7539,0.0,0.0,0.0,0.0,0.0,0.0,2593.5,12000.0,46776.0,2593.5
7540,0.0,0.0,0.0,0.0,0.0,0.0,2596.1,12000.0,56670.0,2596.1
7541,0.0,0.0,0.0,0.0,0.0,0.0,2534.9,12000.0,66564.0,2534.9
7542,0.0,0.0,0.0,0.0,0.0,0.0,2691.5,2226.80412371134,68400.0,2691.5
7543,0.0,0.0,0.0,0.0,3028.52233676976,0.0,7.313709164828051e-14,0.0,64930.9022488319,3028.52233676976
7544,98.5488,0.0,0.0,0.0,2756.3661672394,0.0,1.14490401456705e-13,0.0,61773.5526872747,2854.9149672394
7545,268.7937,0.0,0.0,0.0,2508.90047079038,0.0,8.6765973021113e-14,0.0,58899.6689864839,2777.69417079038
7546,62.64,0.0,0.0,0.0,2862.81695303551,0.0,-1.27700841984372e-13,0.0,55620.3826714375,2925.4569530355097
7547,78.9975,0.0,0.0,0.0,2882.32809278351,0.0,-3.26239869025651e-14,0.0,52318.7468263247,2961.32559278351
7548,79.2852,0.0,0.0,0.0,2894.26501260023,0.0,-1.36285178675521e-13,0.0,49003.4375335409,2973.5502126002298
7549,46.5888,0.0,0.0,0.0,2816.04680870561,0.0,-4.09271784308174e-14,0.0,45777.7252669824,2862.63560870561
7550,198.4122,0.0,0.0,0.0,2369.6909117984,0.0,-3.26251187633659e-14,0.0,43063.3026876028,2568.1031117984003
7551,0.0,0.0,0.0,0.0,2608.01832760596,0.0,1.36964250301485e-13,0.0,40075.8819228766,2608.01832760596
7552,0.0,0.0,0.0,0.0,2901.94730813288,0.0,8.97379012132633e-14,0.0,36751.7727497576,2901.94730813288
7553,0.0,0.0,0.0,0.0,2973.99770904926,0.0,-1.12496682708764e-13,0.0,33345.131616826,2973.99770904926
7554,0.0,0.0,0.0,0.0,3050.4009163803,0.0,-1.36007825594965e-13,0.0,29850.9724915336,3050.4009163803
7555,0.0,0.0,0.0,0.0,3053.15005727377,0.0,6.2721650197648e-14,0.0,26353.6642930528,3053.15005727377
7556,0.0,0.0,0.0,0.0,3007.90378006873,0.0,-1.39721294480799e-13,0.0,22908.1845907976,3007.90378006873
7557,0.0,0.0,0.0,0.0,3038.37342497136,0.0,1.36819219820288e-13,0.0,19427.8026607044,3038.37342497136
7558,0.0,0.0,0.0,0.0,2962.313860252,0.0,1.0758028043556299e-13,0.0,16034.5450888236,2962.313860252
7559,0.0,0.0,0.0,0.0,3048.79725085911,0.0,-5.82488772755967e-14,0.0,12542.222922891,3048.79725085911
7560,0.0,0.0,0.0,0.0,0.0,0.0,2586.0,0.0,12542.222922891,2586.0
7561,0.0,0.0,0.0,0.0,0.0,0.0,2571.6,0.0,12542.222922891,2571.6
7562,0.0,0.0,0.0,0.0,0.0,0.0,2597.1,12000.0,22436.222922891,2597.1
7563,0.0,0.0,0.0,0.0,0.0,0.0,2530.6,12000.0,32330.222922891,2530.6
7564,0.0,0.0,0.0,0.0,0.0,0.0,2530.6,12000.0,42224.222922891,2530.6
7565,0.0,0.0,0.0,0.0,0.0,0.0,2490.0,10574.4764541894,50942.8787593701,2490.0
7566,0.0,0.0,0.0,0.0,0.0,0.0,2719.9,0.0,50942.8787593701,2719.9
7567,0.0,0.0,0.0,0.0,0.0,0.0,2639.5,0.0,50942.8787593701,2639.5
7568,0.0,0.0,0.0,0.0,0.0,0.0,2696.1,0.0,50942.8787593701,2696.1
7569,283.0647,0.0,0.0,0.0,2700.71848911798,0.0,-9.11542512776045e-14,0.0,47849.2722426256,2983.78318911798
7570,60.6843,0.0,0.0,0.0,2960.06440893471,0.0,1.94433028626646e-13,0.0,44458.5913618298,3020.74870893471
7571,76.0686,0.0,0.0,0.0,2947.43809621993,0.0,-1.2499444863643e-14,0.0,41082.3736112915,3023.50669621993
7572,75.1506,0.0,0.0,0.0,2897.71353722795,0.0,-1.81753787953859e-13,0.0,37763.114118476,2972.86413722795
7573,0.0,0.0,0.0,0.0,3032.53150057274,0.0,-1.50136735931432e-13,0.0,34289.4239689082,3032.53150057274
7574,0.0,0.0,0.0,0.0,2986.25429553265,0.0,-1.3657652023451899e-13,0.0,30868.7432180116,2986.25429553265
7575,0.0,0.0,0.0,0.0,3042.26804123711,0.0,-1.81951754922883e-13,0.0,27383.9001009016,3042.26804123711
7576,0.0,0.0,0.0,0.0,2920.38946162658,0.0,-1.54883413718163e-13,0.0,24038.6658951437,2920.38946162658
7577,0.0,0.0,0.0,0.0,2937.80068728522,0.0,-1.25748654711648e-13,0.0,20673.4875591927,2937.80068728522
7578,0.0,0.0,0.0,0.0,2900.11454753723,0.0,-2.3497444794285302e-14,0.0,17351.4777681993,2900.11454753723
7579,0.0,0.0,0.0,0.0,2998.05269186712,0.0,1.93591014671077e-13,0.0,13917.2822448693,2998.05269186712
7580,0.0,0.0,0.0,0.0,2924.51317296678,0.0,1.72087256752048e-13,0.0,10567.3244293289,2924.51317296678
7581,0.0,0.0,0.0,0.0,2926.34593356243,0.0,-1.6942474812686699e-13,0.0,7215.26723166288,2926.34593356243
7582,0.0,0.0,0.0,0.0,3156.1282932417,0.0,-1.59466878292062e-13,0.0,3600.0,3156.1282932417
7583,0.0,0.0,0.0,0.0,0.0,0.0,2708.0,0.0,3600.0,2708.0
7584,0.0,0.0,0.0,0.0,0.0,0.0,2695.0,12000.0,17094.0,2695.0
7585,0.0,0.0,0.0,0.0,0.0,0.0,2622.0,0.0,17094.0,2622.0
7586,0.0,0.0,0.0,0.0,0.0,0.0,2692.6,12000.0,26988.0,2692.6
7587,0.0,0.0,0.0,0.0,0.0,0.0,2589.8,12000.0,36882.0,2589.8
7588,0.0,0.0,0.0,0.0,0.0,0.0,2627.5,12000.0,46776.0,2627.5
7589,0.0,0.0,0.0,0.0,0.0,0.0,2368.8,9217.73322603091,54376.0210448625,2368.8
7590,0.0,0.0,0.0,0.0,0.0,0.0,2514.9,0.0,54376.0210448625,2514.9
7591,0.0,0.0,0.0,0.0,0.0,0.0,2528.2,0.0,54376.0210448625,2528.2
7592,0.0,0.0,0.0,0.0,0.0,0.0,2487.3,0.0,54376.0210448625,2487.3
7593,0.0,0.0,0.0,0.0,0.0,0.0,2545.8,0.0,54376.0210448625,2545.8
7594,499.02,0.0,0.0,0.0,2412.65819014891,0.0,2.20208885617782e-14,0.0,51612.3805063185,2911.67819014891
7595,673.269,0.0,0.0,0.0,2200.9496792669,0.0,5.5296122666112e-14,0.0,49091.2468530918,2874.2186792669
7596,2104.242,0.0,0.0,0.0,597.806712485682,0.0,2.34582250735217e-14,0.0,48406.4739865561,2702.0487124856822
7597,46.3074,0.0,0.0,0.0,2697.5736792669,0.0,1.19388185878341e-13,0.0,45316.4697720465,2743.8810792669
7598,103.7112,0.0,0.0,0.0,2831.27163344788,0.0,-1.42308792956939e-13,0.0,42073.3178436984,2934.98283344788
7599,0.0,0.0,0.0,0.0,2988.54524627721,0.0,1.9405890665562e-14,0.0,38650.0128651449,2988.54524627721
7600,0.0,0.0,0.0,0.0,2938.48797250859,0.0,1.07992704507802e-13,0.0,35284.0472608968,2938.48797250859
7601,0.0,0.0,0.0,0.0,2932.07331042383,0.0,2.20340604613935e-14,0.0,31925.4294940883,2932.07331042383
7602,0.0,0.0,0.0,0.0,2990.95074455899,0.0,-1.26108988594781e-13,0.0,28499.3690764949,2990.95074455899
7603,0.0,0.0,0.0,0.0,2934.8224513173,0.0,-1.76230901069876e-13,0.0,25137.602236498,2934.8224513173
7604,0.0,0.0,0.0,0.0,2883.96334478809,0.0,-1.98881562866616e-14,0.0,21834.0932504865,2883.96334478809
7605,0.0,0.0,0.0,0.0,2909.50744558992,0.0,-2.5623815148102803e-15,0.0,18501.3241260994,2909.50744558992
7606,0.0,0.0,0.0,0.0,2932.76059564719,0.0,-1.4121901764304e-13,0.0,15141.9190909938,2932.76059564719
7607,0.0,0.0,0.0,0.0,3016.15120274914,0.0,5.9472695573158e-14,0.0,11686.9921691735,3016.15120274914
7608,0.0,0.0,0.0,0.0,3055.09736540664,0.0,-1.25540293955228e-13,0.0,8187.45337718417,3055.09736540664
7609,0.0,0.0,0.0,0.0,0.0,0.0,2638.9,12000.0,18081.4533771842,2638.9
7610,0.0,0.0,0.0,0.0,0.0,0.0,2609.7,12000.0,27975.4533771842,2609.7
7611,0.0,0.0,0.0,0.0,0.0,0.0,2587.4,12000.0,37869.4533771842,2587.4
7612,0.0,0.0,0.0,0.0,0.0,0.0,2429.7,12000.0,47763.4533771842,2429.7
7613,0.0,0.0,0.0,0.0,0.0,0.0,2522.3,12000.0,57657.4533771842,2522.3
7614,0.0,0.0,0.0,0.0,2711.4547537228,0.0,-4.24772132956925e-14,0.0,54551.5487337445,2711.4547537228
7615,0.0,0.0,0.0,0.0,2774.68499427262,0.0,-1.8515556200378499e-13,0.0,51373.2154069718,2774.68499427262
7616,203.8077,0.0,0.0,0.0,2716.1586838488,0.0,1.3488260940847998e-13,0.0,48261.9225274199,2919.9663838488
7617,94.5204,0.0,0.0,0.0,2863.47676059565,0.0,-1.99245477706078e-14,0.0,44981.8804190629,2957.99716059565
7618,47.5713,0.0,0.0,0.0,2953.55766208477,0.0,-1.59371968667293e-13,0.0,41598.6528565374,3001.12896208477
7619,482.799,0.0,0.0,0.0,2516.70672394044,0.0,1.56810931748802e-13,0.0,38715.8272850134,2999.50572394044
7620,1426.947,0.0,0.0,0.0,1388.04285223368,0.0,-9.075754751777921e-14,0.0,37125.8583821112,2814.98985223368
7621,397.275,0.0,0.0,0.0,2488.25114547537,0.0,1.14468880854935e-13,0.0,34275.6279749229,2885.52614547537
7622,72.588,0.0,0.0,0.0,2857.03280641466,0.0,1.41044567681118e-13,0.0,31002.9672573803,2929.6208064146604
7623,13.71543,0.0,0.0,0.0,2727.02867457045,0.0,1.66094458110856e-15,0.0,27879.2230711599,2740.7441045704504
7624,0.0,0.0,0.0,0.0,2960.02290950745,0.0,-4.84021304645178e-14,0.0,24488.589726936,2960.02290950745
7625,0.0,0.0,0.0,0.0,2998.28178694158,0.0,-1.24091283258892e-14,0.0,21054.1317808402,2998.28178694158
7626,0.0,0.0,0.0,0.0,3073.53951890034,0.0,2.68328284372294e-14,0.0,17533.4679562121,3073.53951890034
7627,0.0,0.0,0.0,0.0,2924.39862542955,0.0,1.8837196026008402e-14,0.0,14183.6413520546,2924.39862542955
7628,0.0,0.0,0.0,0.0,3119.2439862543,0.0,-1.24971599315674e-13,0.0,10610.6241856694,3119.2439862543
7629,0.0,0.0,0.0,0.0,3060.13745704467,0.0,-1.6782284458641699e-13,0.0,7105.31209283468,3060.13745704467
7630,0.0,0.0,0.0,0.0,3060.13745704467,0.0,-1.6782284458641699e-13,0.0,3600.0,3060.13745704467
7631,0.0,0.0,0.0,0.0,0.0,0.0,2674.5,0.0,3600.0,2674.5
7632,0.0,0.0,0.0,0.0,0.0,0.0,2820.9,0.0,7200.0,2820.9
7633,0.0,0.0,0.0,0.0,0.0,0.0,2716.1,12000.0,17094.0,2716.1
7634,0.0,0.0,0.0,0.0,0.0,0.0,2652.1,12000.0,26988.0,2652.1
7635,0.0,0.0,0.0,0.0,0.0,0.0,2627.2,12000.0,36882.0,2627.2
7636,0.0,0.0,0.0,0.0,0.0,0.0,2721.4,11490.6324615832,46356.0264645754,2721.4
7637,0.0,0.0,0.0,0.0,0.0,0.0,2649.2,0.0,46356.0264645754,2649.2
7638,0.0,0.0,0.0,0.0,0.0,0.0,2694.7,0.0,46356.0264645754,2694.7
7639,0.0,0.0,0.0,0.0,3066.20847651776,0.0,-2.91141182690819e-14,0.0,42843.7601684496,3066.20847651776
7640,20.6241,0.0,0.0,0.0,3188.99727720504,0.0,7.70601312133668e-14,0.0,39190.8423251449,3209.62137720504
7641,16.09896,0.0,0.0,0.0,2868.59565727377,0.0,1.6744045378173998e-13,0.0,35904.9366467099,2884.69461727377
7642,48.5058,0.0,0.0,0.0,2818.95690034364,0.0,1.30972489565451e-13,0.0,32675.8909418489,2867.46270034364
7643,80.3748,0.0,0.0,0.0,2793.6270836197,0.0,-9.87199174253922e-14,0.0,29475.8599182295,2874.0018836197
7644,2579.17525773196,4753.69474226804,0.0,0.0,7.872054311141011e-14,0.0,-1.07185457526222e-30,0.0,33395.2812332295,2579.17525773196
7645,46.5444,0.0,0.0,0.0,2731.21641695304,0.0,-4.47158462844878e-14,0.0,30266.7400912444,2777.7608169530404
7646,102.3753,0.0,0.0,0.0,2609.7319117984,0.0,-1.26331421924777e-13,0.0,27277.3564580274,2712.1072117984
7647,0.0,0.0,0.0,0.0,2799.77090492554,0.0,-1.52823938561885e-13,0.0,24070.2878384106,2799.77090492554
7648,0.0,0.0,0.0,0.0,2792.55441008018,0.0,-1.13273738104737e-13,0.0,20871.4855359132,2792.55441008018
7649,0.0,0.0,0.0,0.0,2972.39404352806,0.0,2.3015179173185702e-14,0.0,17466.6813623415,2972.39404352806
7650,0.0,0.0,0.0,0.0,3183.50515463918,0.0,-2.8905757512662e-14,0.0,13820.0546101775,3183.50515463918
7651,0.0,0.0,0.0,0.0,3177.89232531501,0.0,-6.711450537488341e-14,0.0,10179.8572157732,3177.89232531501
7652,0.0,0.0,0.0,0.0,2939.86254295533,0.0,1.78480985622818e-13,0.0,6812.31707493088,2939.86254295533
7653,0.0,0.0,0.0,0.0,2804.35280641466,0.0,1.59140883238277e-13,0.0,3600.0,2804.35280641466
7654,0.0,0.0,0.0,0.0,0.0,0.0,2497.1,0.0,3600.0,2497.1
7655,0.0,0.0,0.0,0.0,0.0,0.0,2762.2,0.0,3600.0,2762.2
7656,0.0,0.0,0.0,0.0,0.0,0.0,2689.4,0.0,3600.0,2689.4
7657,0.0,0.0,0.0,0.0,0.0,0.0,2477.5,0.0,3600.0,2477.5
7658,0.0,0.0,0.0,0.0,0.0,0.0,2660.8,12000.0,13494.0,2660.8
7659,0.0,0.0,0.0,0.0,0.0,0.0,2700.0,12000.0,23388.0,2700.0
7660,0.0,0.0,0.0,0.0,0.0,0.0,2809.9,12000.0,33282.0,2809.9
7661,0.0,0.0,0.0,0.0,0.0,0.0,2727.0,12000.0,43176.0,2727.0
7662,0.0,0.0,0.0,0.0,0.0,0.0,2819.3,2264.17694969438,45042.813895023,2819.3
7663,0.0,0.0,0.0,0.0,3155.21191294387,0.0,1.5203342924675599e-13,0.0,41428.5963544229,3155.21191294387
7664,30.6696,0.0,0.0,0.0,3100.63057044674,0.0,8.37243706727384e-14,0.0,37876.9003974393,3131.30017044674
7665,127.0308,0.0,0.0,0.0,2996.88444902635,0.0,-9.517562835798841e-14,0.0,34444.0430675122,3123.91524902635
7666,841.953,0.0,0.0,0.0,2213.98120274914,0.0,-7.655746045509711e-14,0.0,31907.9821250733,3055.93420274914
7667,2175.378,0.0,0.0,0.0,681.309667812141,0.0,-3.7919717715835e-15,0.0,31127.5586796986,2856.687667812141
7668,1902.495,0.0,0.0,0.0,964.581729667812,0.0,-2.8299883805850702e-14,0.0,30022.6540638133,2867.076729667812
7669,1012.167,0.0,0.0,0.0,2031.72738831615,0.0,-6.167995202026771e-15,0.0,27695.3603773115,3043.89438831615
7670,160.4403,0.0,0.0,0.0,2840.63334364261,0.0,-1.85947908904107e-13,0.0,24441.4848404929,3001.07364364261
7671,0.0,0.0,0.0,0.0,3105.7273768614,0.0,-1.81299821788958e-14,0.0,20883.950617284,3105.7273768614
7672,0.0,0.0,0.0,0.0,2992.66895761741,0.0,-1.08370789750692e-13,0.0,17455.9220289479,2992.66895761741
7673,0.0,0.0,0.0,0.0,3046.84994272623,0.0,1.30013066877279e-13,0.0,13965.8304565238,3046.84994272623
7674,0.0,0.0,0.0,0.0,3052.4627720504,0.0,-1.71019709021802e-13,0.0,10469.30952634,3052.4627720504
7675,0.0,0.0,0.0,0.0,2990.95074455899,0.0,-1.26108988594781e-13,0.0,7043.24910874668,2990.95074455899
7676,0.0,0.0,0.0,0.0,3005.95647193585,0.0,4.8540649672076805e-14,0.0,3600.0,3005.95647193585
7677,0.0,0.0,0.0,0.0,0.0,0.0,2660.8,0.0,3600.0,2660.8
7678,0.0,0.0,0.0,0.0,0.0,0.0,2543.8,0.0,3600.0,2543.8
7679,0.0,0.0,0.0,0.0,0.0,0.0,2552.5,0.0,3600.0,2552.5
7680,0.0,0.0,0.0,0.0,0.0,0.0,2638.2,0.0,7200.0,2638.2
7681,0.0,0.0,0.0,0.0,0.0,0.0,2553.0,0.0,7200.0,2553.0
7682,0.0,0.0,0.0,0.0,0.0,0.0,2598.1,12000.0,17094.0,2598.1
7683,0.0,0.0,0.0,0.0,0.0,0.0,2512.0,12000.0,26988.0,2512.0
7684,0.0,0.0,0.0,0.0,0.0,0.0,2471.4,12000.0,36882.0,2471.4
7685,0.0,0.0,0.0,0.0,0.0,0.0,2377.4,12000.0,46776.0,2377.4
7686,0.0,0.0,0.0,0.0,0.0,0.0,2498.6,7697.98459244328,53122.9882964695,2498.6
7687,0.0,0.0,0.0,0.0,2894.95990836197,0.0,-1.34464954889136e-13,0.0,49806.8830177043,2894.95990836197
7688,15.52758,0.0,0.0,0.0,3069.23052394043,0.0,1.79165536671527e-13,0.0,46291.1550406821,3084.75810394043
7689,0.0,0.0,0.0,0.0,3229.0950744559,0.0,1.20787104894859e-13,0.0,42592.3061581438,3229.0950744559
7690,18.6471,0.0,0.0,0.0,3162.67160710195,0.0,1.29764060132057e-13,0.0,38969.5437216009,3181.31870710195
7691,18.699,0.0,0.0,0.0,3200.75827033219,0.0,6.25291077055795e-14,0.0,35303.1539503155,3219.45727033219
7692,0.0,0.0,0.0,0.0,3120.84765177549,0.0,1.9426388968883998e-13,0.0,31728.2998245704,3120.84765177549
7693,0.0,0.0,0.0,0.0,3033.79152348225,0.0,-1.75145601979874e-13,0.0,28253.1663497912,3033.79152348225
7694,88.5639,0.0,0.0,0.0,2842.37458991982,0.0,1.05060397535791e-14,0.0,24997.296258245,2930.9384899198203
7695,0.0,0.0,0.0,0.0,3178.23596792669,0.0,-1.77617501208391e-13,0.0,21356.7052296921,3178.23596792669
7696,0.0,0.0,0.0,0.0,3141.58075601375,0.0,1.05624985657495e-13,0.0,17758.1018436511,3141.58075601375
7697,0.0,0.0,0.0,0.0,3063.34478808706,0.0,7.365369609872921e-14,0.0,14249.1158320967,3063.34478808706
7698,0.0,0.0,0.0,0.0,3097.1363115693,0.0,-1.06820976399346e-13,0.0,10701.4224626015,3097.1363115693
7699,0.0,0.0,0.0,0.0,3088.5452462772,0.0,1.43729553141507e-13,0.0,7163.56994682003,3088.5452462772
7700,0.0,0.0,0.0,0.0,3110.99656357388,0.0,1.30581761516833e-13,0.0,3600.0,3110.99656357388
7701,0.0,0.0,0.0,0.0,0.0,0.0,2709.6,0.0,3600.0,2709.6
7702,0.0,0.0,0.0,0.0,0.0,0.0,2512.8,0.0,3600.0,2512.8
7703,0.0,0.0,0.0,0.0,0.0,0.0,2704.4,0.0,3600.0,2704.4
7704,0.0,0.0,0.0,0.0,0.0,0.0,2626.3,6380.40948297176,8860.64761871022,2626.3
7705,0.0,0.0,0.0,0.0,0.0,0.0,2532.9,0.0,8860.64761871022,2532.9
7706,0.0,0.0,0.0,0.0,0.0,0.0,2548.9,0.0,8860.64761871022,2548.9
7707,0.0,0.0,0.0,0.0,0.0,0.0,2625.5,0.0,8860.64761871022,2625.5
7708,0.0,0.0,0.0,0.0,0.0,0.0,2540.8,0.0,8860.64761871022,2540.8
7709,0.0,0.0,0.0,0.0,0.0,0.0,2468.4,0.0,8860.64761871022,2468.4
7710,0.0,0.0,0.0,0.0,0.0,0.0,2494.0,0.0,8860.64761871022,2494.0
7711,0.0,0.0,0.0,0.0,0.0,0.0,2668.5,0.0,8860.64761871022,2668.5
7712,1165.731,0.0,0.0,0.0,1746.55318442153,0.0,-9.89882785794877e-14,0.0,6860.01395957902,2912.28418442153
7713,143.3493,0.0,0.0,0.0,2845.99218671249,0.0,-9.041670191733991e-15,0.0,3600.0,2989.3414867124898
7714,49.8195,0.0,0.0,0.0,0.0,0.0,2636.475085,0.0,3600.0,2686.294585
7715,66.0759,0.0,0.0,0.0,0.0,0.0,2596.706377,0.0,3600.0,2662.782277
7716,65.6967,0.0,0.0,0.0,0.0,0.0,2566.574201,0.0,3600.0,2632.270901
7717,48.5979,0.0,0.0,0.0,0.0,0.0,2553.860037,0.0,3600.0,2602.457937
7718,56.8854,0.0,0.0,0.0,0.0,0.0,2622.421162,0.0,3600.0,2679.306562
7719,0.0,0.0,0.0,0.0,0.0,0.0,2801.2,0.0,3600.0,2801.2
7720,0.0,0.0,0.0,0.0,0.0,0.0,2815.5,0.0,3600.0,2815.5
7721,0.0,0.0,0.0,0.0,0.0,0.0,2783.7,0.0,3600.0,2783.7
7722,0.0,0.0,0.0,0.0,0.0,0.0,2690.1,0.0,3600.0,2690.1
7723,0.0,0.0,0.0,0.0,0.0,0.0,2727.1,0.0,3600.0,2727.1
7724,0.0,0.0,0.0,0.0,0.0,0.0,2741.8,0.0,3600.0,2741.8
7725,0.0,0.0,0.0,0.0,0.0,0.0,2709.3,0.0,3600.0,2709.3
7726,0.0,0.0,0.0,0.0,0.0,0.0,2496.7,0.0,3600.0,2496.7
7727,0.0,0.0,0.0,0.0,0.0,0.0,2651.2,0.0,3600.0,2651.2
7728,0.0,0.0,0.0,0.0,0.0,0.0,2632.8,12000.0,17094.0,2632.8
7729,0.0,0.0,0.0,0.0,0.0,0.0,2622.7,12000.0,26988.0,2622.7
7730,0.0,0.0,0.0,0.0,0.0,0.0,2633.8,12000.0,36882.0,2633.8
7731,0.0,0.0,0.0,0.0,0.0,0.0,2579.5,12000.0,46776.0,2579.5
7732,0.0,0.0,0.0,0.0,0.0,0.0,2499.8,12000.0,56670.0,2499.8
7733,0.0,0.0,0.0,0.0,0.0,0.0,2403.1,12000.0,66564.0,2403.1
7734,0.0,0.0,0.0,0.0,0.0,0.0,2520.2,2226.80412371134,68400.0,2520.2
7735,0.0,0.0,0.0,0.0,0.0,0.0,2645.2,0.0,68400.0,2645.2
7736,37.2015,0.0,0.0,0.0,0.0,0.0,2628.014545,0.0,68400.0,2665.216045
7737,176.3346,0.0,0.0,0.0,0.0,0.0,2467.255438,0.0,68400.0,2643.5900380000003
7738,51.6933,0.0,0.0,0.0,0.0,0.0,2458.557499,0.0,68400.0,2510.250799
7739,164.2749,0.0,0.0,0.0,0.0,0.0,2388.853347,0.0,68400.0,2553.128247
7740,179.7858,0.0,0.0,0.0,0.0,0.0,2509.607774,0.0,68400.0,2689.393574
7741,34.6194,0.0,0.0,0.0,0.0,0.0,2699.619182,0.0,68400.0,2734.238582
7742,72.273,0.0,0.0,0.0,0.0,0.0,2662.59519,0.0,68400.0,2734.86819
7743,0.0,0.0,0.0,0.0,0.0,0.0,2665.3,0.0,68400.0,2665.3
7744,0.0,0.0,0.0,0.0,0.0,0.0,2622.1,0.0,68400.0,2622.1
7745,0.0,0.0,0.0,0.0,2992.78350515464,0.0,-1.28736425872329e-14,0.0,64971.8402002811,2992.78350515464
7746,0.0,0.0,0.0,0.0,2930.81328751432,0.0,1.04795840072417e-13,0.0,61614.6657586839,2930.81328751432
7747,0.0,0.0,0.0,0.0,2967.12485681558,0.0,-1.25696564522543e-13,0.0,58215.8973087233,2967.12485681558
7748,0.0,0.0,0.0,0.0,0.0,0.0,2686.9,0.0,58215.8973087233,2686.9
7749,0.0,0.0,0.0,0.0,0.0,0.0,2680.0,0.0,58215.8973087233,2680.0
7750,0.0,0.0,0.0,0.0,0.0,0.0,2709.1,0.0,58215.8973087233,2709.1
7751,0.0,0.0,0.0,0.0,0.0,0.0,2648.8,351.852869953509,58506.0,2648.8
7752,0.0,0.0,0.0,0.0,0.0,0.0,2663.5,12000.0,68400.0,2663.5
7753,0.0,0.0,0.0,0.0,2967.46849942726,0.0,1.60794876967833e-13,0.0,65000.8379158909,2967.46849942726
7754,0.0,0.0,0.0,0.0,0.0,0.0,2595.8,0.0,65000.8379158909,2595.8
7755,0.0,0.0,0.0,0.0,0.0,0.0,2557.9,0.0,65000.8379158909,2557.9
7756,0.0,0.0,0.0,0.0,1516.29631958763,0.0,1260.873313,0.0,63263.9578247252,2777.16963258763
7757,0.0,0.0,0.0,0.0,2904.81099656357,0.0,-7.078282671712871e-14,0.0,59936.568367035,2904.81099656357
7758,0.0,0.0,0.0,0.0,2971.59221076747,0.0,3.30181965515796e-14,0.0,56532.6826731433,2971.59221076747
7759,0.0,0.0,0.0,0.0,3012.60022909507,0.0,-1.2925376284106199e-13,0.0,53081.8233041913,3012.60022909507
7760,936.606,0.0,0.0,0.0,2013.85129438717,0.0,-4.4171153322759e-14,0.0,50775.0062430376,2950.45729438717
7761,145.3785,0.0,0.0,0.0,2791.38929553265,0.0,-3.6878252815006604e-14,0.0,47577.5385505603,2936.76779553265
7762,52.7466,0.0,0.0,0.0,2929.13608018328,0.0,1.3116820710511799e-13,0.0,44222.2853086551,2981.88268018328
7763,68.9142,0.0,0.0,0.0,2873.25684536083,0.0,-1.1449462383453e-13,0.0,40931.0403540608,2942.1710453608302
7764,196.9335,0.0,0.0,0.0,2803.63631729668,0.0,1.17302854216378e-13,0.0,37719.5439997691,3000.56981729668
7765,35.8341,0.0,0.0,0.0,2940.3676093929,0.0,1.84393598362563e-13,0.0,34351.4253177612,2976.2017093929
7766,114.8925,0.0,0.0,0.0,2907.85140320733,0.0,1.74331396257812e-13,0.0,31020.5531491388,3022.74390320733
7767,92.6817,0.0,0.0,0.0,2936.31013860252,0.0,1.71653465021753e-13,0.0,27657.082199995,3028.99183860252
7768,0.0,0.0,0.0,0.0,3000.68728522337,0.0,-1.00171094023652e-13,0.0,24219.8688148594,3000.68728522337
7769,0.0,0.0,0.0,0.0,2910.42382588774,0.0,2.51788347076736e-14,0.0,20886.0499994095,2910.42382588774
7770,0.0,0.0,0.0,0.0,2950.85910652921,0.0,1.21657100582924e-13,0.0,17505.9135658137,2950.85910652921
7771,0.0,0.0,0.0,0.0,2970.44673539519,0.0,1.53524209763481e-13,0.0,14103.3399857504,2970.44673539519
7772,0.0,0.0,0.0,0.0,3082.24513172967,0.0,-1.85973467502745e-13,0.0,10572.7040960257,3082.24513172967
7773,0.0,0.0,0.0,0.0,3018.55670103093,0.0,-8.60421836871855e-14,0.0,7115.02173516557,3018.55670103093
7774,0.0,0.0,0.0,0.0,3068.61397479954,0.0,-1.74628997529425e-13,0.0,3600.0,3068.61397479954
7775,0.0,0.0,0.0,0.0,0.0,0.0,2639.5,0.0,3600.0,2639.5
7776,0.0,0.0,0.0,0.0,0.0,0.0,2669.3,12000.0,17094.0,2669.3
7777,0.0,0.0,0.0,0.0,0.0,0.0,2594.7,12000.0,26988.0,2594.7
7778,0.0,0.0,0.0,0.0,0.0,0.0,2615.3,12000.0,36882.0,2615.3
7779,0.0,0.0,0.0,0.0,0.0,0.0,2586.2,12000.0,46776.0,2586.2
7780,0.0,0.0,0.0,0.0,0.0,0.0,2454.9,12000.0,56670.0,2454.9
7781,0.0,0.0,0.0,0.0,0.0,0.0,2597.0,3515.04215210232,59568.1522544084,2597.0
7782,0.0,0.0,0.0,0.0,2897.47995418099,0.0,-1.2672977342344e-13,0.0,56249.1603252205,2897.47995418099
7783,0.0,0.0,0.0,0.0,2851.66093928981,0.0,-7.04224928339951e-14,0.0,52982.6529491726,2851.66093928981
7784,18.22905,0.0,0.0,0.0,2941.83026517755,0.0,1.28917019753021e-13,0.0,49612.8588309853,2960.0593151775497
7785,97.9869,0.0,0.0,0.0,2815.18064948454,0.0,-7.09420421971804e-14,0.0,46388.138728483,2913.16754948454
7786,36.4245,0.0,0.0,0.0,2850.70817296678,0.0,1.5740423750714899e-13,0.0,43122.7227227936,2887.13267296678
7787,84.3237,0.0,0.0,0.0,2765.41352920962,0.0,1.4270080855498e-13,0.0,39955.0096309155,2849.73722920962
7788,51.8793,0.0,0.0,0.0,2773.28416838488,0.0,-1.8606754507220399e-13,0.0,36778.280915698,2825.16346838488
7789,35.0097,0.0,0.0,0.0,2758.923930126,0.0,4.9008333926643404e-15,0.0,33618.0014997461,2793.933630126
7790,55.1655,0.0,0.0,0.0,2714.07727949599,0.0,-1.75713528563833e-13,0.0,30509.0928176201,2769.24277949599
7791,0.0,0.0,0.0,0.0,2798.51088201604,0.0,-1.27815072513442e-13,0.0,27303.4675232146,2798.51088201604
7792,0.0,0.0,0.0,0.0,2920.16036655212,0.0,5.11167292788033e-14,0.0,23958.4957402225,2920.16036655212
7793,0.0,0.0,0.0,0.0,2925.65864833906,0.0,-6.1716700224340204e-15,0.0,20607.2258108535,2925.65864833906
7794,0.0,0.0,0.0,0.0,3028.06414662085,0.0,3.03900267557482e-14,0.0,17138.6529052168,3028.06414662085
7795,0.0,0.0,0.0,0.0,2908.5910652921,0.0,-3.03035977372941e-14,0.0,13806.9334718926,2908.5910652921
7796,0.0,0.0,0.0,0.0,2896.90721649485,0.0,1.32020451844452e-13,0.0,10488.597599619,2896.90721649485
7797,0.0,0.0,0.0,0.0,3014.43298969072,0.0,4.1734496729068e-14,0.0,7035.63884854139,3014.43298969072
7798,0.0,0.0,0.0,0.0,2999.31271477663,0.0,1.10829235060053e-13,0.0,3600.0,2999.31271477663
7799,0.0,0.0,0.0,0.0,0.0,0.0,2710.1,0.0,3600.0,2710.1
7800,0.0,0.0,0.0,0.0,0.0,0.0,2718.5,12000.0,13494.0,2718.5
7801,0.0,0.0,0.0,0.0,0.0,0.0,2591.6,12000.0,23388.0,2591.6
7802,0.0,0.0,0.0,0.0,0.0,0.0,2491.2,12000.0,33282.0,2491.2
7803,0.0,0.0,0.0,0.0,0.0,0.0,2532.5,12000.0,43176.0,2532.5
7804,0.0,0.0,0.0,0.0,0.0,0.0,2411.3,12000.0,53070.0,2411.3
7805,0.0,0.0,0.0,0.0,0.0,0.0,2406.5,12000.0,62964.0,2406.5
7806,0.0,0.0,0.0,0.0,0.0,0.0,2625.5,0.0,62964.0,2625.5
7807,0.0,0.0,0.0,0.0,2993.35624284078,0.0,1.25370569468758e-13,0.0,59535.1841433668,2993.35624284078
7808,0.0,0.0,0.0,0.0,3067.69759450172,0.0,1.94624223571974e-13,0.0,56021.212099264,3067.69759450172
7809,67.8921,0.0,0.0,0.0,2970.61244329897,0.0,-1.4933723157053599e-13,0.0,52618.4487048781,3038.50454329897
7810,37.9242,0.0,0.0,0.0,3062.67299656357,0.0,-1.71911066721429e-13,0.0,49110.232213969,3100.59719656357
7811,54.0741,0.0,0.0,0.0,3234.87757502864,0.0,1.25799597539051e-13,0.0,45404.7596194345,3288.95167502864
7812,53.9925,0.0,0.0,0.0,3089.72196449026,0.0,8.41597404468257e-14,0.0,41865.5592019199,3143.71446449026
7813,37.2087,0.0,0.0,0.0,3075.72458304696,0.0,1.22788400927915e-13,0.0,38342.392440125,3112.93328304696
7814,69.2283,0.0,0.0,0.0,2997.42101832761,0.0,-3.9695498411291604e-14,0.0,34908.9204832778,3066.64931832761
7815,0.0,0.0,0.0,0.0,3206.52920962199,0.0,9.61906629186551e-14,0.0,31235.9202431609,3206.52920962199
7816,0.0,0.0,0.0,0.0,3079.95418098511,0.0,1.12791472483638e-13,0.0,27707.9085810932,3079.95418098511
7817,0.0,0.0,0.0,0.0,3167.01030927835,0.0,8.520652682846891e-14,0.0,24080.1762680596,3167.01030927835
7818,0.0,0.0,0.0,0.0,3156.70103092783,0.0,-7.897557979865181e-14,0.0,20464.2529794825,3156.70103092783
7819,0.0,0.0,0.0,0.0,3211.45475372279,0.0,-9.93419484385733e-14,0.0,16785.6106499031,3211.45475372279
7820,0.0,0.0,0.0,0.0,3139.63344788087,0.0,-1.03107507513512e-13,0.0,13189.2378573706,3139.63344788087
7821,0.0,0.0,0.0,0.0,3155.67010309278,0.0,1.94780494139289e-13,0.0,9574.49547123912,3155.67010309278
7822,0.0,0.0,0.0,0.0,3032.87514318442,0.0,1.36354705558944e-13,0.0,6100.41168752272,3032.87514318442
7823,0.0,0.0,0.0,0.0,2182.85940320733,0.0,826.163740999997,0.0,3600.0,3009.0231442073277
7824,0.0,0.0,0.0,0.0,0.0,0.0,2746.9,0.0,7200.0,2746.9
7825,0.0,0.0,0.0,0.0,0.0,0.0,2643.8,12000.0,17094.0,2643.8
7826,0.0,0.0,0.0,0.0,0.0,0.0,2718.2,12000.0,26988.0,2718.2
7827,0.0,0.0,0.0,0.0,0.0,0.0,2743.2,12000.0,36882.0,2743.2
7828,0.0,0.0,0.0,0.0,0.0,0.0,2730.4,12000.0,46776.0,2730.4
7829,0.0,0.0,0.0,0.0,0.0,0.0,2542.1,12000.0,56670.0,2542.1
7830,0.0,0.0,0.0,0.0,0.0,0.0,2390.4,12000.0,66564.0,2390.4
7831,0.0,0.0,0.0,0.0,2817.06758304696,0.0,1.20055197042474e-13,0.0,63337.1184615728,2817.06758304696
7832,0.0,0.0,0.0,0.0,2831.04238258877,0.0,1.13713558360808e-13,0.0,60094.2291344379,2831.04238258877
7833,84.9639,0.0,0.0,0.0,2684.51891981672,0.0,1.73025183371708e-13,0.0,57019.1788253695,2769.48281981672
7834,39.6009,0.0,0.0,0.0,2784.17769415808,0.0,1.7638544437331999e-13,0.0,53829.9718446615,2823.77859415808
7835,55.5783,0.0,0.0,0.0,2739.16271363116,0.0,1.40835188335642e-13,0.0,50692.3284155307,2794.74101363116
7836,55.1373,0.0,0.0,0.0,2705.28845246277,0.0,1.55781678139389e-13,0.0,47593.4871183225,2760.4257524627697
7837,85.2246,0.0,0.0,0.0,2721.6862978236,0.0,6.486133638685421e-14,0.0,44475.862493095,2806.9108978236
7838,66.975,0.0,0.0,0.0,2779.19158075601,0.0,-1.76962104382106e-13,0.0,41292.3669824925,2846.16658075601
7839,0.0,0.0,0.0,0.0,2952.4627720504,0.0,4.38981522635558e-14,0.0,37910.3935895367,2952.4627720504
7840,0.0,0.0,0.0,0.0,3143.98625429553,0.0,-3.98898936028482e-14,0.0,34309.0347644559,3143.98625429553
7841,0.0,0.0,0.0,0.0,2982.24513172967,0.0,8.66973073451932e-14,0.0,30892.9464119591,2982.24513172967
7842,0.0,0.0,0.0,0.0,2723.3676975945,0.0,-7.15598821131023e-14,0.0,27773.3957847031,2723.3676975945
7843,0.0,0.0,0.0,0.0,2817.41122565865,0.0,6.73051147715474e-14,0.0,24546.1206121273,2817.41122565865
7844,0.0,0.0,0.0,0.0,3045.4753722795,0.0,5.95247857622629e-14,0.0,21057.6035762974,3045.4753722795
7845,0.0,0.0,0.0,0.0,3145.58991981672,0.0,-5.98959283596359e-14,0.0,17454.4077918568,3145.58991981672
7846,0.0,0.0,0.0,0.0,2909.50744558992,0.0,-2.5623815148102803e-15,0.0,14121.6386674697,2909.50744558992
7847,0.0,0.0,0.0,0.0,0.0,0.0,2767.1,0.0,14121.6386674697,2767.1
7848,0.0,0.0,0.0,0.0,0.0,0.0,2678.2,0.0,14121.6386674697,2678.2
7849,0.0,0.0,0.0,0.0,0.0,0.0,2677.4,12000.0,24015.6386674697,2677.4
7850,0.0,0.0,0.0,0.0,0.0,0.0,2714.0,12000.0,33909.6386674697,2714.0
7851,0.0,0.0,0.0,0.0,0.0,0.0,2784.0,12000.0,43803.6386674697,2784.0
7852,0.0,0.0,0.0,0.0,0.0,0.0,2689.1,12000.0,53697.6386674697,2689.1
7853,0.0,0.0,0.0,0.0,0.0,0.0,2641.2,11579.830180181,63245.2086510289,2641.2
7854,0.0,0.0,0.0,0.0,0.0,0.0,2718.0,0.0,63245.2086510289,2718.0
7855,0.0,0.0,0.0,0.0,3041.92439862543,0.0,-7.14487590893757e-14,0.0,59760.7591680673,3041.92439862543
7856,0.0,0.0,0.0,0.0,3003.32187857961,0.0,-5.4691678957078e-14,0.0,56320.5279211262,3003.32187857961
7857,177.8667,0.0,0.0,0.0,2853.34398739977,0.0,1.24667110390319e-13,0.0,53052.092654918,3031.21068739977
7858,8.13339,0.0,0.0,0.0,3123.60894810997,0.0,1.37340964345433e-14,0.0,49474.0755322262,3131.7423381099698
7859,56.3598,0.0,0.0,0.0,3077.69873310424,0.0,-8.73013683866755e-14,0.0,45948.6474301595,3134.0585331042403
7860,24.22854,0.0,0.0,0.0,2898.27985819015,0.0,-1.96304697194112e-13,0.0,42628.7392306289,2922.5083981901503
7861,7.68657,0.0,0.0,0.0,2793.97941248568,0.0,3.04289560881544e-14,0.0,39428.3046229707,2801.66598248568
7862,130.5258,0.0,0.0,0.0,2923.81440320733,0.0,1.19335322784777e-13,0.0,36079.1472309806,3054.34020320733
7863,0.0,0.0,0.0,0.0,3208.93470790378,0.0,-4.93242163416884e-14,0.0,32403.3915518239,3208.93470790378
7864,0.0,0.0,0.0,0.0,3214.31844215349,0.0,1.94884674517499e-13,0.0,28721.4689376733,3214.31844215349
7865,0.0,0.0,0.0,0.0,3314.31844215349,0.0,-2.00331867678587e-14,0.0,24924.9987862947,3314.31844215349
7866,0.0,0.0,0.0,0.0,3218.78579610538,0.0,1.4357911830319e-14,0.0,21237.9589282129,3218.78579610538
7867,0.0,0.0,0.0,0.0,3137.686139748,0.0,2.7401523076783e-14,0.0,17643.8167291889,3137.686139748
7868,0.0,0.0,0.0,0.0,3034.93699885452,0.0,1.01342822132108e-13,0.0,14167.3711405812,3034.93699885452
7869,0.0,0.0,0.0,0.0,3126.91867124857,0.0,-6.40218213177083e-14,0.0,10585.562811545,3126.91867124857
7870,0.0,0.0,0.0,0.0,2987.51431844215,0.0,-1.61585386282961e-13,0.0,7163.43873543718,2987.51431844215
7871,0.0,0.0,0.0,0.0,3110.88201603666,0.0,3.50846143533741e-14,0.0,3600.0,3110.88201603666
7872,0.0,0.0,0.0,0.0,0.0,0.0,2649.6,12000.0,17094.0,2649.6
7873,0.0,0.0,0.0,0.0,0.0,0.0,2689.5,12000.0,26988.0,2689.5
7874,0.0,0.0,0.0,0.0,0.0,0.0,2777.6,12000.0,36882.0,2777.6
7875,0.0,0.0,0.0,0.0,0.0,0.0,2701.4,12000.0,46776.0,2701.4
7876,0.0,0.0,0.0,0.0,0.0,0.0,2683.7,12000.0,56670.0,2683.7
7877,0.0,0.0,0.0,0.0,0.0,0.0,2640.9,12000.0,66564.0,2640.9
7878,0.0,0.0,0.0,0.0,0.0,0.0,2790.7,0.0,66564.0,2790.7
7879,0.0,0.0,0.0,0.0,3115.69301260023,0.0,1.4104929315657e-13,0.0,62995.0503864831,3115.69301260023
7880,0.0,0.0,0.0,0.0,3023.71134020619,0.0,-9.05805007174966e-14,0.0,59531.4635133947,3023.71134020619
7881,53.1369,0.0,0.0,0.0,2861.57755670103,0.0,1.65608997727242e-13,0.0,56253.596896326,2914.71445670103
7882,87.6642,0.0,0.0,0.0,2931.11767010309,0.0,9.25182022905757e-14,0.0,52896.0737919696,3018.78187010309
7883,120.5397,0.0,0.0,0.0,2983.59277319588,0.0,5.30483972717304e-14,0.0,49478.4417493626,3104.13247319588
7884,104.0031,0.0,0.0,0.0,2988.67925887743,0.0,2.25893601759662e-14,0.0,46054.983262676,3092.68235887743
7885,70.2444,0.0,0.0,0.0,3058.26223596793,0.0,-2.2981399255287604e-15,0.0,42551.8191894023,3128.50663596793
7886,61.3482,0.0,0.0,0.0,3003.77118671249,0.0,-1.33362172528861e-13,0.0,39111.0732710604,3065.11938671249
7887,0.0,0.0,0.0,0.0,3226.46048109966,0.0,1.7554776265704102e-14,0.0,35415.2422503277,3226.46048109966
7888,0.0,0.0,0.0,0.0,0.0,0.0,2764.2,0.0,35415.2422503277,2764.2
7889,0.0,0.0,0.0,0.0,3163.80297823597,0.0,-1.56270013856677e-13,0.0,31791.1838560139,3163.80297823597
7890,0.0,0.0,0.0,0.0,3133.67697594502,0.0,-1.46319086667388e-13,0.0,28201.6340553896,3133.67697594502
7891,0.0,0.0,0.0,0.0,0.0,0.0,2730.9,0.0,28201.6340553896,2730.9
7892,0.0,0.0,0.0,0.0,0.0,0.0,2830.7,0.0,28201.6340553896,2830.7
7893,0.0,0.0,0.0,0.0,0.0,0.0,2786.7,0.0,28201.6340553896,2786.7
7894,0.0,0.0,0.0,0.0,0.0,0.0,2703.4,0.0,28201.6340553896,2703.4
7895,0.0,0.0,0.0,0.0,0.0,0.0,2829.6,0.0,28201.6340553896,2829.6
7896,0.0,0.0,0.0,0.0,0.0,0.0,2821.3,11084.8210079777,37341.0689764672,2821.3
7897,0.0,0.0,0.0,0.0,0.0,0.0,2721.6,0.0,37341.0689764672,2721.6
7898,0.0,0.0,0.0,0.0,0.0,0.0,2670.6,0.0,37341.0689764672,2670.6
7899,0.0,0.0,0.0,0.0,0.0,0.0,2373.5,0.0,37341.0689764672,2373.5
7900,0.0,0.0,0.0,0.0,0.0,0.0,2535.7,0.0,37341.0689764672,2535.7
7901,0.0,0.0,0.0,0.0,0.0,0.0,2545.3,0.0,37341.0689764672,2545.3
7902,0.0,0.0,0.0,0.0,0.0,0.0,2835.0,0.0,37341.0689764672,2835.0
7903,0.0,0.0,0.0,0.0,0.0,0.0,2788.5,0.0,37341.0689764672,2788.5
7904,0.0,0.0,0.0,0.0,0.0,0.0,2827.3,0.0,37341.0689764672,2827.3
7905,671.739,0.0,0.0,0.0,0.0,0.0,2012.01317,0.0,37341.0689764672,2683.75217
7906,1038.657,0.0,0.0,0.0,1760.48420389462,0.0,-8.918646407370791e-14,0.0,35324.4776776188,2799.14120389462
7907,1972.584,0.0,0.0,0.0,605.147216494845,0.0,-2.07529154456856e-14,0.0,34631.2964445205,2577.7312164948453
7908,2782.16494845361,4813.50505154639,0.0,0.0,-1.7032581433733e-13,0.0,2.0198470797461297e-30,0.0,38600.0313595205,2782.16494845361
7909,710.016,0.0,0.0,0.0,2388.18382588774,0.0,-1.23541738926236e-13,0.0,35864.4256024899,3098.19982588774
7910,445.614,0.0,0.0,0.0,2819.42087056128,0.0,-1.18228234543662e-13,0.0,32634.8484311711,3265.03487056128
7911,0.0,0.0,0.0,0.0,3363.68843069874,0.0,5.46330774943349e-14,0.0,28781.8261737842,3363.68843069874
7912,0.0,0.0,0.0,0.0,3202.63459335624,0.0,1.7967200337942702e-14,0.0,25113.2871206843,3202.63459335624
7913,0.0,0.0,0.0,0.0,3124.28407789233,0.0,-1.67254149946863e-13,0.0,21534.4966534537,3124.28407789233
7914,0.0,0.0,0.0,0.0,3144.6735395189,0.0,1.93851465616602e-13,0.0,17932.3505600758,3144.6735395189
7915,0.0,0.0,0.0,0.0,3058.41924398625,0.0,-1.85561043430507e-13,0.0,14429.0066379839,3058.41924398625
7916,0.0,0.0,0.0,0.0,3058.41924398625,0.0,-1.85561043430507e-13,0.0,10925.6627158919,3058.41924398625
7917,0.0,0.0,0.0,0.0,3150.28636884307,0.0,-1.0718131028247899e-13,0.0,7317.08726475439,3150.28636884307
7918,0.0,0.0,0.0,0.0,3245.01718213058,0.0,-7.38164779396822e-14,0.0,3600.0,3245.01718213058
7919,0.0,0.0,0.0,0.0,0.0,0.0,2755.8,0.0,3600.0,2755.8
7920,0.0,0.0,0.0,0.0,0.0,0.0,2748.9,12000.0,17094.0,2748.9
7921,0.0,0.0,0.0,0.0,0.0,0.0,2669.2,0.0,17094.0,2669.2
7922,0.0,0.0,0.0,0.0,0.0,0.0,2610.0,0.0,17094.0,2610.0
7923,0.0,0.0,0.0,0.0,0.0,0.0,2615.6,7375.93176599331,23175.4557410615,2615.6
7924,0.0,0.0,0.0,0.0,0.0,0.0,2638.7,12000.0,33069.4557410615,2638.7
7925,0.0,0.0,0.0,0.0,0.0,0.0,2498.0,0.0,33069.4557410615,2498.0
7926,0.0,0.0,0.0,0.0,0.0,0.0,2573.2,0.0,33069.4557410615,2573.2
7927,0.0,0.0,0.0,0.0,0.0,0.0,2601.9,0.0,33069.4557410615,2601.9
7928,0.0,0.0,0.0,0.0,0.0,0.0,2544.4,0.0,33069.4557410615,2544.4
7929,702.702,0.0,0.0,0.0,0.0,0.0,1863.07906,0.0,33069.4557410615,2565.7810600000003
7930,1048.8,0.0,0.0,0.0,0.0,0.0,1712.264,0.0,33069.4557410615,2761.064
7931,1996.224,0.0,0.0,0.0,0.0,0.0,907.56272,0.0,33069.4557410615,2903.78672
7932,1515.135,0.0,0.0,0.0,0.0,0.0,1354.61905,0.0,33069.4557410615,2869.75405
7933,738.6,0.0,0.0,0.0,0.0,0.0,2054.758,0.0,33069.4557410615,2793.358
7934,513.609,0.0,0.0,0.0,0.0,0.0,2262.49927,0.0,33069.4557410615,2776.10827
7935,0.0,0.0,0.0,0.0,0.0,0.0,2631.9,0.0,33069.4557410615,2631.9
7936,0.0,0.0,0.0,0.0,0.0,0.0,2716.0,0.0,33069.4557410615,2716.0
7937,0.0,0.0,0.0,0.0,0.0,0.0,2697.5,0.0,33069.4557410615,2697.5
7938,0.0,0.0,0.0,0.0,3064.94845360825,0.0,-6.185816578322051e-14,0.0,29558.6327701471,3064.94845360825
7939,0.0,0.0,0.0,0.0,3036.0824742268,0.0,-1.9163191079793e-14,0.0,26080.8750677109,3036.0824742268
7940,0.0,0.0,0.0,0.0,3113.17296678121,0.0,1.91067025253455e-13,0.0,22514.8121046167,3113.17296678121
7941,0.0,0.0,0.0,0.0,0.0,0.0,2545.5,0.0,22514.8121046167,2545.5
7942,0.0,0.0,0.0,0.0,0.0,0.0,2608.3,0.0,22514.8121046167,2608.3
7943,0.0,0.0,0.0,0.0,0.0,0.0,2574.3,0.0,22514.8121046167,2574.3
7944,0.0,0.0,0.0,0.0,0.0,0.0,2653.3,0.0,22514.8121046167,2653.3
7945,0.0,0.0,0.0,0.0,0.0,0.0,2593.5,0.0,22514.8121046167,2593.5
7946,0.0,0.0,0.0,0.0,0.0,0.0,2426.6,0.0,22514.8121046167,2426.6
7947,0.0,0.0,0.0,0.0,0.0,0.0,2556.6,12000.0,32408.8121046167,2556.6
7948,0.0,0.0,0.0,0.0,0.0,0.0,2614.2,12000.0,42302.8121046167,2614.2
7949,0.0,0.0,0.0,0.0,0.0,0.0,2668.3,0.0,42302.8121046167,2668.3
7950,0.0,0.0,0.0,0.0,0.0,0.0,2563.3,0.0,42302.8121046167,2563.3
7951,0.0,0.0,0.0,0.0,0.0,0.0,2625.5,0.0,42302.8121046167,2625.5
7952,0.0,0.0,0.0,0.0,2929.78235967927,0.0,-7.61954368761066e-14,0.0,38946.8185654652,2929.78235967927
7953,476.415,0.0,0.0,0.0,2458.96615120275,0.0,9.85007029740408e-14,0.0,36130.1333979936,2935.38115120275
7954,863.421,0.0,0.0,0.0,2041.55971363116,0.0,-1.14402467389902e-17,0.0,33791.5770249911,2904.98071363116
7955,1663.788,0.0,0.0,0.0,1053.17942726231,0.0,-4.1330175855480997e-14,0.0,32585.1859284707,2716.9674272623097
7956,2633.40206185567,4775.69793814433,0.0,0.0,1.42883858600683e-13,0.0,5.4792273556491996e-30,0.0,36522.7488784707,2633.40206185567
7957,584.451,0.0,0.0,0.0,2312.58021764032,0.0,1.81459434531988e-13,0.0,33873.745192743,2897.03121764032
7958,326.805,0.0,0.0,0.0,2682.12961053837,0.0,1.56783556991129e-14,0.0,30801.4317786097,3008.9346105383697
7959,0.0,0.0,0.0,0.0,2864.71935853379,0.0,-1.62258261300725e-13,0.0,27519.9663049169,2864.71935853379
7960,0.0,0.0,0.0,0.0,2956.24284077892,0.0,2.6624467680809502e-14,0.0,24133.6629363271,2956.24284077892
7961,0.0,0.0,0.0,0.0,2952.69186712486,0.0,-1.04349077170829e-13,0.0,20751.4271206056,2952.69186712486
7962,0.0,0.0,0.0,0.0,3000.57273768614,0.0,1.43573282574192e-13,0.0,17314.3449468528,3000.57273768614
7963,0.0,0.0,0.0,0.0,2912.60022909507,0.0,8.566409844429591e-14,0.0,13978.0331151288,2912.60022909507
7964,0.0,0.0,0.0,0.0,2938.25887743414,0.0,-8.30015898191154e-14,0.0,10612.3299336464,2938.25887743414
7965,0.0,0.0,0.0,0.0,3062.54295532646,0.0,8.3656713477123e-14,0.0,7104.26240177188,3062.54295532646
7966,0.0,0.0,0.0,0.0,3059.22107674685,0.0,-1.955640608089e-13,0.0,3600.0,3059.22107674685
7967,0.0,0.0,0.0,0.0,0.0,0.0,2665.5,0.0,3600.0,2665.5
7968,0.0,0.0,0.0,0.0,0.0,0.0,2656.8,0.0,7200.0,2656.8
7969,0.0,0.0,0.0,0.0,0.0,0.0,2666.0,0.0,7200.0,2666.0
7970,0.0,0.0,0.0,0.0,0.0,0.0,2586.6,12000.0,17094.0,2586.6
7971,0.0,0.0,0.0,0.0,0.0,0.0,2572.8,12000.0,26988.0,2572.8
7972,0.0,0.0,0.0,0.0,0.0,0.0,2639.8,12000.0,36882.0,2639.8
7973,0.0,0.0,0.0,0.0,0.0,0.0,2539.6,12000.0,46776.0,2539.6
7974,0.0,0.0,0.0,0.0,0.0,0.0,2569.6,5222.88912822513,51082.2720862216,2569.6
7975,0.0,0.0,0.0,0.0,0.0,0.0,2672.1,0.0,51082.2720862216,2672.1
7976,0.0,0.0,0.0,0.0,0.0,0.0,2639.2,0.0,51082.2720862216,2639.2
7977,299.7183,0.0,0.0,0.0,2788.40005612829,0.0,-1.71034031282374e-13,0.0,47888.2284938639,3088.11835612829
7978,215.7162,0.0,0.0,0.0,0.0,0.0,2520.055286,0.0,47888.2284938639,2735.771486
7979,55.6992,0.0,0.0,0.0,3121.7317021764,0.0,-8.22209292611539e-14,0.0,44312.3617101567,3177.4309021764
7980,39.339,0.0,0.0,0.0,3123.75849942726,0.0,-8.994803391106521e-14,0.0,40734.173280114,3163.09749942726
7981,22.09926,0.0,0.0,0.0,3257.00311317297,0.0,1.11286985161692e-13,0.0,37003.3564265367,3279.10237317297
7982,132.921,0.0,0.0,0.0,3158.61011454754,0.0,-1.18535208112029e-13,0.0,33385.2463296896,3291.53111454754
7983,0.0,0.0,0.0,0.0,3351.20274914089,0.0,-5.4528465744246404e-14,0.0,29546.5261130334,3351.20274914089
7984,0.0,0.0,0.0,0.0,3379.26689576174,0.0,-8.722042306927991e-14,0.0,25675.6591075789,3379.26689576174
7985,0.0,0.0,0.0,0.0,3265.29209621993,0.0,1.91791990460324e-13,0.0,21935.3474280601,3265.29209621993
7986,0.0,0.0,0.0,0.0,3226.00229095074,0.0,3.25606249357526e-14,0.0,18240.0412528588,3226.00229095074
7987,0.0,0.0,0.0,0.0,3132.53150057274,0.0,3.1939840107094e-14,0.0,14651.803566063,3132.53150057274
7988,0.0,0.0,0.0,0.0,3327.26231386025,0.0,1.89628334925836e-13,0.0,10840.5065284224,3327.26231386025
7989,0.0,0.0,0.0,0.0,3236.76975945017,0.0,1.23983969330244e-13,0.0,7132.86648323315,3236.76975945017
7990,0.0,0.0,0.0,0.0,3084.19243986254,0.0,8.0511939230843e-14,0.0,3600.0,3084.19243986254
7991,0.0,0.0,0.0,0.0,0.0,0.0,2715.3,0.0,3600.0,2715.3
7992,0.0,0.0,0.0,0.0,0.0,0.0,2807.4,0.0,3600.0,2807.4
7993,0.0,0.0,0.0,0.0,0.0,0.0,2688.9,0.0,3600.0,2688.9
7994,0.0,0.0,0.0,0.0,0.0,0.0,2692.4,0.0,3600.0,2692.4
7995,0.0,0.0,0.0,0.0,0.0,0.0,2561.8,0.0,3600.0,2561.8
7996,0.0,0.0,0.0,0.0,0.0,0.0,2698.7,12000.0,13494.0,2698.7
7997,0.0,0.0,0.0,0.0,0.0,0.0,2627.7,0.0,13494.0,2627.7
7998,0.0,0.0,0.0,0.0,0.0,0.0,2353.5,0.0,13494.0,2353.5
7999,0.0,0.0,0.0,0.0,0.0,0.0,2291.0,0.0,13494.0,2291.0
8000,0.0,0.0,0.0,0.0,2684.53608247423,0.0,1.51197341016161e-13,0.0,10418.9300315301,2684.53608247423
8001,35.9628,0.0,0.0,0.0,2669.20513631157,0.0,1.63448286259025e-13,0.0,7361.42128432326,2705.16793631157
8002,39.3543,0.0,0.0,0.0,2689.37723825888,0.0,1.59846140303193e-13,0.0,4280.80589112867,2728.73153825888
8003,40.1721,0.0,0.0,0.0,594.343542955327,0.0,1770.97115,0.0,3600.0,2405.486792955327
8004,40.1685,0.0,0.0,0.0,0.0,0.0,2356.036555,0.0,3600.0,2396.2050550000004
8005,38.7951,0.0,0.0,0.0,0.0,0.0,2367.468753,0.0,3600.0,2406.263853
8006,0.0,0.0,0.0,0.0,0.0,0.0,2122.8,0.0,3600.0,2122.8
8007,0.0,0.0,0.0,0.0,0.0,0.0,2143.7,0.0,3600.0,2143.7
8008,0.0,0.0,0.0,0.0,0.0,0.0,2421.6,0.0,3600.0,2421.6
8009,0.0,0.0,0.0,0.0,0.0,0.0,2443.1,0.0,3600.0,2443.1
8010,0.0,0.0,0.0,0.0,0.0,0.0,2482.8,0.0,3600.0,2482.8
8011,0.0,0.0,0.0,0.0,0.0,0.0,2456.7,0.0,3600.0,2456.7
8012,0.0,0.0,0.0,0.0,0.0,0.0,2673.2,0.0,3600.0,2673.2
8013,0.0,0.0,0.0,0.0,0.0,0.0,2476.1,0.0,3600.0,2476.1
8014,0.0,0.0,0.0,0.0,0.0,0.0,2633.8,0.0,3600.0,2633.8
8015,0.0,0.0,0.0,0.0,0.0,0.0,2717.1,0.0,3600.0,2717.1
8016,0.0,0.0,0.0,0.0,0.0,0.0,2748.9,12000.0,17094.0,2748.9
8017,0.0,0.0,0.0,0.0,0.0,0.0,2545.2,12000.0,26988.0,2545.2
8018,0.0,0.0,0.0,0.0,0.0,0.0,2441.4,12000.0,36882.0,2441.4
8019,0.0,0.0,0.0,0.0,0.0,0.0,2396.6,12000.0,46776.0,2396.6
8020,0.0,0.0,0.0,0.0,0.0,0.0,2403.9,12000.0,56670.0,2403.9
8021,0.0,0.0,0.0,0.0,0.0,0.0,2339.7,12000.0,66564.0,2339.7
8022,0.0,0.0,0.0,0.0,0.0,0.0,2432.2,2226.80412371134,68400.0,2432.2
8023,0.0,0.0,0.0,0.0,0.0,0.0,2444.9,0.0,68400.0,2444.9
8024,0.0,0.0,0.0,0.0,0.0,0.0,2502.4,0.0,68400.0,2502.4
8025,6.29469,0.0,0.0,0.0,2831.03568235968,0.0,1.3826990340667998e-13,0.0,65157.1183478125,2837.33037235968
8026,8.06652,0.0,0.0,0.0,2842.35449667812,0.0,-1.75485662451752e-13,0.0,61901.2712725798,2850.42101667812
8027,87.6132,0.0,0.0,0.0,3091.76998396334,0.0,-1.38662823474143e-13,0.0,58359.7248991969,3179.3831839633403
8028,326.304,0.0,0.0,0.0,2822.89246277205,0.0,1.36546639999794e-14,0.0,55126.1711044981,3149.19646277205
8029,6.98187,0.0,0.0,0.0,3234.1667652921,0.0,-9.02066567837563e-14,0.0,51421.5127250111,3241.1486352921
8030,21.00351,0.0,0.0,0.0,3182.84833367698,0.0,-1.84885265615128e-13,0.0,47775.6383450833,3203.85184367698
8031,0.0,0.0,0.0,0.0,3271.47766323024,0.0,2.90034266172339e-14,0.0,44028.2412508906,3271.47766323024
8032,0.0,0.0,0.0,0.0,3316.60939289805,0.0,1.35949224132222e-13,0.0,40229.146871855,3316.60939289805
8033,0.0,0.0,0.0,0.0,3270.44673539519,0.0,-9.42349367687086e-14,0.0,36482.930680108,3270.44673539519
8034,0.0,0.0,0.0,0.0,3343.75715922108,0.0,7.551605058470491e-14,0.0,32652.739203337,3343.75715922108
8035,0.0,0.0,0.0,0.0,3371.82130584192,0.0,1.00577006822252e-13,0.0,28790.4009377678,3371.82130584192
8036,0.0,0.0,0.0,0.0,3324.62772050401,0.0,8.63960062966811e-14,0.0,24982.1217619327,3324.62772050401
8037,0.0,0.0,0.0,0.0,0.0,0.0,2875.4,0.0,24982.1217619327,2875.4
8038,0.0,0.0,0.0,0.0,0.0,0.0,2903.0,0.0,24982.1217619327,2903.0
8039,0.0,0.0,0.0,0.0,0.0,0.0,3038.4,0.0,24982.1217619327,3038.4
8040,0.0,0.0,0.0,0.0,0.0,0.0,2948.0,0.0,24982.1217619327,2948.0
8041,0.0,0.0,0.0,0.0,0.0,0.0,2836.0,0.0,24982.1217619327,2836.0
8042,0.0,0.0,0.0,0.0,0.0,0.0,2840.3,0.0,24982.1217619327,2840.3
8043,0.0,0.0,0.0,0.0,0.0,0.0,2730.5,0.0,24982.1217619327,2730.5
8044,0.0,0.0,0.0,0.0,0.0,0.0,2791.0,9071.58302493625,32461.6419659926,2791.0
8045,0.0,0.0,0.0,0.0,0.0,0.0,2694.2,0.0,32461.6419659926,2694.2
8046,0.0,0.0,0.0,0.0,0.0,0.0,2771.1,0.0,32461.6419659926,2771.1
8047,0.0,0.0,0.0,0.0,0.0,0.0,2740.6,0.0,32461.6419659926,2740.6
8048,0.0,0.0,0.0,0.0,3086.4833906071,0.0,-1.60500087192959e-13,0.0,28926.1512551025,3086.4833906071
8049,125.9298,0.0,0.0,0.0,2728.1192371134,0.0,1.43089307935031e-13,0.0,25801.1578563472,2854.0490371134
8050,357.591,0.0,0.0,0.0,2602.79121420389,0.0,-1.84551411993887e-13,0.0,22819.7246212911,2960.38221420389
8051,1006.473,0.0,0.0,0.0,1949.0506185567,0.0,-1.67740477178372e-14,0.0,20587.1351384083,2955.5236185567
8052,829.398,0.0,0.0,0.0,2146.94609392898,0.0,1.00220180765705e-13,0.0,18127.861262201,2976.3440939289803
8053,21.83829,0.0,0.0,0.0,3105.17395040092,0.0,-9.63475096142458e-14,0.0,14570.9609753729,3127.0122404009203
8054,10.42524,0.0,0.0,0.0,3205.71307812142,0.0,-5.06941811584457e-14,0.0,10898.8955937906,3216.13831812142
8055,0.0,0.0,0.0,0.0,0.0,0.0,2941.2,0.0,10898.8955937906,2941.2
8056,0.0,0.0,0.0,0.0,3229.20962199313,0.0,-1.22957271702985e-13,0.0,7199.91549986944,3229.20962199313
8057,0.0,0.0,0.0,0.0,3142.72623138603,0.0,-1.48810275544057e-14,0.0,3600.0,3142.72623138603
8058,0.0,0.0,0.0,0.0,0.0,0.0,2714.2,0.0,3600.0,2714.2
8059,0.0,0.0,0.0,0.0,0.0,0.0,2687.7,0.0,3600.0,2687.7
8060,0.0,0.0,0.0,0.0,0.0,0.0,2734.7,0.0,3600.0,2734.7
8061,0.0,0.0,0.0,0.0,0.0,0.0,2720.0,0.0,3600.0,2720.0
8062,0.0,0.0,0.0,0.0,0.0,0.0,2582.1,0.0,3600.0,2582.1
8063,0.0,0.0,0.0,0.0,0.0,0.0,2666.1,0.0,3600.0,2666.1
8064,0.0,0.0,0.0,0.0,0.0,0.0,2662.3,0.0,7200.0,2662.3
8065,0.0,0.0,0.0,0.0,0.0,0.0,2596.3,0.0,7200.0,2596.3
8066,0.0,0.0,0.0,0.0,0.0,0.0,2748.9,0.0,7200.0,2748.9
8067,0.0,0.0,0.0,0.0,0.0,0.0,2786.9,8694.26925278048,14368.4249989175,2786.9
8068,0.0,0.0,0.0,0.0,0.0,0.0,2754.8,12000.0,24262.4249989175,2754.8
8069,0.0,0.0,0.0,0.0,0.0,0.0,2627.2,12000.0,34156.4249989175,2627.2
8070,0.0,0.0,0.0,0.0,0.0,0.0,2766.7,0.0,34156.4249989175,2766.7
8071,0.0,0.0,0.0,0.0,0.0,0.0,2797.8,0.0,34156.4249989175,2797.8
8072,0.0,0.0,0.0,0.0,0.0,0.0,2759.1,0.0,34156.4249989175,2759.1
8073,110.904,0.0,0.0,0.0,0.0,0.0,2338.72312,0.0,34156.4249989175,2449.62712
8074,933.894,0.0,0.0,0.0,2052.25981672394,0.0,1.90091959625114e-13,0.0,31805.6119213414,2986.15381672394
8075,922.863,0.0,0.0,0.0,2107.93,0.0,-7.401736112910841e-14,0.0,29391.0300198523,3030.793
8076,747.852,0.0,0.0,0.0,2285.66272623139,0.0,-9.552951722783231e-14,0.0,26772.859657617,3033.51472623139
8077,1914.564,0.0,0.0,0.0,1126.31491408935,0.0,-3.0286324711977804e-14,0.0,25482.6936620966,3040.87891408935
8078,122.3346,0.0,0.0,0.0,3118.59729438717,0.0,-5.26679192802476e-14,0.0,21910.4172653186,3240.9318943871704
8079,0.0,0.0,0.0,0.0,3248.68270332188,0.0,1.52654214075415e-13,0.0,18189.131236313,3248.68270332188
8080,0.0,0.0,0.0,0.0,3148.68270332188,0.0,2.83305515994703e-14,0.0,14582.3927445354,3148.68270332188
8081,0.0,0.0,0.0,0.0,3227.94959908362,0.0,-1.55701319217123e-13,0.0,10884.8559758256,3227.94959908362
8082,0.0,0.0,0.0,0.0,3160.36655211913,0.0,-1.91746411544857e-13,0.0,7264.73392299729,3160.36655211913
8083,0.0,0.0,0.0,0.0,3199.31271477663,0.0,7.79879498132214e-14,0.0,3600.0,3199.31271477663
8084,0.0,0.0,0.0,0.0,0.0,0.0,2728.1,0.0,3600.0,2728.1
8085,0.0,0.0,0.0,0.0,0.0,0.0,2708.8,0.0,3600.0,2708.8
8086,0.0,0.0,0.0,0.0,0.0,0.0,2669.9,0.0,3600.0,2669.9
8087,0.0,0.0,0.0,0.0,0.0,0.0,2643.0,0.0,3600.0,2643.0
8088,0.0,0.0,0.0,0.0,0.0,0.0,2715.8,0.0,3600.0,2715.8
8089,0.0,0.0,0.0,0.0,0.0,0.0,2672.0,0.0,3600.0,2672.0
8090,0.0,0.0,0.0,0.0,0.0,0.0,2566.1,0.0,3600.0,2566.1
8091,0.0,0.0,0.0,0.0,0.0,0.0,2546.8,0.0,3600.0,2546.8
8092,0.0,0.0,0.0,0.0,0.0,0.0,2707.0,12000.0,13494.0,2707.0
8093,0.0,0.0,0.0,0.0,0.0,0.0,2688.9,12000.0,23388.0,2688.9
8094,0.0,0.0,0.0,0.0,0.0,0.0,2731.9,0.0,23388.0,2731.9
8095,0.0,0.0,0.0,0.0,0.0,0.0,2668.3,12000.0,33282.0,2668.3
8096,0.0,0.0,0.0,0.0,0.0,0.0,2669.4,0.0,33282.0,2669.4
8097,93.7314,0.0,0.0,0.0,0.0,0.0,2594.880542,0.0,33282.0,2688.611942
8098,23.55324,0.0,0.0,0.0,0.0,0.0,2650.0533572,0.0,33282.0,2673.6065972
8099,310.242,0.0,0.0,0.0,0.0,0.0,2406.86526,0.0,33282.0,2717.10726
8100,324.804,0.0,0.0,0.0,0.0,0.0,2397.84012,0.0,33282.0,2722.64412
8101,21.30762,0.0,0.0,0.0,0.0,0.0,2661.2316086,0.0,33282.0,2682.5392286
8102,0.0,0.0,0.0,0.0,0.0,0.0,2616.7,0.0,33282.0,2616.7
8103,0.0,0.0,0.0,0.0,1949.38485452463,0.0,996.187022,0.0,31049.0276580474,2945.57187652463
8104,0.0,0.0,0.0,0.0,3057.04467353952,0.0,1.4094511277835998e-13,0.0,27547.2582725497,3057.04467353952
8105,0.0,0.0,0.0,0.0,2938.02978235968,0.0,6.52456396152695e-14,0.0,24181.817513833,2938.02978235968
8106,0.0,0.0,0.0,0.0,2929.43871706758,0.0,-2.3445354605180302e-14,0.0,20826.21760883,2929.43871706758
8107,0.0,0.0,0.0,0.0,3078.00687285223,0.0,-1.5369393424995e-13,0.0,17300.4365402707,3078.00687285223
8108,0.0,0.0,0.0,0.0,3042.15349369989,0.0,1.19545535237542e-13,0.0,13815.7246345435,3042.15349369989
8109,0.0,0.0,0.0,0.0,2933.44788087056,0.0,1.50275255138991e-13,0.0,10455.5323311408,2933.44788087056
8110,0.0,0.0,0.0,0.0,2985.33791523482,0.0,1.74923787304299e-13,0.0,7035.90127130709,2985.33791523482
8111,0.0,0.0,0.0,0.0,2999.54180985109,0.0,-3.7417994374331603e-14,0.0,3600.0,2999.54180985109
8112,0.0,0.0,0.0,0.0,0.0,0.0,2673.1,12000.0,17094.0,2673.1
8113,0.0,0.0,0.0,0.0,0.0,0.0,2825.4,12000.0,26988.0,2825.4
8114,0.0,0.0,0.0,0.0,0.0,0.0,2742.0,12000.0,36882.0,2742.0
8115,0.0,0.0,0.0,0.0,0.0,0.0,2733.0,12000.0,46776.0,2733.0
8116,0.0,0.0,0.0,0.0,0.0,0.0,2625.3,12000.0,56670.0,2625.3
8117,0.0,0.0,0.0,0.0,0.0,0.0,2658.5,0.0,56670.0,2658.5
8118,0.0,0.0,0.0,0.0,0.0,0.0,2715.1,0.0,56670.0,2715.1
8119,0.0,0.0,0.0,0.0,3107.21649484536,0.0,1.47855446099579e-13,0.0,53110.760028814,3107.21649484536
8120,0.0,0.0,0.0,0.0,3157.27376861397,0.0,1.1702154581992e-13,0.0,49494.1806833226,3157.27376861397
8121,30.1044,0.0,0.0,0.0,3057.2723161512,0.0,1.2684834927539e-13,0.0,45992.1505388196,3087.3767161512
8122,0.0,0.0,0.0,0.0,3157.73195876289,0.0,1.02015697149872e-13,0.0,42375.0463477968,3157.73195876289
8123,0.0,0.0,0.0,0.0,3113.05841924399,0.0,3.78169645274155e-14,0.0,38809.1145960854,3113.05841924399
8124,67.4883,0.0,0.0,0.0,2856.05538258877,0.0,-5.859125561153751e-14,0.0,35537.5734934637,2923.54368258877
8125,407.631,0.0,0.0,0.0,2521.99075601375,0.0,1.95019095549778e-13,0.0,32648.6951933334,2929.6217560137497
8126,7.48017,0.0,0.0,0.0,2976.56842508591,0.0,-3.2911329794618803e-14,0.0,29239.1093684927,2984.0485950859097
8127,0.0,0.0,0.0,0.0,3055.3264604811,0.0,1.2320691393427e-13,0.0,25739.3081537378,3055.3264604811
8128,0.0,0.0,0.0,0.0,3071.13402061856,0.0,1.72347707697573e-13,0.0,22221.3997681495,3071.13402061856
8129,0.0,0.0,0.0,0.0,3031.84421534937,0.0,-4.46365713895791e-14,0.0,18748.4968868787,3031.84421534937
8130,0.0,0.0,0.0,0.0,3096.90721649485,0.0,4.14262530350393e-14,0.0,15201.0659401493,3096.90721649485
8131,0.0,0.0,0.0,0.0,2837.80068728522,0.0,3.14162930111288e-14,0.0,11950.4351414262,2837.80068728522
8132,0.0,0.0,0.0,0.0,3062.313860252,0.0,-1.07337580849794e-13,0.0,8442.63003231737,3062.313860252
8133,0.0,0.0,0.0,0.0,3130.01145475372,0.0,2.42046586413979e-14,0.0,4857.27899594427,3130.01145475372
8134,0.0,0.0,0.0,0.0,0.0,0.0,2632.1,0.0,4857.27899594427,2632.1
8135,0.0,0.0,0.0,0.0,0.0,0.0,2674.8,0.0,4857.27899594427,2674.8
8136,0.0,0.0,0.0,0.0,0.0,0.0,2730.7,0.0,4857.27899594427,2730.7
8137,0.0,0.0,0.0,0.0,0.0,0.0,2691.4,9666.54835139734,12827.3481116714,2691.4
8138,0.0,0.0,0.0,0.0,0.0,0.0,2631.7,12000.0,22721.3481116714,2631.7
8139,0.0,0.0,0.0,0.0,0.0,0.0,2640.7,12000.0,32615.3481116714,2640.7
8140,0.0,0.0,0.0,0.0,0.0,0.0,2574.3,12000.0,42509.3481116714,2574.3
8141,0.0,0.0,0.0,0.0,0.0,0.0,2542.6,12000.0,52403.3481116714,2542.6
8142,0.0,0.0,0.0,0.0,0.0,0.0,2667.8,0.0,52403.3481116714,2667.8
8143,0.0,0.0,0.0,0.0,2980.52691867125,0.0,6.89591085011032e-14,0.0,48989.2279299174,2980.52691867125
8144,0.0,0.0,0.0,0.0,3012.02749140893,0.0,1.29496462426831e-13,0.0,45539.0246178796,3012.02749140893
8145,120.7935,0.0,0.0,0.0,2854.55934135166,0.0,-1.06797132308586e-13,0.0,42269.1971936509,2975.35284135166
8146,149.9592,0.0,0.0,0.0,2826.9640045819,0.0,-1.53685128615099e-13,0.0,39030.9795480817,2976.9232045819
8147,327.459,0.0,0.0,0.0,2753.1097021764,0.0,1.7633025653327699e-13,0.0,35877.3601870549,3080.5687021764
8148,1011.402,0.0,0.0,0.0,2129.71369988545,0.0,-1.74477830050738e-13,0.0,33437.8255938299,3141.11569988545
8149,317.628,0.0,0.0,0.0,2772.73864833906,0.0,-1.86978008812241e-13,0.0,30261.72175839,3090.36664833906
8150,52.0914,0.0,0.0,0.0,3070.64300343643,0.0,-3.64038931721846e-15,0.0,26744.3758208912,3122.7344034364296
8151,0.0,0.0,0.0,0.0,3413.74570446735,0.0,-3.3953736347905e-14,0.0,22834.0141891989,3413.74570446735
8152,0.0,0.0,0.0,0.0,3324.97136311569,0.0,-2.41069895368261e-14,0.0,19025.3413792153,3324.97136311569
8153,0.0,0.0,0.0,0.0,3382.47422680412,0.0,1.54256117615866e-13,0.0,15150.8004550411,3382.47422680412
8154,0.0,0.0,0.0,0.0,3335.50973654066,0.0,-6.592502590667121e-14,0.0,11330.0561978353,3335.50973654066
8155,0.0,0.0,0.0,0.0,3436.99885452463,0.0,-1.14857458913554e-13,0.0,7393.05865542448,3436.99885452463
8156,0.0,0.0,0.0,0.0,3311.34020618557,0.0,-1.27625195635063e-14,0.0,3600.0,3311.34020618557
8157,0.0,0.0,0.0,0.0,0.0,0.0,2894.5,0.0,3600.0,2894.5
8158,0.0,0.0,0.0,0.0,0.0,0.0,2751.7,0.0,3600.0,2751.7
8159,0.0,0.0,0.0,0.0,0.0,0.0,2909.0,0.0,3600.0,2909.0
8160,0.0,0.0,0.0,0.0,0.0,0.0,2857.1,12000.0,17094.0,2857.1
8161,0.0,0.0,0.0,0.0,0.0,0.0,2817.5,12000.0,26988.0,2817.5
8162,0.0,0.0,0.0,0.0,0.0,0.0,2769.4,12000.0,36882.0,2769.4
8163,0.0,0.0,0.0,0.0,0.0,0.0,2762.0,12000.0,46776.0,2762.0
8164,0.0,0.0,0.0,0.0,0.0,0.0,2584.8,12000.0,56670.0,2584.8
8165,0.0,0.0,0.0,0.0,0.0,0.0,2389.7,12000.0,66564.0,2389.7
8166,0.0,0.0,0.0,0.0,0.0,0.0,2284.9,2226.80412371134,68400.0,2284.9
8167,0.0,0.0,0.0,0.0,0.0,0.0,2285.1,0.0,68400.0,2285.1
8168,0.0,0.0,0.0,0.0,0.0,0.0,2290.2,0.0,68400.0,2290.2
8169,60.5925,0.0,0.0,0.0,2505.29813860252,0.0,-3.82959475000843e-14,0.0,65530.2426820132,2565.89063860252
8170,116.8251,0.0,0.0,0.0,2599.74759793814,0.0,-1.72733387419409e-13,0.0,62552.2958344322,2716.57269793814
8171,228.9594,0.0,0.0,0.0,2551.55713860252,0.0,-7.732204718528641e-14,0.0,59629.5499711991,2780.51653860252
8172,6.52854,0.0,0.0,0.0,3037.07596357388,0.0,3.40440137655198e-14,0.0,56150.6542511832,3043.60450357388
8173,5.16243,0.0,0.0,0.0,3134.69924730813,0.0,-1.68145143591211e-13,0.0,52559.9334638887,3139.86167730813
8174,9.17931,0.0,0.0,0.0,3088.99893390607,0.0,-7.545786407464651e-14,0.0,49021.5612601016,3098.17824390607
8175,0.0,0.0,0.0,0.0,3201.71821305842,0.0,-9.774015884541111e-15,0.0,45354.0718980645,3201.71821305842
8176,0.0,0.0,0.0,0.0,3102.17640320733,0.0,-1.49103527030534e-13,0.0,41800.6052277239,3102.17640320733
8177,0.0,0.0,0.0,0.0,3266.43757159221,0.0,7.12859772484226e-14,0.0,38058.9814343766,3266.43757159221
8178,0.0,0.0,0.0,0.0,3245.36082474227,0.0,-1.26566560210608e-13,0.0,34341.5005354737,3245.36082474227
8179,0.0,0.0,0.0,0.0,3194.04352806415,0.0,-7.072379388250711e-14,0.0,30682.8023360875,3194.04352806415
8180,0.0,0.0,0.0,0.0,3269.30126002291,0.0,-3.14818371193885e-14,0.0,26937.8982581689,3269.30126002291
8181,0.0,0.0,0.0,0.0,0.0,0.0,2887.4,0.0,26937.8982581689,2887.4
8182,0.0,0.0,0.0,0.0,0.0,0.0,2783.4,0.0,26937.8982581689,2783.4
8183,0.0,0.0,0.0,0.0,0.0,0.0,2882.1,0.0,26937.8982581689,2882.1
8184,0.0,0.0,0.0,0.0,0.0,0.0,2879.9,0.0,26937.8982581689,2879.9
8185,0.0,0.0,0.0,0.0,0.0,0.0,2827.1,0.0,26937.8982581689,2827.1
8186,0.0,0.0,0.0,0.0,0.0,0.0,2844.1,10773.6023516433,35820.7333970988,2844.1
8187,0.0,0.0,0.0,0.0,0.0,0.0,2800.6,12000.0,45714.7333970988,2800.6
8188,0.0,0.0,0.0,0.0,0.0,0.0,2709.5,0.0,45714.7333970988,2709.5
8189,0.0,0.0,0.0,0.0,0.0,0.0,2634.7,0.0,45714.7333970988,2634.7
8190,0.0,0.0,0.0,0.0,0.0,0.0,2807.7,0.0,45714.7333970988,2807.7
8191,0.0,0.0,0.0,0.0,3268.61397479954,0.0,1.31771240985045e-13,0.0,41970.6165874773,3268.61397479954
8192,0.0,0.0,0.0,0.0,3193.81443298969,0.0,7.75234355518778e-14,0.0,38312.1808108568,3193.81443298969
8193,2470.002,0.0,0.0,0.0,467.008087056128,0.0,-2.24193853045731e-14,0.0,37777.2345484787,2937.010087056128
8194,539.706,0.0,0.0,0.0,2531.36904925544,0.0,1.94126260043347e-13,0.0,34877.613644406,3071.0750492554403
8195,2898.65979381443,3294.54020618557,0.0,0.0,1.50979947713548e-13,0.0,-2.9124929071178697e-30,0.0,37593.962044406,2898.65979381443
8196,375.615,0.0,0.0,0.0,2688.95011454754,0.0,-1.66663216357414e-13,0.0,34513.8359109036,3064.5651145475404
8197,2948.96907216495,1513.26092783505,0.0,0.0,-2.45911758158326e-14,0.0,9.818364734379671e-31,0.0,35761.5195459036,2948.96907216495
8198,1230.591,0.0,0.0,0.0,1835.42580756014,0.0,-9.019020942069721e-14,0.0,33659.0844856973,3066.01680756014
8199,0.0,0.0,0.0,0.0,3310.53837342497,0.0,-2.75950218511239e-15,0.0,29866.9443099528,3310.53837342497
8200,0.0,0.0,0.0,0.0,3301.48911798396,0.0,-7.64446477355137e-14,0.0,26085.1698334534,3301.48911798396
8201,0.0,0.0,0.0,0.0,3331.61512027491,0.0,-1.44148488487384e-13,0.0,22268.8867632645,3331.61512027491
8202,0.0,0.0,0.0,0.0,3278.57961053837,0.0,-4.82910074407912e-14,0.0,18513.3545633351,3278.57961053837
8203,0.0,0.0,0.0,0.0,3232.98969072165,0.0,-1.97983869848312e-13,0.0,14810.0444937799,3232.98969072165
8204,0.0,0.0,0.0,0.0,3270.56128293242,0.0,-5.64907031678309e-14,0.0,11063.69709065,3270.56128293242
8205,0.0,0.0,0.0,0.0,3310.19473081329,0.0,1.07743493648395e-13,0.0,7271.95054905403,3310.19473081329
8206,0.0,0.0,0.0,0.0,3205.61282932417,0.0,1.06965331335903e-14,0.0,3600.0,3205.61282932417
8207,0.0,0.0,0.0,0.0,0.0,0.0,2790.2,0.0,3600.0,2790.2
8208,0.0,0.0,0.0,0.0,0.0,0.0,2720.6,12000.0,17094.0,2720.6
8209,0.0,0.0,0.0,0.0,0.0,0.0,2704.8,0.0,17094.0,2704.8
8210,0.0,0.0,0.0,0.0,0.0,0.0,2710.8,12000.0,26988.0,2710.8
8211,0.0,0.0,0.0,0.0,0.0,0.0,2665.8,12000.0,36882.0,2665.8
8212,0.0,0.0,0.0,0.0,0.0,0.0,2757.9,12000.0,46776.0,2757.9
8213,0.0,0.0,0.0,0.0,0.0,0.0,2652.8,3123.47125520367,49351.3020499154,2652.8
8214,0.0,0.0,0.0,0.0,0.0,0.0,2774.1,0.0,49351.3020499154,2774.1
8215,0.0,0.0,0.0,0.0,3123.59679266896,0.0,-4.0010718424295605e-15,0.0,45773.2988509819,3123.59679266896
8216,0.0,0.0,0.0,0.0,3305.38373424971,0.0,1.77881484519864e-15,0.0,41987.0631874656,3305.38373424971
8217,48.7509,0.0,0.0,0.0,3115.47723596793,0.0,-8.58700182320719e-14,0.0,38418.360740767,3164.22813596793
8218,218.0067,0.0,0.0,0.0,2920.31328865979,0.0,1.09324661836503e-13,0.0,35073.2137892667,3138.31998865979
8219,555.543,0.0,0.0,0.0,2661.4241580756,0.0,-3.02879070125151e-14,0.0,32024.6179610014,3216.9671580756003
8220,330.933,0.0,0.0,0.0,2847.07329896907,0.0,2.05188280570373e-14,0.0,28763.3656139577,3178.00629896907
8221,290.5773,0.0,0.0,0.0,2892.14206071019,0.0,-3.50272333678313e-15,0.0,25450.4881102805,3182.71936071019
8222,140.5251,0.0,0.0,0.0,3046.26649828179,0.0,4.5883770557754e-14,0.0,21961.0648590987,3186.79159828179
8223,0.0,0.0,0.0,0.0,3222.10767468499,0.0,-4.56628376449597e-14,0.0,18270.2198709142,3222.10767468499
8224,0.0,0.0,0.0,0.0,3217.75486827033,0.0,-1.66633365118204e-13,0.0,14584.3609152781,3217.75486827033
8225,0.0,0.0,0.0,0.0,3223.3676975945,0.0,-7.06717036934021e-14,0.0,10892.0726018824,3223.3676975945
8226,0.0,0.0,0.0,0.0,3227.49140893471,0.0,-1.98448384109656e-13,0.0,7195.060678704,3227.49140893471
8227,0.0,0.0,0.0,0.0,3138.48797250859,0.0,1.73985056983891e-14,0.0,3600.0,3138.48797250859
8228,0.0,0.0,0.0,0.0,0.0,0.0,2778.1,0.0,3600.0,2778.1
8229,0.0,0.0,0.0,0.0,0.0,0.0,2671.9,0.0,3600.0,2671.9
8230,0.0,0.0,0.0,0.0,0.0,0.0,2536.2,0.0,3600.0,2536.2
8231,0.0,0.0,0.0,0.0,0.0,0.0,2709.2,0.0,3600.0,2709.2
8232,0.0,0.0,0.0,0.0,0.0,0.0,2664.2,0.0,3600.0,2664.2
8233,0.0,0.0,0.0,0.0,0.0,0.0,2487.5,0.0,3600.0,2487.5
8234,0.0,0.0,0.0,0.0,0.0,0.0,2560.9,12000.0,13494.0,2560.9
8235,0.0,0.0,0.0,0.0,0.0,0.0,2536.1,12000.0,23388.0,2536.1
8236,0.0,0.0,0.0,0.0,0.0,0.0,2593.6,12000.0,33282.0,2593.6
8237,0.0,0.0,0.0,0.0,0.0,0.0,2420.8,0.0,33282.0,2420.8
8238,0.0,0.0,0.0,0.0,0.0,0.0,2729.2,0.0,33282.0,2729.2
8239,0.0,0.0,0.0,0.0,0.0,0.0,2661.1,0.0,33282.0,2661.1
8240,0.0,0.0,0.0,0.0,0.0,0.0,2652.5,0.0,33282.0,2652.5
8241,106.5072,0.0,0.0,0.0,0.0,0.0,2554.888016,0.0,33282.0,2661.395216
8242,96.6213,0.0,0.0,0.0,0.0,0.0,2544.077339,0.0,33282.0,2640.698639
8243,0.0,0.0,0.0,0.0,2631.31079152348,0.0,395.265679000001,0.0,30267.8982914966,3026.576470523481
8244,826.248,0.0,0.0,0.0,2065.33727376861,0.0,-6.45433266410425e-14,0.0,27902.1053089438,2891.58527376861
8245,248.1039,0.0,0.0,0.0,2900.27401718213,0.0,1.54763800028203e-13,0.0,24579.9128493995,3148.37791718213
8246,0.0,0.0,0.0,0.0,0.0,0.0,2737.4,0.0,24579.9128493995,2737.4
8247,0.0,0.0,0.0,0.0,3127.37686139748,0.0,-7.90276699877568e-14,0.0,20997.579674832,3127.37686139748
8248,0.0,0.0,0.0,0.0,3072.73768613975,0.0,9.458875937820421e-14,0.0,17477.8343298838,3072.73768613975
8249,0.0,0.0,0.0,0.0,2960.82474226804,0.0,-5.840514784291171e-14,0.0,14086.28250598,2960.82474226804
8250,0.0,0.0,0.0,0.0,2983.96334478809,0.0,1.0443550618928299e-13,0.0,10668.2259827405,2983.96334478809
8251,0.0,0.0,0.0,0.0,3106.07101947308,0.0,-1.28632978012403e-13,0.0,7110.29812538297,3106.07101947308
8252,0.0,0.0,0.0,0.0,3064.49026345934,0.0,-4.68523171131719e-14,0.0,3600.0,3064.49026345934
8253,0.0,0.0,0.0,0.0,0.0,0.0,2774.3,0.0,3600.0,2774.3
8254,0.0,0.0,0.0,0.0,0.0,0.0,2738.8,0.0,3600.0,2738.8
8255,0.0,0.0,0.0,0.0,0.0,0.0,2763.2,0.0,3600.0,2763.2
8256,0.0,0.0,0.0,0.0,0.0,0.0,2808.0,0.0,7200.0,2808.0
8257,0.0,0.0,0.0,0.0,0.0,0.0,2784.1,0.0,7200.0,2784.1
8258,0.0,0.0,0.0,0.0,0.0,0.0,2807.1,0.0,7200.0,2807.1
8259,0.0,0.0,0.0,0.0,0.0,0.0,2736.7,12000.0,17094.0,2736.7
8260,0.0,0.0,0.0,0.0,0.0,0.0,2628.0,12000.0,26988.0,2628.0
8261,0.0,0.0,0.0,0.0,0.0,0.0,2714.8,12000.0,36882.0,2714.8
8262,0.0,0.0,0.0,0.0,0.0,0.0,2755.7,12000.0,46776.0,2755.7
8263,0.0,0.0,0.0,0.0,0.0,0.0,2830.6,12000.0,56670.0,2830.6
8264,0.0,0.0,0.0,0.0,0.0,0.0,2648.9,12000.0,66564.0,2648.9
8265,0.0,0.0,0.0,0.0,0.0,0.0,2745.8,2226.80412371134,68400.0,2745.8
8266,127.5711,0.0,0.0,0.0,0.0,0.0,2503.856033,0.0,68400.0,2631.427133
8267,0.0,0.0,0.0,0.0,0.0,0.0,2622.1,0.0,68400.0,2622.1
8268,0.0,0.0,0.0,0.0,0.0,0.0,2596.6,0.0,68400.0,2596.6
8269,63.843,0.0,0.0,0.0,2909.59025200458,0.0,-1.30214234914579e-14,0.0,65067.1360229043,2973.43325200458
8270,47.7261,0.0,0.0,0.0,0.0,0.0,2612.105683,0.0,65067.1360229043,2659.831783
8271,0.0,0.0,0.0,0.0,3054.5246277205,0.0,1.3320993131266399e-13,0.0,61568.2532878292,3054.5246277205
8272,0.0,0.0,0.0,0.0,3006.98739977091,0.0,-1.67462510703283e-13,0.0,58123.8232766369,3006.98739977091
8273,0.0,0.0,0.0,0.0,3057.04467353952,0.0,1.4094511277835998e-13,0.0,54622.0538911392,3057.04467353952
8274,0.0,0.0,0.0,0.0,3083.6197021764,0.0,-5.773227282514811e-14,0.0,51089.8434648203,3083.6197021764
8275,0.0,0.0,0.0,0.0,3148.10996563574,0.0,-1.0991366045652099e-13,0.0,47483.7610299569,3148.10996563574
8276,0.0,0.0,0.0,0.0,3203.09278350515,0.0,6.07142652304751e-14,0.0,43814.6971313255,3203.09278350515
8277,0.0,0.0,0.0,0.0,0.0,0.0,2708.7,0.0,43814.6971313255,2708.7
8278,0.0,0.0,0.0,0.0,3171.13402061856,0.0,-4.25701535877846e-14,0.0,40182.2412085093,3171.13402061856
8279,0.0,0.0,0.0,0.0,0.0,0.0,2792.4,0.0,40182.2412085093,2792.4
8280,0.0,0.0,0.0,0.0,0.0,0.0,2789.4,0.0,40182.2412085093,2789.4
8281,0.0,0.0,0.0,0.0,0.0,0.0,2856.4,0.0,40182.2412085093,2856.4
8282,0.0,0.0,0.0,0.0,0.0,0.0,2752.9,0.0,40182.2412085093,2752.9
8283,0.0,0.0,0.0,0.0,0.0,0.0,2711.3,0.0,40182.2412085093,2711.3
8284,0.0,0.0,0.0,0.0,0.0,0.0,2778.2,4303.69303603527,43730.6361167204,2778.2
8285,0.0,0.0,0.0,0.0,0.0,0.0,2799.3,0.0,43730.6361167204,2799.3
8286,0.0,0.0,0.0,0.0,0.0,0.0,2672.0,0.0,43730.6361167204,2672.0
8287,0.0,0.0,0.0,0.0,0.0,0.0,2675.9,0.0,43730.6361167204,2675.9
8288,0.0,0.0,0.0,0.0,3078.92325315006,0.0,-6.81998044648856e-14,0.0,40203.8053570983,3078.92325315006
8289,108.3186,0.0,0.0,0.0,2972.77314776632,0.0,-1.84803686757522e-13,0.0,36798.5669289582,3081.09174776632
8290,212.3244,0.0,0.0,0.0,2897.07369072165,0.0,-9.03507070213975e-14,0.0,33480.0403645577,3109.39809072165
8291,525.435,0.0,0.0,0.0,2500.14667812142,0.0,-1.46534967843121e-13,0.0,30616.1839176832,3025.58167812142
8292,540.048,0.0,0.0,0.0,2489.17919816724,0.0,-1.69514549985066e-14,0.0,27764.8904489922,3029.22719816724
8293,223.5438,0.0,0.0,0.0,2910.03724398625,0.0,9.33902506332385e-14,0.0,24431.5144535899,3133.58104398625
8294,74.0193,0.0,0.0,0.0,3032.64751317297,0.0,1.5909166875113998e-13,0.0,20957.6914144456,3106.66681317297
8295,0.0,0.0,0.0,0.0,3132.87514318442,0.0,-7.85631557264132e-14,0.0,17369.0600935012,3132.87514318442
8296,0.0,0.0,0.0,0.0,3086.82703321879,0.0,1.25991354297417e-13,0.0,13833.1757484625,3086.82703321879
8297,0.0,0.0,0.0,0.0,3002.8636884307,0.0,-9.743874384961041e-14,0.0,10393.4693470528,3002.8636884307
8298,0.0,0.0,0.0,0.0,3014.66208476518,0.0,-1.64265646267898e-13,0.0,6940.24817320952,3014.66208476518
8299,0.0,0.0,0.0,0.0,2916.03665521191,0.0,1.78893409695057e-13,0.0,3600.0,2916.03665521191
8300,0.0,0.0,0.0,0.0,0.0,0.0,2712.0,0.0,3600.0,2712.0
8301,0.0,0.0,0.0,0.0,0.0,0.0,2712.6,0.0,3600.0,2712.6
8302,0.0,0.0,0.0,0.0,0.0,0.0,2663.7,0.0,3600.0,2663.7
8303,0.0,0.0,0.0,0.0,0.0,0.0,2794.1,0.0,3600.0,2794.1
8304,0.0,0.0,0.0,0.0,0.0,0.0,2908.8,12000.0,17094.0,2908.8
8305,0.0,0.0,0.0,0.0,0.0,0.0,2784.0,12000.0,26988.0,2784.0
8306,0.0,0.0,0.0,0.0,0.0,0.0,2813.6,12000.0,36882.0,2813.6
8307,0.0,0.0,0.0,0.0,0.0,0.0,2786.9,12000.0,46776.0,2786.9
8308,0.0,0.0,0.0,0.0,0.0,0.0,2791.3,12000.0,56670.0,2791.3
8309,0.0,0.0,0.0,0.0,0.0,0.0,2694.0,12000.0,66564.0,2694.0
8310,0.0,0.0,0.0,0.0,0.0,0.0,2860.5,0.0,66564.0,2860.5
8311,0.0,0.0,0.0,0.0,3268.843069874,0.0,-7.42289020119209e-14,0.0,62819.6207676128,3268.843069874
8312,0.0,0.0,0.0,0.0,3369.18671248568,0.0,5.5097591755678504e-14,0.0,58960.3003638492,3369.18671248568
8313,77.0511,0.0,0.0,0.0,3251.95925887743,0.0,-1.08819692352431e-13,0.0,55235.2611211488,3329.01035887743
8314,69.1338,0.0,0.0,0.0,3236.0139908362,0.0,5.94085029896195e-14,0.0,51528.486790294,3305.1477908362
8315,149.4795,0.0,0.0,0.0,3094.04912371134,0.0,1.96944770045546e-13,0.0,47984.3297184597,3243.52862371134
8316,6.94317,0.0,0.0,0.0,3247.49727961054,0.0,-1.1382983927957e-13,0.0,44264.4015631212,3254.44044961054
8317,251.3499,0.0,0.0,0.0,2863.2194696449,0.0,8.73953699980577e-14,0.0,40984.6541752118,3114.5693696449
8318,20.08065,0.0,0.0,0.0,3089.94475315006,0.0,1.05533261690649e-13,0.0,37445.1985587742,3110.02540315006
8319,0.0,0.0,0.0,0.0,3380.64146620848,0.0,-1.67321419542637e-14,0.0,33572.7570167255,3380.64146620848
8320,0.0,0.0,0.0,0.0,3528.2932416953,0.0,-1.16969024258937e-13,0.0,29531.1840021834,3528.2932416953
8321,0.0,0.0,0.0,0.0,3406.07101947308,0.0,-3.71506007832901e-14,0.0,25629.613533142,3406.07101947308
8322,0.0,0.0,0.0,0.0,3406.07101947308,0.0,-3.71506007832901e-14,0.0,21728.0430641007,3406.07101947308
8323,0.0,0.0,0.0,0.0,3275.37227949599,0.0,1.07226889197946e-13,0.0,17976.1847828911,3275.37227949599
8324,0.0,0.0,0.0,0.0,3271.93585337915,0.0,1.3997577947185301e-14,0.0,14228.262843167,3271.93585337915
8325,0.0,0.0,0.0,0.0,3252.34822451317,0.0,3.988338232921e-14,0.0,10502.7780499102,3252.34822451317
8326,0.0,0.0,0.0,0.0,3135.85337915235,0.0,-8.58338229307656e-14,0.0,6910.73523301175,3135.85337915235
8327,0.0,0.0,0.0,0.0,2890.27185841926,0.0,400.89266759999,0.0,3600.0,3291.16452601925
8328,0.0,0.0,0.0,0.0,0.0,0.0,2878.5,0.0,3600.0,2878.5
8329,0.0,0.0,0.0,0.0,0.0,0.0,2779.8,7617.49202131549,9880.62217157462,2779.8
8330,0.0,0.0,0.0,0.0,0.0,0.0,2833.5,12000.0,19774.6221715746,2833.5
8331,0.0,0.0,0.0,0.0,0.0,0.0,2773.7,12000.0,29668.6221715746,2773.7
8332,0.0,0.0,0.0,0.0,0.0,0.0,2748.0,12000.0,39562.6221715746,2748.0
8333,0.0,0.0,0.0,0.0,0.0,0.0,2483.2,12000.0,49456.6221715746,2483.2
8334,0.0,0.0,0.0,0.0,0.0,0.0,2280.2,0.0,49456.6221715746,2280.2
8335,0.0,0.0,0.0,0.0,2680.98510882016,0.0,2.02237961645227e-14,0.0,46385.6197559731,2680.98510882016
8336,0.0,0.0,0.0,0.0,2656.81557846506,0.0,7.33863025076876e-14,0.0,43342.3029421528,2656.81557846506
8337,75.4569,0.0,0.0,0.0,2454.64697250859,0.0,7.43914209744442e-14,0.0,40530.5652875038,2530.10387250859
8338,147.6537,0.0,0.0,0.0,2411.1980652921,0.0,1.72539668002422e-13,0.0,37768.5972860238,2558.8517652921
8339,421.707,0.0,0.0,0.0,2185.73219931272,0.0,-1.43072536941121e-14,0.0,35264.8948813127,2607.43919931272
8340,243.5079,0.0,0.0,0.0,2402.28790034364,0.0,-1.26699916513318e-13,0.0,32513.1332543441,2645.79580034364
8341,174.6645,0.0,0.0,0.0,2540.75078465063,0.0,1.54125158475172e-13,0.0,29602.765803427,2715.41528465063
8342,61.1733,0.0,0.0,0.0,2779.68144215349,0.0,-1.83782444476759e-13,0.0,26418.7091686578,2840.85474215349
8343,0.0,0.0,0.0,0.0,2979.15234822451,0.0,-1.5291726139130302e-15,0.0,23006.163523498,2979.15234822451
8344,0.0,0.0,0.0,0.0,2851.20274914089,0.0,-1.13169557726527e-13,0.0,19740.1809929815,2851.20274914089
8345,0.0,0.0,0.0,0.0,2819.35853379152,0.0,-6.320391581874761e-14,0.0,16510.6752268973,2819.35853379152
8346,0.0,0.0,0.0,0.0,2792.32531500573,0.0,3.49734913296475e-14,0.0,13312.1353471656,2792.32531500573
8347,0.0,0.0,0.0,0.0,2730.46964490264,0.0,-1.48854316171127e-13,0.0,10184.4496141729,2730.46964490264
8348,0.0,0.0,0.0,0.0,2793.12714776632,0.0,2.4970473951253602e-14,0.0,6984.99125476133,2793.12714776632
8349,0.0,0.0,0.0,0.0,2955.09736540664,0.0,1.4713048089271099e-13,0.0,3600.0,2955.09736540664
8350,0.0,0.0,0.0,0.0,0.0,0.0,2567.9,0.0,3600.0,2567.9
8351,0.0,0.0,0.0,0.0,0.0,0.0,2766.8,0.0,3600.0,2766.8
8352,0.0,0.0,0.0,0.0,0.0,0.0,2717.0,12000.0,17094.0,2717.0
8353,0.0,0.0,0.0,0.0,0.0,0.0,2721.0,12000.0,26988.0,2721.0
8354,0.0,0.0,0.0,0.0,0.0,0.0,2743.9,12000.0,36882.0,2743.9
8355,0.0,0.0,0.0,0.0,0.0,0.0,2667.6,12000.0,46776.0,2667.6
8356,0.0,0.0,0.0,0.0,0.0,0.0,2537.5,12000.0,56670.0,2537.5
8357,0.0,0.0,0.0,0.0,0.0,0.0,2593.8,12000.0,66564.0,2593.8
8358,0.0,0.0,0.0,0.0,0.0,0.0,2664.9,0.0,66564.0,2664.9
8359,0.0,0.0,0.0,0.0,0.0,0.0,2640.8,2226.80412371134,68400.0,2640.8
8360,0.0,0.0,0.0,0.0,0.0,0.0,2601.0,0.0,68400.0,2601.0
8361,74.3559,0.0,0.0,0.0,3009.02036311569,0.0,1.70873129624588e-13,0.0,64953.2412793635,3083.37626311569
8362,148.4268,0.0,0.0,0.0,2996.13517067583,0.0,9.49074333268311e-14,0.0,61521.2422293339,3144.5619706758303
8363,423.321,0.0,0.0,0.0,2609.25387170676,0.0,-1.59528827709276e-13,0.0,58532.4061792689,3032.57487170676
8364,308.451,0.0,0.0,0.0,2734.36715922108,0.0,1.69475752825614e-13,0.0,55400.2559396113,3042.81815922108
8365,190.7991,0.0,0.0,0.0,2932.90363459336,0.0,1.9847750755735899e-13,0.0,52040.6870569156,3123.70273459336
8366,62.7468,0.0,0.0,0.0,2915.16105841924,0.0,1.74799128164727e-13,0.0,48701.4418582681,2977.90785841924
8367,0.0,0.0,0.0,0.0,3168.49942726231,0.0,-1.45802482216939e-13,0.0,45072.0037972574,3168.49942726231
8368,0.0,0.0,0.0,0.0,3108.47651775487,0.0,1.22846580051137e-13,0.0,41511.3205008601,3108.47651775487
8369,0.0,0.0,0.0,0.0,3266.55211912944,0.0,-1.72458399349421e-13,0.0,37769.5654961299,3266.55211912944
8370,0.0,0.0,0.0,0.0,3235.62428407789,0.0,-1.52504454781738e-13,0.0,34063.2375647692,3235.62428407789
8371,0.0,0.0,0.0,0.0,3338.83161512028,0.0,-1.2594577538194998e-13,0.0,30238.6881774608,3338.83161512028
8372,0.0,0.0,0.0,0.0,3281.5578465063,0.0,-1.1331458820772499e-13,0.0,26479.7444815773,3281.5578465063
8373,0.0,0.0,0.0,0.0,3239.40435280641,0.0,-1.6977813936448499e-13,0.0,22769.0865745825,3239.40435280641
8374,0.0,0.0,0.0,0.0,3121.64948453608,0.0,1.84260872310446e-13,0.0,19193.3139691575,3121.64948453608
8375,0.0,0.0,0.0,0.0,3230.92783505155,0.0,-1.05219072858895e-13,0.0,15492.3657044936,3230.92783505155
8376,0.0,0.0,0.0,0.0,0.0,0.0,2805.9,12000.0,25386.3657044936,2805.9
8377,0.0,0.0,0.0,0.0,0.0,0.0,2766.5,12000.0,35280.3657044936,2766.5
8378,0.0,0.0,0.0,0.0,0.0,0.0,2869.6,12000.0,45174.3657044936,2869.6
8379,0.0,0.0,0.0,0.0,0.0,0.0,2835.1,12000.0,55068.3657044936,2835.1
8380,0.0,0.0,0.0,0.0,0.0,0.0,2842.0,12000.0,64962.3657044936,2842.0
8381,0.0,0.0,0.0,0.0,0.0,0.0,2766.5,4169.35633172396,68400.0,2766.5
8382,0.0,0.0,0.0,0.0,2597.91556632304,0.0,590.61971059999,0.0,65424.1516995154,3188.53527692303
8383,0.0,0.0,0.0,0.0,3263.1156930126,0.0,1.31306726723701e-13,0.0,61686.3330362707,3263.1156930126
8384,0.0,0.0,0.0,0.0,3403.32187857961,0.0,1.6111436074798e-13,0.0,57787.9116404178,3403.32187857961
8385,70.8615,0.0,0.0,0.0,3229.28332760596,0.0,-1.90259748706712e-13,0.0,54088.8471185324,3300.14482760596
8386,147.6081,0.0,0.0,0.0,2996.93028980527,0.0,-1.24734124736027e-13,0.0,50655.937279122,3144.53838980527
8387,23.92242,0.0,0.0,0.0,3169.06672691867,0.0,-1.37161274823472e-13,0.0,47025.8493903263,3192.98914691867
8388,39.5103,0.0,0.0,0.0,3131.70104123711,0.0,-3.90022218233151e-14,0.0,43438.5629742471,3171.21134123711
8389,206.0637,0.0,0.0,0.0,2956.37824856816,0.0,8.801560058303461e-14,0.0,40052.1044993695,3162.44194856816
8390,52.365,0.0,0.0,0.0,3144.79490263459,0.0,-9.87513199633378e-15,0.0,36449.8193875315,3197.15990263459
8391,0.0,0.0,0.0,0.0,3213.28751431844,0.0,7.16463111315563e-14,0.0,32769.0776758265,3213.28751431844
8392,0.0,0.0,0.0,0.0,3195.76174112257,0.0,-1.10738508600998e-13,0.0,29108.4113056976,3195.76174112257
8393,0.0,0.0,0.0,0.0,3269.53035509736,0.0,1.59512457207529e-13,0.0,25363.2448050133,3269.53035509736
8394,0.0,0.0,0.0,0.0,3147.65177548683,0.0,-1.52660725349053e-13,0.0,21757.6872156813,3147.65177548683
8395,0.0,0.0,0.0,0.0,3130.58419243986,0.0,1.62448870697389e-13,0.0,18171.680122394,3130.58419243986
8396,0.0,0.0,0.0,0.0,3189.00343642612,0.0,-2.84412432513184e-14,0.0,14518.7552238532,3189.00343642612
8397,0.0,0.0,0.0,0.0,3264.37571592211,0.0,1.6405077423784e-13,0.0,10779.4932353972,3264.37571592211
8398,0.0,0.0,0.0,0.0,3095.87628865979,0.0,-8.181211035090321e-14,0.0,7233.24319111332,3095.87628865979
8399,0.0,0.0,0.0,0.0,3171.82130584192,0.0,1.91171205631665e-13,0.0,3600.0,3171.82130584192
8400,0.0,0.0,0.0,0.0,0.0,0.0,2668.4,0.0,7200.0,2668.4
8401,0.0,0.0,0.0,0.0,3027.94959908362,0.0,-6.51071204077105e-14,0.0,3731.55830574614,3027.94959908362
8402,0.0,0.0,0.0,0.0,114.85040091638,0.0,2581.6356,0.0,3600.0,2696.48600091638
8403,0.0,0.0,0.0,0.0,0.0,0.0,2646.4,12000.0,13494.0,2646.4
8404,0.0,0.0,0.0,0.0,0.0,0.0,2638.9,12000.0,23388.0,2638.9
8405,0.0,0.0,0.0,0.0,0.0,0.0,2541.1,12000.0,33282.0,2541.1
8406,0.0,0.0,0.0,0.0,0.0,0.0,2686.7,12000.0,43176.0,2686.7
8407,0.0,0.0,0.0,0.0,0.0,0.0,2754.0,12000.0,53070.0,2754.0
8408,0.0,0.0,0.0,0.0,3167.23940435281,0.0,-1.20793616168497e-13,0.0,49442.0052642007,3167.23940435281
8409,141.6045,0.0,0.0,0.0,3028.34322451317,0.0,1.62722001605632e-13,0.0,45973.1126817114,3169.9477245131698
8410,242.0826,0.0,0.0,0.0,2992.41681328751,0.0,1.64477172882882e-13,0.0,42545.3729184954,3234.4994132875104
8411,24.37563,0.0,0.0,0.0,3129.15880744559,0.0,8.65035311069661e-14,0.0,38960.998568615,3153.53443744559
8412,23.76117,0.0,0.0,0.0,3085.28254879725,0.0,-1.39583842175744e-13,0.0,35426.8833924441,3109.04371879725
8413,251.718,0.0,0.0,0.0,3004.50577319588,0.0,-1.64907984633162e-14,0.0,31985.2960233766,3256.22377319588
8414,61.5609,0.0,0.0,0.0,3160.00678923253,0.0,4.56310665506133e-14,0.0,28365.5860700747,3221.56768923253
8415,0.0,0.0,0.0,0.0,3266.09392898053,0.0,1.8178897308192999e-13,0.0,24624.355910876,3266.09392898053
8416,0.0,0.0,0.0,0.0,3147.30813287514,0.0,-9.991064307812691e-14,0.0,21019.1919556925,3147.30813287514
8417,0.0,0.0,0.0,0.0,3091.52348224513,0.0,1.94211799499735e-13,0.0,17477.927943957,3091.52348224513
8418,0.0,0.0,0.0,0.0,3098.73997709049,0.0,-1.84579924718714e-13,0.0,13928.3976151019,3098.73997709049
8419,0.0,0.0,0.0,0.0,3161.97021764032,0.0,1.27489077459658e-13,0.0,10306.4386029137,3161.97021764032
8420,0.0,0.0,0.0,0.0,3101.94730813288,0.0,-8.56297596149469e-16,0.0,6753.23435533879,3101.94730813288
8421,0.0,0.0,0.0,0.0,2752.77359221076,0.0,410.628654000006,0.0,3600.0,3163.402246210766
8422,0.0,0.0,0.0,0.0,0.0,0.0,2755.7,0.0,3600.0,2755.7
8423,0.0,0.0,0.0,0.0,0.0,0.0,2739.4,0.0,3600.0,2739.4
8424,0.0,0.0,0.0,0.0,0.0,0.0,2761.7,0.0,3600.0,2761.7
8425,0.0,0.0,0.0,0.0,0.0,0.0,2681.7,12000.0,13494.0,2681.7
8426,0.0,0.0,0.0,0.0,0.0,0.0,2675.5,12000.0,23388.0,2675.5
8427,0.0,0.0,0.0,0.0,0.0,0.0,2643.9,12000.0,33282.0,2643.9
8428,0.0,0.0,0.0,0.0,0.0,0.0,2539.1,12000.0,43176.0,2539.1
8429,0.0,0.0,0.0,0.0,0.0,0.0,2584.3,1216.01981718697,44178.6083392707,2584.3
8430,0.0,0.0,0.0,0.0,0.0,0.0,2615.8,0.0,44178.6083392707,2615.8
8431,0.0,0.0,0.0,0.0,0.0,0.0,2644.2,0.0,44178.6083392707,2644.2
8432,0.0,0.0,0.0,0.0,0.0,0.0,2690.8,0.0,44178.6083392707,2690.8
8433,41.0307,0.0,0.0,0.0,0.0,0.0,2396.300221,0.0,44178.6083392707,2437.330921
8434,161.2584,0.0,0.0,0.0,0.0,0.0,2162.479352,0.0,44178.6083392707,2323.737752
8435,37.9461,0.0,0.0,0.0,2592.43102290951,0.0,8.73691004395552e-14,0.0,41209.0424481945,2630.37712290951
8436,37.7751,0.0,0.0,0.0,2596.2865441008,0.0,1.37398157818504e-13,0.0,38235.0601525464,2634.0616441008
8437,204.4809,0.0,0.0,0.0,2208.42328407789,0.0,1.68541488825863e-13,0.0,35705.3656690665,2412.90418407789
8438,136.1544,0.0,0.0,0.0,2342.53176632302,0.0,-4.5406288922004305e-14,0.0,33022.0532219611,2478.68616632302
8439,0.0,0.0,0.0,0.0,2564.71935853379,0.0,1.43253798794045e-13,0.0,30084.2303599522,2564.71935853379
8440,0.0,0.0,0.0,0.0,2687.74341351661,0.0,-4.320555622576081e-15,0.0,27005.4864727625,2687.74341351661
8441,0.0,0.0,0.0,0.0,2741.35166093929,0.0,9.58190889494036e-14,0.0,23865.335658399,2741.35166093929
8442,0.0,0.0,0.0,0.0,2713.28751431844,0.0,1.30052191492752e-14,0.0,20757.3316328338,2713.28751431844
8443,0.0,0.0,0.0,0.0,2823.3676975945,0.0,5.27637803628425e-14,0.0,17523.2334683498,2823.3676975945
8444,0.0,0.0,0.0,0.0,3079.95418098511,0.0,1.12791472483638e-13,0.0,13995.2218062821,3079.95418098511
8445,0.0,0.0,0.0,0.0,3014.20389461627,0.0,1.89981726163453e-13,0.0,10542.5254779703,3014.20389461627
8446,0.0,0.0,0.0,0.0,2929.55326460481,0.0,7.20517925582783e-14,0.0,7186.79436158446,2929.55326460481
8447,0.0,0.0,0.0,0.0,3131.27147766323,0.0,-8.042074070444901e-16,0.0,3600.0,3131.27147766323
8448,0.0,0.0,0.0,0.0,0.0,0.0,2695.9,12000.0,17094.0,2695.9
8449,0.0,0.0,0.0,0.0,0.0,0.0,2704.0,12000.0,26988.0,2704.0
8450,0.0,0.0,0.0,0.0,0.0,0.0,2561.6,12000.0,36882.0,2561.6
8451,0.0,0.0,0.0,0.0,0.0,0.0,2612.2,12000.0,46776.0,2612.2
8452,0.0,0.0,0.0,0.0,0.0,0.0,2597.3,12000.0,56670.0,2597.3
8453,0.0,0.0,0.0,0.0,0.0,0.0,2531.3,12000.0,66564.0,2531.3
8454,0.0,0.0,0.0,0.0,0.0,0.0,2422.0,2226.80412371134,68400.0,2422.0
8455,0.0,0.0,0.0,0.0,0.0,0.0,2471.0,0.0,68400.0,2471.0
8456,0.0,0.0,0.0,0.0,2944.6735395189,0.0,-1.12548772897869e-13,0.0,65026.948981078,2944.6735395189
8457,0.0,0.0,0.0,0.0,2866.43757159221,0.0,-1.44520062456635e-13,0.0,61743.5153366425,2866.43757159221
8458,51.534,0.0,0.0,0.0,2921.54870561283,0.0,-3.48280538531525e-14,0.0,58396.9532454479,2973.08270561283
8459,289.65,0.0,0.0,0.0,2680.11397479954,0.0,-1.89416280039013e-13,0.0,55326.948692413,2969.76397479954
8460,257.2719,0.0,0.0,0.0,2659.5031580756,0.0,-1.23514526325729e-13,0.0,52280.5533223378,2916.7750580756
8461,157.0203,0.0,0.0,0.0,0.0,0.0,2374.190309,0.0,52280.5533223378,2531.210609
8462,109.407,0.0,0.0,0.0,2708.56266895762,0.0,-6.88576970216601e-14,0.0,49177.9614907713,2817.9696689576203
8463,0.0,0.0,0.0,0.0,2913.63115693013,0.0,-1.30339061931064e-13,0.0,45840.4687566016,2913.63115693013
8464,0.0,0.0,0.0,0.0,2910.76746849943,0.0,3.01816659993282e-14,0.0,42506.2563070032,2910.76746849943
8465,0.0,0.0,0.0,0.0,2929.89690721649,0.0,-3.84512032752289e-14,0.0,39150.1315564688,2929.89690721649
8466,0.0,0.0,0.0,0.0,3085.10882016037,0.0,1.08253155453327e-13,0.0,35616.2153821728,3085.10882016037
8467,0.0,0.0,0.0,0.0,2949.5990836197,0.0,1.4666596663136699e-13,0.0,32237.5222737883,2949.5990836197
8468,0.0,0.0,0.0,0.0,3153.37915234822,0.0,3.87980832392078e-14,0.0,28625.4041153138,3153.37915234822
8469,0.0,0.0,0.0,0.0,3244.21534936999,0.0,-6.381346056128841e-14,0.0,24909.2353302394,3244.21534936999
8470,0.0,0.0,0.0,0.0,3181.21420389462,0.0,-1.27135254850162e-13,0.0,21265.2328057324,3181.21420389462
8471,0.0,0.0,0.0,0.0,0.0,0.0,2819.4,0.0,21265.2328057324,2819.4
8472,0.0,0.0,0.0,0.0,0.0,0.0,2800.6,11232.3019057969,30526.265727062,2800.6
8473,0.0,0.0,0.0,0.0,0.0,0.0,2755.8,0.0,30526.265727062,2755.8
8474,0.0,0.0,0.0,0.0,0.0,0.0,2638.9,12000.0,40420.265727062,2638.9
8475,0.0,0.0,0.0,0.0,0.0,0.0,2617.4,12000.0,50314.265727062,2617.4
8476,0.0,0.0,0.0,0.0,0.0,0.0,2602.0,12000.0,60208.265727062,2602.0
8477,0.0,0.0,0.0,0.0,0.0,0.0,2515.6,0.0,60208.265727062,2515.6
8478,0.0,0.0,0.0,0.0,0.0,0.0,2660.1,0.0,60208.265727062,2660.1
8479,0.0,0.0,0.0,0.0,3143.64261168385,0.0,7.0613102230659e-14,0.0,56607.3005361297,3143.64261168385
8480,0.0,0.0,0.0,0.0,3136.19702176403,0.0,-1.9633681876427299e-13,0.0,53014.8640850827,3136.19702176403
8481,25.5033,0.0,0.0,0.0,3191.13608132875,0.0,1.21174423528687e-13,0.0,49359.4962943281,3216.63938132875
8482,206.7306,0.0,0.0,0.0,2913.02556471936,0.0,-1.7263164131136998e-13,0.0,46022.6972511215,3119.75616471936
8483,21.19488,0.0,0.0,0.0,3205.31611271478,0.0,-3.5233476380521103e-14,0.0,42351.0865836361,3226.51099271478
8484,21.19593,0.0,0.0,0.0,3086.87279255441,0.0,7.68787216865874e-14,0.0,38815.1498224054,3108.0687225544098
8485,249.8775,0.0,0.0,0.0,2863.93908934708,0.0,-9.1319060598943e-14,0.0,35534.5781278497,3113.81658934708
8486,59.9298,0.0,0.0,0.0,2967.54649942726,0.0,-1.2918472514962701e-14,0.0,32135.3266966616,3027.47629942726
8487,0.0,0.0,0.0,0.0,3184.65063001145,0.0,-1.49411770724563e-13,0.0,28487.3878306691,3184.65063001145
8488,0.0,0.0,0.0,0.0,3176.6323024055,0.0,-4.2105639326441e-14,0.0,24848.6337614761,3176.6323024055
8489,0.0,0.0,0.0,0.0,3048.91179839633,0.0,9.50011834504429e-14,0.0,21356.1803841607,3048.91179839633
8490,0.0,0.0,0.0,0.0,3087.97250859107,0.0,6.32382546480966e-14,0.0,17818.9839252935,3087.97250859107
8491,0.0,0.0,0.0,0.0,3086.02520045819,0.0,-1.45494238522911e-13,0.0,14284.0180599347,3086.02520045819
8492,0.0,0.0,0.0,0.0,3164.83390607102,0.0,2.47212630918466e-14,0.0,10658.7787631753,3164.83390607102
8493,0.0,0.0,0.0,0.0,3074.11225658648,0.0,1.6507704049322e-13,0.0,7137.4588816329,3074.11225658648
8494,0.0,0.0,0.0,0.0,3088.20160366552,0.0,-1.42761888348869e-13,0.0,3600.0,3088.20160366552
8495,0.0,0.0,0.0,0.0,0.0,0.0,2810.2,0.0,3600.0,2810.2
8496,0.0,0.0,0.0,0.0,0.0,0.0,2837.8,0.0,7200.0,2837.8
8497,0.0,0.0,0.0,0.0,0.0,0.0,2707.7,9178.4229579129,14767.6097287992,2707.7
8498,0.0,0.0,0.0,0.0,0.0,0.0,2711.7,12000.0,24661.6097287992,2711.7
8499,0.0,0.0,0.0,0.0,0.0,0.0,2681.5,12000.0,34555.6097287992,2681.5
8500,0.0,0.0,0.0,0.0,0.0,0.0,2913.8,12000.0,44449.6097287992,2913.8
8501,0.0,0.0,0.0,0.0,0.0,0.0,2622.5,12000.0,54343.6097287992,2622.5
8502,0.0,0.0,0.0,0.0,0.0,0.0,2828.6,0.0,54343.6097287992,2828.6
8503,0.0,0.0,0.0,0.0,3253.264604811,0.0,6.76245985516939e-14,0.0,50617.0752444796,3253.264604811
8504,0.0,0.0,0.0,0.0,3224.62772050401,0.0,-3.79276561792636e-14,0.0,46923.3436058725,3224.62772050401
8505,113.3718,0.0,0.0,0.0,3071.96947766323,0.0,1.1641526760837299e-13,0.0,43404.478224815,3185.34127766323
8506,145.4361,0.0,0.0,0.0,3154.55553608247,0.0,-1.26727862806173e-13,0.0,39791.0125477445,3299.99163608247
8507,22.42062,0.0,0.0,0.0,3362.02978075601,0.0,-2.2132877206430803e-15,0.0,35939.8902330183,3384.45040075601
8508,22.74918,0.0,0.0,0.0,3252.15726849943,0.0,1.40836955019984e-13,0.0,32214.6241751724,3274.9064484994296
8509,205.5357,0.0,0.0,0.0,2932.79538487973,0.0,-2.29846446144682e-14,0.0,28855.1792898578,3138.33108487973
8510,81.7479,0.0,0.0,0.0,2985.45765979381,0.0,1.5762427203103302e-14,0.0,25435.4110655808,3067.2055597938097
8511,0.0,0.0,0.0,0.0,3178.12142038946,0.0,1.23879788952034e-13,0.0,21794.9512484107,3178.12142038946
8512,0.0,0.0,0.0,0.0,3117.6403207331,0.0,-4.7212650996305604e-14,0.0,18223.7710413854,3117.6403207331
8513,0.0,0.0,0.0,0.0,3107.67468499427,0.0,1.9060251099211099e-13,0.0,14664.006224668,3107.67468499427
8514,0.0,0.0,0.0,0.0,3182.70332187858,0.0,3.88501734283128e-14,0.0,11018.2979521839,3182.70332187858
8515,0.0,0.0,0.0,0.0,3209.96563573883,0.0,7.39141470442541e-14,0.0,7341.36137058162,3209.96563573883
8516,0.0,0.0,0.0,0.0,3266.20847651776,0.0,-1.19708317078495e-13,0.0,3600.0,3266.20847651776
8517,0.0,0.0,0.0,0.0,0.0,0.0,2762.0,0.0,3600.0,2762.0
8518,0.0,0.0,0.0,0.0,0.0,0.0,2738.4,0.0,3600.0,2738.4
8519,0.0,0.0,0.0,0.0,0.0,0.0,2825.9,0.0,3600.0,2825.9
8520,0.0,0.0,0.0,0.0,0.0,0.0,2836.3,0.0,3600.0,2836.3
8521,0.0,0.0,0.0,0.0,0.0,0.0,2792.0,0.0,3600.0,2792.0
8522,0.0,0.0,0.0,0.0,0.0,0.0,2790.2,0.0,3600.0,2790.2
8523,0.0,0.0,0.0,0.0,0.0,0.0,2713.6,8187.30383684419,10350.432013478,2713.6
8524,0.0,0.0,0.0,0.0,0.0,0.0,2606.1,0.0,10350.432013478,2606.1
8525,0.0,0.0,0.0,0.0,0.0,0.0,2493.9,0.0,10350.432013478,2493.9
8526,0.0,0.0,0.0,0.0,0.0,0.0,2654.4,0.0,10350.432013478,2654.4
8527,0.0,0.0,0.0,0.0,0.0,0.0,2724.1,0.0,10350.432013478,2724.1
8528,0.0,0.0,0.0,0.0,0.0,0.0,2630.7,0.0,10350.432013478,2630.7
8529,0.0,0.0,0.0,0.0,2774.5704467354,0.0,1.74094641719221e-13,0.0,7172.22989808812,2774.5704467354
8530,49.8366,0.0,0.0,0.0,0.0,0.0,2635.558498,0.0,7172.22989808812,2685.395098
8531,0.0,0.0,0.0,0.0,0.0,0.0,2794.1,0.0,7172.22989808812,2794.1
8532,19.88172,0.0,0.0,0.0,0.0,0.0,2696.9147316,0.0,7172.22989808812,2716.7964516
8533,156.6186,0.0,0.0,0.0,0.0,0.0,2502.779958,0.0,7172.22989808812,2659.398558
8534,98.8353,0.0,0.0,0.0,0.0,0.0,2532.429759,0.0,7172.22989808812,2631.2650590000003
8535,0.0,0.0,0.0,0.0,0.0,0.0,2651.8,0.0,7172.22989808812,2651.8
8536,0.0,0.0,0.0,0.0,0.0,0.0,2620.8,0.0,7172.22989808812,2620.8
8537,0.0,0.0,0.0,0.0,3118.55670103093,0.0,3.82814787887592e-14,0.0,3600.0,3118.55670103093
8538,0.0,0.0,0.0,0.0,0.0,0.0,2638.9,0.0,3600.0,2638.9
8539,0.0,0.0,0.0,0.0,0.0,0.0,2748.3,0.0,3600.0,2748.3
8540,0.0,0.0,0.0,0.0,0.0,0.0,2837.5,0.0,3600.0,2837.5
8541,0.0,0.0,0.0,0.0,0.0,0.0,2740.0,0.0,3600.0,2740.0
8542,0.0,0.0,0.0,0.0,0.0,0.0,2610.2,0.0,3600.0,2610.2
8543,0.0,0.0,0.0,0.0,0.0,0.0,2609.5,0.0,3600.0,2609.5
8544,0.0,0.0,0.0,0.0,0.0,0.0,2529.5,0.0,7200.0,2529.5
8545,0.0,0.0,0.0,0.0,0.0,0.0,2398.8,0.0,7200.0,2398.8
8546,0.0,0.0,0.0,0.0,0.0,0.0,2500.6,0.0,7200.0,2500.6
8547,0.0,0.0,0.0,0.0,0.0,0.0,2451.4,0.0,7200.0,2451.4
8548,0.0,0.0,0.0,0.0,0.0,0.0,2360.3,12000.0,17094.0,2360.3
8549,0.0,0.0,0.0,0.0,0.0,0.0,2307.2,12000.0,26988.0,2307.2
8550,0.0,0.0,0.0,0.0,0.0,0.0,2221.9,0.0,26988.0,2221.9
8551,0.0,0.0,0.0,0.0,0.0,0.0,2200.5,12000.0,36882.0,2200.5
8552,0.0,0.0,0.0,0.0,0.0,0.0,2182.4,0.0,36882.0,2182.4
8553,31.1931,0.0,0.0,0.0,2492.25967124857,0.0,-1.0124772715783e-14,0.0,34027.1779252594,2523.45277124857
8554,111.3978,0.0,0.0,0.0,2412.4216884307,0.0,1.20700643592696e-13,0.0,31263.8082936091,2523.8194884307004
8555,528.246,0.0,0.0,0.0,1911.68542955326,0.0,-1.43393111970034e-14,0.0,29074.0197145103,2439.93142955326
8556,192.8838,0.0,0.0,0.0,2318.33071477663,0.0,1.10983810079504e-13,0.0,26418.4289759345,2511.21451477663
8557,233.4588,0.0,0.0,0.0,2243.92321191294,0.0,1.19491835469732e-13,0.0,23848.0701994019,2477.38201191294
8558,88.3146,0.0,0.0,0.0,2348.60806185567,0.0,8.739073120597081e-14,0.0,21157.7975054092,2436.92266185567
8559,0.0,0.0,0.0,0.0,2410.08018327606,0.0,1.34793652121481e-13,0.0,18397.1100102476,2410.08018327606
8560,0.0,0.0,0.0,0.0,2294.73081328751,0.0,1.15944109092836e-13,0.0,15768.5523776159,2294.73081328751
8561,0.0,0.0,0.0,0.0,2445.01718213058,0.0,-1.66187033588495e-13,0.0,12967.8454106851,2445.01718213058
8562,0.0,0.0,0.0,0.0,2437.34249713631,0.0,-1.6938389802388e-13,0.0,10175.9296064052,2437.34249713631
8563,0.0,0.0,0.0,0.0,2441.8098510882,0.0,-1.0669136949757901e-14,0.0,7378.89655819422,2441.8098510882
8564,0.0,0.0,0.0,0.0,2472.50859106529,0.0,1.17624147916944e-13,0.0,4546.69885937945,2472.50859106529
8565,0.0,0.0,0.0,0.0,0.0,0.0,2177.8,0.0,4546.69885937945,2177.8
8566,0.0,0.0,0.0,0.0,826.468104238259,0.0,1416.493345,0.0,3600.0,2242.961449238259
8567,0.0,0.0,0.0,0.0,0.0,0.0,2148.9,0.0,3600.0,2148.9
8568,0.0,0.0,0.0,0.0,0.0,0.0,2125.3,0.0,3600.0,2125.3
8569,0.0,0.0,0.0,0.0,0.0,0.0,2092.4,0.0,3600.0,2092.4
8570,0.0,0.0,0.0,0.0,0.0,0.0,2077.5,12000.0,13494.0,2077.5
8571,0.0,0.0,0.0,0.0,0.0,0.0,2137.2,12000.0,23388.0,2137.2
8572,0.0,0.0,0.0,0.0,0.0,0.0,2031.5,12000.0,33282.0,2031.5
8573,0.0,0.0,0.0,0.0,0.0,0.0,2043.9,12000.0,43176.0,2043.9
8574,0.0,0.0,0.0,0.0,0.0,0.0,2096.2,2656.60780313171,45366.3731336821,2096.2
8575,0.0,0.0,0.0,0.0,0.0,0.0,2113.9,0.0,45366.3731336821,2113.9
8576,0.0,0.0,0.0,0.0,0.0,0.0,2104.1,0.0,45366.3731336821,2104.1
8577,60.9645,0.0,0.0,0.0,2358.60760022909,0.0,9.422970421764831e-14,0.0,42664.6462147484,2419.57210022909
8578,187.7988,0.0,0.0,0.0,2206.34039404353,0.0,4.3482267376126605e-14,0.0,40137.3376305061,2394.13919404353
8579,318.273,0.0,0.0,0.0,2056.32896907216,0.0,1.94646661400583e-13,0.0,37781.8634391291,2374.60196907216
8580,222.8778,0.0,0.0,0.0,2145.14150515464,0.0,1.1476889040045999e-13,0.0,35324.6566749199,2368.0193051546403
8581,278.2515,0.0,0.0,0.0,2149.13636311569,0.0,1.00224071465355e-13,0.0,32862.8738993005,2427.38786311569
8582,66.4074,0.0,0.0,0.0,2323.80850171821,0.0,1.07355561776711e-13,0.0,30201.0084906886,2390.2159017182103
8583,0.0,0.0,0.0,0.0,2405.15463917526,0.0,-1.24421087407755e-13,0.0,27445.9630849895,2405.15463917526
8584,0.0,0.0,0.0,0.0,2413.17296678121,0.0,-1.73974305243296e-13,0.0,24681.732882491,2413.17296678121
8585,0.0,0.0,0.0,0.0,2409.16380297824,0.0,1.07052435898997e-13,0.0,21922.0950783922,2409.16380297824
8586,0.0,0.0,0.0,0.0,2576.74684994273,0.0,-1.29573246621208e-13,0.0,18970.4950211841,2576.74684994273
8587,0.0,0.0,0.0,0.0,2673.88316151203,0.0,9.751823022254771e-14,0.0,15907.6277113192,2673.88316151203
8588,0.0,0.0,0.0,0.0,2668.61397479954,0.0,-5.11935134731808e-14,0.0,12850.7961250654,2668.61397479954
8589,0.0,0.0,0.0,0.0,2725.88774341352,0.0,-6.38247006474062e-14,0.0,9728.35884738673,2725.88774341352
8590,0.0,0.0,0.0,0.0,2706.52920962199,0.0,9.53024844989549e-14,0.0,6628.09629340965,2706.52920962199
8591,0.0,0.0,0.0,0.0,2643.52806414662,0.0,-8.35251369150807e-14,0.0,3600.0,2643.52806414662
8592,0.0,0.0,0.0,0.0,0.0,0.0,2446.2,1997.74144501962,8847.13782141868,2446.2
8593,0.0,0.0,0.0,0.0,0.0,0.0,2459.6,0.0,8847.13782141868,2459.6
8594,0.0,0.0,0.0,0.0,0.0,0.0,2427.4,12000.0,18741.1378214187,2427.4
8595,0.0,0.0,0.0,0.0,0.0,0.0,2436.1,12000.0,28635.1378214187,2436.1
8596,0.0,0.0,0.0,0.0,0.0,0.0,2406.2,12000.0,38529.1378214187,2406.2
8597,0.0,0.0,0.0,0.0,0.0,0.0,2458.1,12000.0,48423.1378214187,2458.1
8598,0.0,0.0,0.0,0.0,0.0,0.0,2558.8,0.0,48423.1378214187,2558.8
8599,0.0,0.0,0.0,0.0,0.0,0.0,2618.5,0.0,48423.1378214187,2618.5
8600,0.0,0.0,0.0,0.0,0.0,0.0,2612.1,0.0,48423.1378214187,2612.1
8601,20.01189,0.0,0.0,0.0,3004.79778545246,0.0,-1.7428761050295e-13,0.0,44981.2159595029,3024.8096754524604
8602,33.8886,0.0,0.0,0.0,3031.53271248568,0.0,8.223738616750199e-14,0.0,41508.6698970909,3065.42131248568
8603,50.415,0.0,0.0,0.0,2990.26053837343,0.0,-1.19686295747573e-14,0.0,38083.4000936849,3040.67553837343
8604,1821.507,0.0,0.0,0.0,1058.80665521191,0.0,-7.7699967961543e-14,0.0,36870.5631461341,2880.3136552119104
8605,309.834,0.0,0.0,0.0,2711.41010309278,0.0,5.3019651075013e-14,0.0,33764.7096488915,3021.24410309278
8606,0.0,0.0,0.0,0.0,2992.89805269187,0.0,1.40376418138807e-13,0.0,30336.4186377897,2992.89805269187
8607,0.0,0.0,0.0,0.0,3010.53837342497,0.0,-3.64889658516443e-14,0.0,26887.921073729,3010.53837342497
8608,0.0,0.0,0.0,0.0,3010.99656357388,0.0,-5.14948145216929e-14,0.0,23438.8986641369,3010.99656357388
8609,0.0,0.0,0.0,0.0,2937.22794959908,0.0,7.52486569936634e-14,0.0,20074.3763851002,2937.22794959908
8610,0.0,0.0,0.0,0.0,2926.68957617411,0.0,1.74819606926089e-13,0.0,16721.9255532856,2926.68957617411
8611,0.0,0.0,0.0,0.0,2946.50630011455,0.0,6.86573109679762e-16,0.0,13346.775152238,2946.50630011455
8612,0.0,0.0,0.0,0.0,2822.22222222222,0.0,-1.65971730186559e-13,0.0,10113.9891015825,2822.22222222222
8613,0.0,0.0,0.0,0.0,2749.02634593356,0.0,9.901595338478861e-14,0.0,6965.04712456815,2749.02634593356
8614,0.0,0.0,0.0,0.0,2937.686139748,0.0,1.17995721886196e-13,0.0,3600.0,2937.686139748
8615,0.0,0.0,0.0,0.0,0.0,0.0,2542.5,0.0,3600.0,2542.5
8616,0.0,0.0,0.0,0.0,0.0,0.0,2596.9,0.0,3600.0,2596.9
8617,0.0,0.0,0.0,0.0,0.0,0.0,2593.3,0.0,3600.0,2593.3
8618,0.0,0.0,0.0,0.0,0.0,0.0,2585.0,9395.70941499384,11346.7624126624,2585.0
8619,0.0,0.0,0.0,0.0,0.0,0.0,2584.6,12000.0,21240.7624126624,2584.6
8620,0.0,0.0,0.0,0.0,0.0,0.0,2521.8,12000.0,31134.7624126624,2521.8
8621,0.0,0.0,0.0,0.0,0.0,0.0,2442.3,12000.0,41028.7624126624,2442.3
8622,0.0,0.0,0.0,0.0,0.0,0.0,2345.3,0.0,41028.7624126624,2345.3
8623,0.0,0.0,0.0,0.0,0.0,0.0,2221.4,0.0,41028.7624126624,2221.4
8624,0.0,0.0,0.0,0.0,0.0,0.0,2235.1,0.0,41028.7624126624,2235.1
8625,6.68196,0.0,0.0,0.0,2517.20332050401,0.0,-2.41776317713089e-14,0.0,38145.3680020049,2523.88528050401
8626,218.7837,0.0,0.0,0.0,2362.06163917526,0.0,-1.26297876349652e-14,0.0,35439.6845665235,2580.84533917526
8627,461.88,0.0,0.0,0.0,2112.2295532646,0.0,-3.8994177570002704e-14,0.0,33020.177632658,2574.1095532646
8628,33.7659,0.0,0.0,0.0,2477.48806071019,0.0,1.3536813991647699e-13,0.0,30182.276073998,2511.25396071019
8629,248.4294,0.0,0.0,0.0,2364.74625658648,0.0,8.51456616441242e-14,0.0,27473.517475388,2613.17565658648
8630,0.0,0.0,0.0,0.0,2552.00458190149,0.0,1.82339484989849e-13,0.0,24550.2590768754,2552.00458190149
8631,0.0,0.0,0.0,0.0,2522.22222222222,0.0,1.39540329908212e-13,0.0,21661.1156379038,2522.22222222222
8632,0.0,0.0,0.0,0.0,2644.44444444444,0.0,5.972190643256499e-14,0.0,18631.9696534314,2644.44444444444
8633,0.0,0.0,0.0,0.0,2622.45131729668,0.0,1.15616762949771e-13,0.0,15628.0162544661,2622.45131729668
8634,0.0,0.0,0.0,0.0,2647.42268041237,0.0,-5.3016743343683504e-15,0.0,12595.4587740396,2647.42268041237
8635,0.0,0.0,0.0,0.0,2569.53035509737,0.0,-1.47775959726642e-13,0.0,9652.12503395094,2569.53035509737
8636,0.0,0.0,0.0,0.0,2584.99427262314,0.0,1.1867829870167999e-14,0.0,6691.07775717759,2584.99427262314
8637,0.0,0.0,0.0,0.0,2698.51088201604,0.0,8.710278877191521e-14,0.0,3600.0,2698.51088201604
8638,0.0,0.0,0.0,0.0,0.0,0.0,2294.3,0.0,3600.0,2294.3
8639,0.0,0.0,0.0,0.0,0.0,0.0,2316.7,0.0,3600.0,2316.7
8640,0.0,0.0,0.0,0.0,0.0,0.0,2305.8,0.0,7200.0,2305.8
8641,0.0,0.0,0.0,0.0,0.0,0.0,2281.8,12000.0,17094.0,2281.8
8642,0.0,0.0,0.0,0.0,0.0,0.0,2229.2,12000.0,26988.0,2229.2
8643,0.0,0.0,0.0,0.0,0.0,0.0,2238.6,12000.0,36882.0,2238.6
8644,0.0,0.0,0.0,0.0,0.0,0.0,2310.5,12000.0,46776.0,2310.5
8645,0.0,0.0,0.0,0.0,0.0,0.0,2209.3,12000.0,56670.0,2209.3
8646,0.0,0.0,0.0,0.0,0.0,0.0,2273.5,12000.0,66564.0,2273.5
8647,0.0,0.0,0.0,0.0,0.0,0.0,2335.2,2226.80412371134,68400.0,2335.2
8648,0.0,0.0,0.0,0.0,0.0,0.0,2478.6,0.0,68400.0,2478.6
8649,29.10147,0.0,0.0,0.0,0.0,0.0,2336.6715741,0.0,68400.0,2365.7730441
8650,438.132,0.0,0.0,0.0,2186.84073310424,0.0,9.847205847731331e-14,0.0,65895.0277971314,2624.97273310424
8651,430.275,0.0,0.0,0.0,966.57534707904,0.0,1113.312972,0.0,64787.8395415999,2510.16331907904
8652,192.2343,0.0,0.0,0.0,0.0,0.0,2075.032729,0.0,64787.8395415999,2267.267029
8653,1419.969,0.0,0.0,0.0,0.0,0.0,816.730070000001,0.0,64787.8395415999,2236.699070000001
8654,230.7138,0.0,0.0,0.0,0.0,0.0,1923.507614,0.0,64787.8395415999,2154.221414
8655,0.0,0.0,0.0,0.0,0.0,0.0,2316.1,0.0,64787.8395415999,2316.1
8656,0.0,0.0,0.0,0.0,2741.8098510882,0.0,1.3856615384193599e-13,0.0,61647.1638817051,2741.8098510882
8657,0.0,0.0,0.0,0.0,2713.40206185567,0.0,1.0850236631273399e-13,0.0,58539.028644757,2713.40206185567
8658,0.0,0.0,0.0,0.0,2681.21420389462,0.0,-1.85776346832443e-13,0.0,55467.7638063897,2681.21420389462
8659,0.0,0.0,0.0,0.0,2618.90034364261,0.0,-1.53567819018672e-14,0.0,52467.8779602928,2618.90034364261
8660,0.0,0.0,0.0,0.0,2707.56013745705,0.0,-1.20700675876405e-13,0.0,49366.4345038701,2707.56013745705
8661,0.0,0.0,0.0,0.0,0.0,0.0,2366.3,0.0,49366.4345038701,2366.3
8662,0.0,0.0,0.0,0.0,0.0,0.0,2369.5,0.0,49366.4345038701,2369.5
8663,0.0,0.0,0.0,0.0,0.0,0.0,2430.0,0.0,49366.4345038701,2430.0
8664,0.0,0.0,0.0,0.0,0.0,0.0,2465.6,0.0,49366.4345038701,2465.6
8665,0.0,0.0,0.0,0.0,0.0,0.0,2274.7,0.0,49366.4345038701,2274.7
8666,0.0,0.0,0.0,0.0,0.0,0.0,2657.3,0.0,49366.4345038701,2657.3
8667,0.0,0.0,0.0,0.0,0.0,0.0,2685.6,0.0,49366.4345038701,2685.6
8668,0.0,0.0,0.0,0.0,0.0,0.0,2612.4,0.0,49366.4345038701,2612.4
8669,0.0,0.0,0.0,0.0,0.0,0.0,2576.6,0.0,49366.4345038701,2576.6
8670,0.0,0.0,0.0,0.0,0.0,0.0,2750.6,0.0,49366.4345038701,2750.6
8671,0.0,0.0,0.0,0.0,0.0,0.0,2828.5,0.0,49366.4345038701,2828.5
8672,0.0,0.0,0.0,0.0,3063.57388316151,0.0,-1.32346446898237e-13,0.0,45857.1860695499,3063.57388316151
8673,57.6741,0.0,0.0,0.0,3084.71491752577,0.0,-7.8648705472649e-14,0.0,42323.721101021,3142.38901752577
8674,178.4811,0.0,0.0,0.0,3022.76441351661,0.0,1.42703208207558e-13,0.0,38861.2189091348,3201.24551351661
8675,520.566,0.0,0.0,0.0,2612.20043528064,0.0,-5.1748471400826503e-14,0.0,35869.0076430631,3132.76643528064
8676,260.2335,0.0,0.0,0.0,2887.94215922108,0.0,-3.670674047523e-14,0.0,32560.9410231076,3148.17565922108
8677,145.9083,0.0,0.0,0.0,3053.68722680412,0.0,5.13539206302556e-14,0.0,29063.017510159,3199.5955268041203
8678,92.8824,0.0,0.0,0.0,3073.42963573883,0.0,8.77687782643101e-14,0.0,25542.4795539863,3166.3120357388298
8679,0.0,0.0,0.0,0.0,3182.93241695304,0.0,-1.09397056006072e-13,0.0,21896.5088587365,3182.93241695304
8680,0.0,0.0,0.0,0.0,3234.47880870561,0.0,2.5754471992743802e-14,0.0,18191.4930412043,3234.47880870561
8681,0.0,0.0,0.0,0.0,3262.77205040092,0.0,1.84056808994628e-13,0.0,14454.0680121082,3262.77205040092
8682,0.0,0.0,0.0,0.0,3224.62772050401,0.0,-3.79276561792636e-14,0.0,10760.3363735011,3224.62772050401
8683,0.0,0.0,0.0,0.0,3118.90034364261,0.0,-7.2221517044748e-14,0.0,7187.71284126441,3118.90034364261
8684,0.0,0.0,0.0,0.0,3132.07331042383,0.0,-1.08072247854384e-14,0.0,3600.0,3132.07331042383
8685,0.0,0.0,0.0,0.0,0.0,0.0,2688.4,0.0,3600.0,2688.4
8686,0.0,0.0,0.0,0.0,0.0,0.0,2704.5,0.0,3600.0,2704.5
8687,0.0,0.0,0.0,0.0,0.0,0.0,2667.0,0.0,3600.0,2667.0
8688,0.0,0.0,0.0,0.0,2981.78694158076,0.0,4.39502424526608e-14,0.0,3784.43649303464,2981.78694158076
8689,0.0,0.0,0.0,0.0,0.0,0.0,2629.3,0.0,3784.43649303464,2629.3
8690,0.0,0.0,0.0,0.0,0.0,0.0,2608.9,2838.76212711557,6124.99586684143,2608.9
8691,0.0,0.0,0.0,0.0,0.0,0.0,2543.0,12000.0,16018.9958668414,2543.0
8692,0.0,0.0,0.0,0.0,0.0,0.0,2512.3,12000.0,25912.9958668414,2512.3
8693,0.0,0.0,0.0,0.0,0.0,0.0,2468.3,12000.0,35806.9958668414,2468.3
8694,0.0,0.0,0.0,0.0,0.0,0.0,2655.3,12000.0,45700.9958668414,2655.3
8695,0.0,0.0,0.0,0.0,0.0,0.0,2692.8,0.0,45700.9958668414,2692.8
8696,0.0,0.0,0.0,0.0,3093.81443298969,0.0,-1.04553140486648e-13,0.0,42157.1076274489,3093.81443298969
8697,22.9239,0.0,0.0,0.0,3019.54618213058,0.0,3.7196106074565104e-14,0.0,38698.2918403577,3042.47008213058
8698,51.2775,0.0,0.0,0.0,3105.10976517755,0.0,-1.58573425232022e-14,0.0,35141.4650761223,3156.38726517755
8699,0.0,0.0,0.0,0.0,3223.82588774341,0.0,-2.79246388008697e-14,0.0,31448.6519171951,3223.82588774341
8700,725.1,0.0,0.0,0.0,2278.41122565865,0.0,-1.28738955095182e-13,0.0,28838.787970278,3003.51122565865
8701,189.4065,0.0,0.0,0.0,2891.38109392898,0.0,-1.4493050121102e-13,0.0,25526.7821353078,3080.78759392898
8702,88.9314,0.0,0.0,0.0,2969.80130813288,0.0,-4.56562764339223e-14,0.0,22124.9478762782,3058.73270813288
8703,0.0,0.0,0.0,0.0,3203.09278350515,0.0,6.07142652304751e-14,0.0,18455.8839776468,3203.09278350515
8704,0.0,0.0,0.0,0.0,0.0,0.0,2779.5,0.0,18455.8839776468,2779.5
8705,0.0,0.0,0.0,0.0,3204.35280641466,0.0,3.5705399182032704e-14,0.0,14785.3767538041,3204.35280641466
8706,0.0,0.0,0.0,0.0,3251.20274914089,0.0,1.0263648197852999e-13,0.0,11061.2040743759,3251.20274914089
8707,0.0,0.0,0.0,0.0,3216.3802978236,0.0,1.59872791090662e-13,0.0,7376.91965533394,3216.3802978236
8708,0.0,0.0,0.0,0.0,3297.25085910653,0.0,-1.0191802804529999e-13,0.0,3600.0,3297.25085910653
8709,0.0,0.0,0.0,0.0,0.0,0.0,2746.4,0.0,3600.0,2746.4
8710,0.0,0.0,0.0,0.0,0.0,0.0,2638.3,0.0,3600.0,2638.3
8711,0.0,0.0,0.0,0.0,0.0,0.0,2658.1,0.0,3600.0,2658.1
8712,0.0,0.0,0.0,0.0,0.0,0.0,2587.6,0.0,3600.0,2587.6
8713,0.0,0.0,0.0,0.0,0.0,0.0,2575.5,0.0,3600.0,2575.5
8714,0.0,0.0,0.0,0.0,0.0,0.0,2598.5,0.0,3600.0,2598.5
8715,0.0,0.0,0.0,0.0,0.0,0.0,2535.9,1325.48536011542,4692.86267941517,2535.9
8716,0.0,0.0,0.0,0.0,0.0,0.0,2512.2,12000.0,14586.8626794152,2512.2
8717,0.0,0.0,0.0,0.0,0.0,0.0,2487.3,12000.0,24480.8626794152,2487.3
8718,0.0,0.0,0.0,0.0,0.0,0.0,2676.4,12000.0,34374.8626794152,2676.4
8719,0.0,0.0,0.0,0.0,0.0,0.0,2627.2,0.0,34374.8626794152,2627.2
8720,0.0,0.0,0.0,0.0,0.0,0.0,2691.6,0.0,34374.8626794152,2691.6
8721,33.5358,0.0,0.0,0.0,0.0,0.0,2664.270274,0.0,34374.8626794152,2697.806074
8722,112.635,0.0,0.0,0.0,0.0,0.0,2630.44405,0.0,34374.8626794152,2743.0790500000003
8723,99.1626,0.0,0.0,0.0,0.0,0.0,2651.412278,0.0,34374.8626794152,2750.574878
8724,304.623,0.0,0.0,0.0,2777.9102978236,0.0,-2.0531291692862702e-14,0.0,31192.8348468566,3082.5332978236
8725,158.0001,0.0,0.0,0.0,2830.8589954181,0.0,1.49183525968898e-13,0.0,27950.1555852093,2988.8590954181004
8726,47.4642,0.0,0.0,0.0,3082.0844513173,0.0,2.6848007286370503e-14,0.0,24419.7037509398,3129.5486513173
8727,0.0,0.0,0.0,0.0,3121.3058419244,0.0,-1.59983482742511e-13,0.0,20844.3247796633,3121.3058419244
8728,0.0,0.0,0.0,0.0,3096.21993127148,0.0,-1.9231510618441e-13,0.0,17297.6811012309,3096.21993127148
8729,0.0,0.0,0.0,0.0,3157.84650630011,0.0,-1.41728679447972e-13,0.0,13680.4456988253,3157.84650630011
8730,0.0,0.0,0.0,0.0,3064.37571592211,0.0,1.96892059484672e-13,0.0,10170.2787848251,3064.37571592211
8731,0.0,0.0,0.0,0.0,2875.94501718213,0.0,-2.80878520137013e-14,0.0,6875.95459561308,2875.94501718213
8732,0.0,0.0,0.0,0.0,2859.90836197022,0.0,1.28771497219962e-13,0.0,3600.0,2859.90836197022
8733,0.0,0.0,0.0,0.0,0.0,0.0,2575.0,0.0,3600.0,2575.0
8734,0.0,0.0,0.0,0.0,0.0,0.0,2427.5,0.0,3600.0,2427.5
8735,0.0,0.0,0.0,0.0,0.0,0.0,2349.6,0.0,3600.0,2349.6
